1.00176
0.999297
0.948962
0.976597
0.960313
1.0141
1.01558
0.99535
1.02496
0.988934
0.991895
1.00522
0.997817
1.01163
0.976597
1.00769
1.00818
1.02249
0.994856
1.02052
0.990908
0.983013
0.978078
0.994363
1.03039
0.999791
0.97265
1.03088
0.949456
1.02002
0.976597
1.00275
0.987947
1.01114
1.0215
0.99683
0.991895
1.01361
0.968702
1.00275
0.998804
0.988934
1.00769
1.01163
1.01262
0.990415
0.963767
1.01608
0.982026
1.00078
1.00028
0.968208
1.0067
1.01114
1.01213
0.995843
0.970182
1.0215
0.973143
0.996337
0.978571
1.00818
0.989428
1.02693
1.00374
1.00473
0.977584
1.01509
1.00374
1.02743
0.984493
0.99535
0.991895
1.00818
0.975117
1.01953
1.00028
1.01262
0.981039
0.991402
0.988934
1.01608
1.00127
1.01608
0.980052
1.04519
0.985973
1.00176
0.993376
1.00917
0.997817
0.997324
0.993376
1.02002
0.997324
1.01213
1.00078
1.02101
0.990908
1.02792
1.00769
0.997324
1.00078
0.994856
1.0146
0.99683
1.00473
0.982519
1.01904
1.02841
1.00176
1.0521
1.00325
1.00522
1.00127
1.00176
1.00078
0.993869
1.00325
1.01657
0.999297
0.983506
1.00966
1.02397
0.993869
1.0146
0.997324
1.02397
1.01805
1.00176
1.00917
0.995843
1.00325
0.994856
0.978078
0.99831
0.968702
0.971663
0.992882
1.01213
1.00621
0.965247
0.988934
1.022
0.996337
0.989921
1.02644
1.03384
1.01361
0.996337
1.01657
1.01756
0.99535
1.02496
1.02298
0.966728
1.03828
0.973636
0.993376
0.987454
0.950936
0.972156
1.01509
0.994363
1.00818
1.03532
0.996337
1.01756
1.00867
0.977584
0.989921
1.022
0.992882
0.977584
1.02446
0.982026
1.02348
1.00275
1.00028
0.998804
0.99683
0.995843
0.993869
1.00867
0.996337
0.992882
1.00917
0.988934
1.02002
1.00818
1.02545
1.0141
0.97561
0.98696
0.997324
0.983013
1.00769
1.00917
1.01953
0.984493
1.01065
1.01558
1.01114
1.04075
1.00078
1.01114
0.980545
0.969195
1.01657
1.00818
0.986467
1.0067
1.00176
1.00769
1.01065
1.00818
0.992389
1.00522
1.03187
1.02249
1.00719
0.963273
0.999297
1.00028
0.994363
0.98548
1.02496
1.00769
0.993376
1.01904
0.986467
1.0215
1.01805
0.993869
1.01904
0.986467
0.975117
0.971663
0.986467
0.987947
1.00374
1.00621
1.00966
1.01854
1.01558
1.01262
1.02545
0.99535
0.965741
1.01114
0.99831
0.967715
0.980052
0.979558
0.97561
1.00423
1.00325
0.99831
1.00028
1.02496
0.990415
1.0368
0.995843
0.99831
1.01262
0.984987
1.00473
0.981039
0.994363
1.00028
1.00966
0.991402
1.02298
1.03532
0.975117
0.997817
0.987947
0.990415
0.948962
1.00473
1.01163
1.00423
0.970182
1.00522
1.02249
1.01854
1.00127
0.979065
1.00867
0.980545
0.963273
0.991895
0.997324
0.992882
0.998804
0.99535
1.00769
0.992389
0.98696
0.989921
1.00275
0.990415
1.00275
0.995843
1.00966
0.999791
0.99683
1.0067
0.99831
1.02792
1.02792
1.0442
1.01262
0.992882
1.01015
1.03039
1.00867
0.988441
0.994363
1.01213
1.01657
1.01854
1.00374
0.969195
0.99831
1.02397
1.00818
1.01262
1.00226
0.994856
0.979065
0.992882
1.00571
0.998804
1.00917
0.96426
0.964754
0.993376
1.02002
0.987454
1.00127
0.981039
0.962286
0.990415
1.00917
1.02841
1.02446
1.00473
0.997324
0.963767
1.00226
1.01015
1.00867
0.988441
0.979558
0.988934
0.993376
0.969689
0.991402
1.00078
0.976597
0.97561
1.02052
0.979065
0.989921
1.01509
0.972156
0.959326
1.02891
0.99683
0.991895
1.00621
1.0146
1.01361
0.98548
1.00325
0.985973
0.990908
0.973636
1.00769
1.02446
0.999297
1.00325
1.02693
1.00473
1.03187
1.00621
0.992882
1.00769
0.995843
0.976104
0.99831
1.00078
1.00028
0.979558
1.03976
1.04174
1.01509
0.990908
1.0294
1.0067
0.987947
1.00374
0.992882
0.998804
0.997324
1.02545
0.989921
0.984987
1.00473
0.993869
0.984
1.00374
0.980052
1.00867
0.988441
0.989921
1.02545
1.03532
1.00966
0.996337
1.03384
1.03384
1.00571
1.00719
1.0067
0.984493
1.00719
1.01114
1.02101
1.02397
0.997817
0.98548
0.99535
1.04026
0.988441
1.01805
0.998804
0.986467
1.00769
0.991402
0.980545
0.969689
1.00571
1.01608
1.02397
0.987947
0.972156
1.05013
0.987947
0.98548
1.02101
1.00127
0.999297
1.01361
1.00078
1.01114
1.01361
0.995843
0.988934
1.02644
0.986467
1.00127
0.977584
0.998804
1.00867
1.01657
0.98548
1.00571
1.01015
0.989428
1.01213
0.99831
1.04914
1.00473
0.984987
1.0373
1.01608
0.959326
0.988934
1.0067
0.99831
0.965741
1.01262
1.00966
0.985973
1.01558
0.993376
1.00325
0.982026
1.00571
0.991402
1.00275
1.01361
0.990908
1.01558
1.02249
1.00325
0.994363
0.997324
0.977091
1.00325
1.01854
0.993869
1.0373
0.980545
0.990908
1.00176
1.01262
0.987454
1.00719
1.02595
1.01805
1.00621
0.966234
0.999297
0.984
0.997817
1.01805
1.0146
1.00275
1.00423
0.980052
1.03335
1.02595
0.978078
0.980052
1.01509
0.980545
0.959819
1.01262
1.00769
1.01805
0.965741
0.98548
0.988934
1.00867
0.978571
1.00275
1.00571
1.01904
0.987454
1.00571
1.00571
0.99831
0.99683
1.02693
0.986467
1.02348
1.02989
1.01361
0.992882
0.998804
1.00867
0.994856
1.02446
0.998804
1.00423
0.999791
0.979065
0.987947
1.00473
0.984493
0.997817
0.994363
0.980545
0.99535
0.99535
1.01361
0.994363
1.02644
1.00028
0.988441
0.958339
1.0294
0.988441
1.0294
0.999791
0.997817
1.0215
0.989921
0.996337
1.02101
1.022
0.997817
1.00571
1.00522
0.987454
1.022
0.99831
1.00818
0.991402
1.01657
1.00966
0.97413
1.0215
0.99831
1.01953
1.00176
1.00621
1.02891
0.969689
0.994363
0.984493
1.01262
1.02841
0.992882
1.00176
0.983013
1.01904
0.98696
0.990415
0.994363
0.98548
0.999297
1.01015
1.03039
0.99683
0.998804
1.01361
1.01509
0.975117
0.997817
1.02841
0.987947
1.00127
1.02644
1.00423
0.984987
1.01114
0.988441
0.985973
0.994363
0.992389
1.0146
0.968702
0.973143
0.97413
0.992389
0.98548
0.992389
1.02298
0.996337
0.991895
0.993869
0.994856
1.00325
1.02841
1.0368
0.983506
0.984987
0.98548
1.01953
1.00818
0.990908
1.00078
0.991895
1.02002
1.02693
1.01805
1.01262
0.987454
0.996337
1.00966
0.993869
0.986467
1.02002
1.01114
1.00325
0.99683
0.99683
0.983013
0.991402
1.022
1.01706
1.00423
0.978078
0.991402
1.00571
0.979558
1.00522
1.00966
0.992882
0.991402
1.00176
0.989921
0.98548
0.993376
0.986467
0.98548
1.01558
1.00325
0.992882
1.01805
1.01657
0.984
0.992882
1.0067
0.993869
0.989921
1.01558
1.02249
0.97265
0.979558
0.983506
0.992882
0.997324
1.00176
1.01706
1.01163
1.00374
0.993376
1.02891
1.01706
0.994856
0.988934
1.00522
1.02545
0.979558
0.964754
0.981039
1.02989
0.966234
0.987947
0.99683
1.00473
0.982026
1.01114
0.986467
1.03384
1.00325
1.02743
1.00325
0.992389
1.03137
0.987947
1.00769
1.01608
0.967715
1.00917
0.968702
0.960806
1.0141
0.962286
0.984
1.01213
0.984
0.979558
0.997817
1.00473
1.00769
0.993376
1.01509
1.01065
0.99683
0.984987
1.00769
1.00522
0.98696
1.02002
1.00719
0.991895
1.02348
1.01065
1.01706
0.999297
0.992882
0.96278
0.982026
0.989428
1.02743
0.993869
1.01854
1.03236
1.00423
0.984987
1.01361
0.983013
0.971663
0.984493
1.05161
1.03039
0.998804
0.981039
1.00028
1.01213
1.00127
1.00127
0.978078
0.973636
0.993376
0.991402
0.992882
1.04272
1.02002
0.997817
0.996337
1.00374
0.99535
1.00374
0.983013
0.980545
0.971169
1.00867
1.02496
1.01805
1.01854
0.991402
1.00719
0.967221
0.982026
1.00719
1.00966
0.988441
1.00917
1.00325
1.02101
0.984
0.999791
1.00275
1.00176
0.981039
1.00176
1.01361
0.986467
1.03088
0.992389
0.981532
1.02693
1.00423
0.972156
1.00769
1.01953
1.00621
1.00226
0.984
0.984493
0.987454
1.00917
1.0067
1.03631
0.985973
0.97561
0.984987
1.01015
1.00621
0.977091
0.992882
0.98696
1.00719
1.02002
0.973636
1.00917
1.00719
1.01657
1.01756
1.022
0.997324
0.997817
0.983013
0.999297
0.980052
0.987454
0.976104
1.00522
1.01805
1.01311
0.982519
0.988934
0.97561
0.981532
0.997817
0.997324
0.979558
1.00127
1.00719
1.01361
0.99831
0.99831
1.00571
1.01854
1.02052
0.960806
0.968208
1.00325
0.995843
0.981039
1.0146
1.01904
0.994856
0.958339
0.984987
1.00078
0.978571
0.982026
0.984987
1.03236
1.00325
1.01558
1.02841
0.972156
1.01015
1.02249
0.992882
0.975117
0.991895
0.998804
1.00571
1.00078
1.022
0.996337
1.02249
0.993869
1.0141
1.01805
1.00374
0.986467
1.00176
1.01706
0.983506
0.999791
0.993376
0.996337
1.02792
0.989921
1.01163
0.985973
1.00719
0.976597
1.00769
1.0141
1.01509
0.973143
0.981039
1.01262
1.00028
1.00719
0.984987
0.988441
0.989921
1.00078
1.03039
0.991895
0.999791
1.01706
1.01262
1.01953
0.990908
0.968702
1.00473
1.04914
0.967221
1.00769
0.962286
1.00028
1.00966
1.00078
0.999791
1.03828
1.02348
1.01015
1.0067
0.996337
1.03532
0.99831
0.986467
1.01657
0.981532
0.984493
1.00966
1.00078
1.00078
0.988934
0.991895
0.989921
1.00325
1.02644
1.01756
1.02743
0.996337
0.999791
1.01163
0.982519
1.00571
0.997324
0.987947
0.98548
0.999791
0.990908
1.00966
1.00226
0.983506
0.951923
0.998804
0.982026
0.976597
0.968702
1.02743
1.00028
1.01904
1.00522
0.970676
1.01361
1.01311
0.993869
0.989921
1.00917
0.967715
1.01706
0.985973
1.0146
1.01015
1.00423
1.00275
0.987454
1.03088
1.00275
1.03384
0.974623
0.99683
0.971663
0.977091
0.989921
1.00226
0.993869
1.01015
0.988934
0.982026
1.02989
0.983506
1.02446
1.00423
1.01213
1.022
1.01608
0.986467
0.987947
0.992389
1.00275
0.98548
0.968208
1.01558
1.00325
1.00719
0.993869
1.00423
1.0141
0.973636
1.00522
1.01361
1.00867
1.0067
0.968208
0.994856
1.00275
0.963767
1.00127
1.00966
1.00176
0.989428
1.02397
1.01904
0.988934
1.01361
0.99831
1.01558
1.0141
0.99535
1.00571
1.00374
0.990415
0.971169
1.01114
1.01608
1.00176
0.971663
0.993869
1.00769
1.02052
0.993376
1.00522
0.997324
0.989428
0.988934
1.02298
1.00325
0.985973
1.01311
1.00818
0.976597
0.998804
0.988441
1.00719
1.02841
0.977091
0.988441
1.01213
0.988441
1.02595
0.981532
1.01706
1.01558
1.02101
0.996337
0.989921
1.04026
1.02002
0.968208
1.00078
0.994856
0.994856
1.00571
1.03335
0.99683
1.01114
1.02298
0.990415
0.986467
0.981039
0.975117
0.994856
0.99535
0.993869
1.00374
1.01015
1.01558
1.03285
0.97561
0.994363
0.967715
1.022
1.00423
0.984493
0.999297
1.01213
1.0146
1.01558
1.01361
0.997324
0.99683
0.992882
0.968208
1.02743
1.01608
0.968702
1.01114
0.988934
1.01854
1.00028
0.999791
0.984
0.991895
1.02101
1.01311
0.992882
0.980545
0.989428
0.999791
0.999297
1.03236
0.971169
0.99535
0.993869
0.98696
0.990415
1.03137
1.00325
0.997817
1.00176
1.00867
0.999791
0.985973
1.00522
0.999297
0.997324
1.00028
1.0294
0.98548
1.022
0.978571
1.00275
1.0141
0.975117
1.01953
0.98696
0.996337
0.969689
1.0373
0.997817
0.990415
1.01509
0.967715
0.978571
1.01311
1.02348
1.01015
0.991895
1.01262
0.99683
1.03335
0.974623
1.01509
0.97265
1.00176
0.983506
0.960806
0.995843
1.0215
1.01509
0.993869
0.990908
0.969195
0.974623
1.00473
0.991895
0.991402
0.98548
0.989428
0.98548
1.03631
0.977584
1.00226
0.965247
1.00719
0.965247
0.997324
1.03039
0.993376
1.00028
1.01608
1.00374
0.998804
1.00769
1.00176
1.00719
1.01657
0.982519
0.984493
1.00374
1.01114
1.01213
1.0215
1.02298
0.988441
1.00473
0.994856
1.01262
1.00078
0.999297
1.00571
0.983506
1.03384
0.968208
0.983013
1.02644
1.01015
0.995843
0.965741
1.01065
0.989428
0.98696
1.00769
0.99683
0.960806
0.996337
1.01854
0.989921
0.983506
0.996337
1.00522
0.999297
0.997817
1.00818
0.981532
0.985973
0.990908
1.00522
0.998804
0.967221
0.995843
0.97265
1.02743
0.98696
1.00818
1.00423
1.00473
1.01854
0.988441
0.981039
1.00571
0.987454
0.988441
1.0067
1.04766
0.978571
0.990908
1.01311
1.0067
0.985973
0.999791
1.00374
0.996337
0.988441
1.00275
1.02693
1.03384
0.998804
0.98548
0.997817
0.992389
1.0067
1.01311
0.99831
0.996337
0.986467
1.03384
0.967221
1.03335
0.992389
1.03187
0.984
0.992389
0.996337
1.00176
1.00571
0.986467
0.970676
1.00769
1.0368
1.0146
1.00275
0.98548
0.993376
0.993869
1.00275
1.03088
0.982026
1.00719
0.97265
1.00226
0.98696
0.969195
1.00078
1.0141
0.976104
0.981532
0.976104
0.949949
0.969195
1.0146
1.01015
0.983013
0.988441
1.01065
1.01953
1.00769
0.990908
1.00226
1.00966
0.976597
0.979065
0.997817
1.0442
0.991895
1.00769
0.953897
1.01163
1.00966
0.996337
1.0294
0.988441
1.02693
1.00423
0.967221
0.996337
0.992882
1.01065
1.022
0.99535
0.981039
1.00621
0.97265
1.00719
0.993376
0.99683
0.978078
1.01163
1.01608
0.992389
0.993869
1.00621
0.984
0.990415
0.967221
1.01608
1.00473
1.02841
0.969689
0.980545
1.01953
0.988934
1.01065
1.01805
1.01756
1.00226
1.01509
1.01114
1.00275
1.01163
0.978571
0.99535
1.01262
1.01558
0.994856
1.00226
1.01311
0.990415
1.00867
1.00374
0.977091
0.980545
0.992882
0.999791
0.988934
0.980545
0.980545
0.985973
0.999791
1.00176
1.01706
0.990908
0.999791
0.989428
1.01854
1.00621
0.975117
1.00127
1.01953
0.978078
0.982519
0.982519
0.989921
0.990908
1.03384
0.973636
1.00423
0.983506
0.978571
1.01065
1.02545
0.992882
0.995843
1.00473
1.03878
0.983506
0.98548
0.984987
0.997817
0.99535
1.01213
1.03039
1.00028
1.00966
0.978078
1.00522
0.99683
0.976597
0.999791
0.997324
1.00176
1.04667
0.971169
0.991402
0.997817
0.988934
0.992389
0.992389
1.01904
0.993376
0.989921
0.992882
1.00818
1.00028
1.0067
0.997817
0.997817
1.02595
1.00275
1.01311
0.962286
0.971169
1.01262
1.01558
0.996337
0.997817
0.984987
1.03088
1.01706
0.984
0.989921
0.979065
1.01361
0.977584
0.981039
0.99683
1.01953
0.982026
1.03285
1.00078
1.0146
0.992389
1.02693
0.994363
1.00522
1.00374
1.01311
0.99831
1.01657
1.01558
1.0141
1.01361
0.997324
1.00818
1.00719
1.01805
1.01311
1.01509
1.00818
1.01262
1.00078
0.99831
1.00769
0.97561
0.97413
1.02792
0.999297
1.03433
1.00769
1.00374
0.998804
1.00127
1.00226
1.00176
1.0067
0.97561
0.97265
0.98548
1.00226
0.981532
0.987947
1.00028
1.0146
0.991895
1.01015
1.04223
1.01213
0.986467
1.00769
1.01509
1.01558
0.999791
0.98696
1.01608
0.985973
1.01706
0.96278
0.995843
0.958339
1.01213
0.984493
0.99683
0.984
0.989921
1.00867
0.988441
0.980545
1.02743
1.01311
1.00867
0.966234
1.00473
0.994856
1.00917
0.976104
1.00473
0.980545
1.01213
1.00374
1.01509
0.978078
1.02397
0.998804
1.01015
1.02052
0.988934
0.993376
1.01509
1.01213
1.00325
0.984493
0.988934
1.01163
1.01756
0.995843
1.01657
0.988934
0.956365
0.979558
1.02002
1.03927
1.01015
1.0146
1.00423
0.991402
0.995843
1.02298
1.00818
0.974623
1.02693
1.01805
0.988441
0.98548
1.01706
0.996337
0.987947
0.964754
0.993376
0.998804
0.984
1.00719
1.02644
1.03039
1.02841
0.982026
0.948469
1.01558
1.00176
0.994856
0.987947
0.999791
1.00719
0.993869
0.981532
1.03236
0.988934
0.985973
0.996337
0.981532
1.00078
1.00028
0.990908
1.00374
0.98696
1.03236
0.988934
1.0368
0.993869
0.998804
0.990415
0.993869
1.00621
0.992389
1.00769
1.02249
0.974623
0.981039
0.999791
1.00325
1.00325
0.99683
0.989921
0.987454
1.01163
0.981039
0.985973
1.03187
1.01608
0.994856
1.02595
1.00127
1.03285
0.988441
0.992882
1.00522
0.96278
1.00867
1.00127
0.989428
1.01509
1.02644
1.0141
1.00769
0.989921
1.00176
0.981532
0.994856
0.986467
0.988441
0.977584
0.969689
1.01756
0.989428
1.01213
1.00028
0.982519
0.970676
1.00078
0.975117
1.01361
0.984493
1.02002
0.99683
0.984493
1.03187
0.993869
0.999297
0.998804
1.00325
0.979558
1.03088
0.991895
1.01213
1.00176
0.982519
0.997324
0.991402
1.02841
0.978078
0.983013
0.980052
0.989921
0.993869
0.993869
0.990415
1.00028
1.03433
0.976597
1.03927
1.03779
0.991895
1.02644
1.03433
0.97265
0.988441
1.01114
1.02348
1.0067
1.03088
0.985973
0.977584
0.982026
1.01558
0.981532
0.977091
0.980052
1.00867
0.987454
1.01805
1.00374
1.01361
1.00423
1.00867
0.994856
0.957845
0.988441
0.984493
0.971663
0.965247
0.993376
1.00769
0.994363
0.970182
1.01361
1.00423
0.97413
0.99535
1.00226
0.994363
0.996337
1.02595
0.980052
0.994856
0.989428
0.990908
0.998804
1.01114
0.991402
1.00473
0.990415
0.984493
1.00473
1.00078
1.03631
0.982519
1.01361
0.968702
0.984493
1.00621
0.990908
1.022
1.0294
0.998804
0.992389
1.00719
1.00917
1.01608
1.02397
0.987454
1.00226
1.01262
1.01361
0.973143
1.00127
0.993869
0.986467
0.980545
0.987454
1.00275
0.983013
1.00176
1.00867
0.98548
1.00917
0.999297
0.999297
1.01262
0.976104
1.02101
1.01904
1.01065
1.00719
1.0067
0.99535
1.00769
1.01854
1.00571
0.998804
0.984
1.02841
0.995843
1.022
1.01854
1.00917
0.980052
1.01361
0.992389
0.999297
1.0141
1.00867
0.997324
0.98548
0.990908
0.985973
1.00226
0.994856
1.01706
0.96278
0.984987
1.0067
1.01311
0.999791
1.00917
1.04717
1.01509
1.00325
1.02002
1.01065
1.00818
0.969689
1.01706
1.00423
0.997817
0.996337
1.01706
0.990415
0.986467
1.01953
1.0141
1.00176
0.993869
0.992882
0.974623
1.02101
1.01904
0.977091
1.0294
0.991895
1.022
1.02298
1.01163
0.986467
0.981039
1.04124
1.02496
0.990415
1.0067
1.00176
0.957845
0.997324
0.956858
1.00917
1.00769
0.970182
0.969689
0.977091
0.989428
1.0141
1.00176
0.998804
0.995843
1.01015
1.00867
0.968702
1.03631
1.00473
0.967221
0.965741
0.984987
0.965247
0.999297
0.991895
0.979558
0.992882
0.979065
1.02743
0.99831
1.01854
1.00571
0.985973
0.99535
0.999297
1.01311
1.00719
1.03483
1.00226
0.994363
1.01065
0.99831
1.01262
1.01114
0.987454
0.983013
0.987454
0.988441
1.00226
1.00769
1.04075
0.98696
1.01015
0.982519
1.00176
0.968208
0.993376
0.95291
1.04272
0.982026
0.999791
0.992882
1.00719
0.99831
0.994363
1.01114
0.980052
1.00966
0.978571
1.01904
0.989921
1.01657
1.01065
1.01262
1.00621
0.981532
0.980052
0.982519
1.01558
0.987947
0.972156
0.99535
1.00769
0.983013
1.01854
0.993869
1.02298
1.02101
1.03631
0.999791
0.99831
0.977584
1.01163
0.992882
1.03335
1.00917
0.970676
1.00966
1.0146
0.993376
0.978571
0.989428
0.994856
1.022
0.989921
0.980545
1.02792
0.999297
1.00176
1.02743
1.02348
0.972156
1.02397
1.02101
1.00818
0.978078
0.989428
1.02249
0.986467
0.991895
0.997817
0.973636
1.00226
0.988934
0.998804
1.02249
0.979065
1.00176
0.989428
0.99683
1.0215
1.00571
1.03137
1.02496
1.04371
1.00078
0.984987
0.988934
1.02002
1.03976
1.00621
1.01805
0.99831
1.02743
0.973143
1.00769
1.03285
1.01213
1.02841
1.0215
1.0146
1.01953
1.02249
0.997817
0.989428
1.02792
1.00917
0.992389
0.988441
1.01213
1.00621
1.01706
0.994856
0.993376
1.02891
1.00374
1.01854
0.973143
1.00374
1.02595
0.99831
1.02841
0.96426
1.02002
1.01756
1.01015
1.01608
0.984
1.0146
1.03828
0.987454
1.00621
1.02101
0.99535
1.03384
0.988441
0.982026
0.99831
1.022
0.984987
1.00867
1.01311
0.993376
0.982026
0.997817
0.993376
0.98696
1.0146
1.03532
0.990908
0.997817
1.03236
0.998804
1.00176
0.992389
0.982026
0.966728
0.990415
0.968702
1.00621
0.977091
0.993376
0.969689
1.01904
0.989428
1.00769
1.00078
1.00127
0.997324
1.01953
0.991895
0.982519
1.01065
1.022
1.00719
1.02397
0.998804
1.00867
0.958832
1.00028
0.964754
0.995843
1.00176
1.01311
1.02397
1.04026
1.00917
1.00867
1.01558
0.988441
1.00127
1.02595
1.01904
0.993376
1.01361
0.997324
1.01756
0.975117
0.971169
0.988934
1.022
1.01311
0.97561
1.01311
1.01608
1.00917
1.02545
0.99831
0.983506
1.01904
0.992389
1.00719
0.993869
0.978078
0.984987
0.96278
0.978078
0.993869
1.00917
1.03532
0.99535
0.97265
0.993376
1.01015
0.970676
0.993376
1.00867
1.00127
1.03828
0.97265
0.990908
1.00571
1.02446
0.995843
0.99831
0.983506
1.00275
1.00275
0.989921
0.991895
1.0215
0.997817
0.99831
1.02792
1.01854
0.993869
0.988934
0.986467
0.984
0.984493
0.992389
0.997324
1.01065
1.0067
1.01213
1.00176
0.997324
0.980545
0.999297
0.984493
0.981532
0.950443
0.979558
1.01361
0.983013
1.00226
0.991895
1.00423
0.985973
0.993869
1.00325
0.988441
1.01015
1.02693
1.01065
1.01756
0.968702
1.0067
0.995843
1.02644
1.02693
0.991895
0.987454
0.989921
0.977584
0.999791
1.00078
0.985973
1.0146
0.988441
0.991895
1.0373
1.00226
0.976104
1.0146
1.00226
0.976104
0.97265
0.951923
1.00966
0.993869
0.993376
0.979558
0.990415
1.00078
0.96426
0.982519
0.99535
1.00867
1.01756
0.966234
1.01065
0.990908
1.0215
1.00176
0.99535
1.00127
1.00374
1.00571
1.03285
0.98696
0.987454
1.00917
1.00818
0.993376
0.980545
1.01657
1.01509
0.987454
0.990415
0.99683
0.999791
0.981532
0.982519
0.995843
1.01361
0.995843
1.01953
0.986467
0.999791
0.977584
1.00917
0.992882
0.99535
0.992389
1.00176
0.984493
0.998804
1.00917
1.03187
0.988441
0.984987
1.03483
1.01509
1.00966
1.00176
1.03039
1.01904
1.01262
1.00473
1.01756
1.02496
0.994363
0.993869
0.984
1.03285
1.00769
1.02545
1.03039
1.00325
0.962286
1.00325
0.984493
0.99683
1.01608
1.01509
0.994363
0.97413
0.989428
1.01558
1.00028
1.01015
0.987454
0.980052
0.993869
1.01706
0.97265
0.992389
1.00325
1.00867
0.994363
0.993376
0.98696
1.01213
1.00473
1.02348
1.00127
0.986467
0.970676
1.00078
0.993869
0.991895
0.992389
0.990415
0.990908
1.01114
1.02298
0.97265
0.987947
1.01311
1.00127
0.978078
0.99831
0.958832
0.994363
1.02052
1.00917
0.978078
1.01213
1.00423
0.999791
0.956858
1.01015
1.02891
0.998804
1.02249
1.00867
0.988934
0.980052
1.02298
1.01311
1.00473
0.994363
0.987947
1.02249
1.01015
0.984
1.01262
1.00176
0.99683
1.00719
1.00719
0.98548
1.01065
0.99535
0.99683
1.01213
0.967221
0.981532
1.00028
0.987947
1.00275
0.989428
0.986467
0.970182
0.99535
0.994363
1.01262
1.00325
1.00325
1.02792
0.993376
1.04075
0.98548
0.967221
0.994856
0.969689
1.00176
0.989921
1.01262
0.979065
0.98696
0.987454
1.0067
1.00226
1.00226
0.980052
1.00423
0.976597
0.99535
1.00867
1.03137
1.01657
1.01558
0.991895
0.99535
1.02348
1.00275
1.00423
0.96278
1.03631
1.02693
0.990415
1.00621
0.995843
1.03335
1.00719
0.997324
1.01361
0.985973
1.0215
1.00473
0.990415
0.966728
0.990415
0.992882
0.992389
1.02792
0.996337
1.01015
0.98696
1.02446
0.959819
1.02841
0.980545
0.982519
0.977584
0.994856
1.01509
1.00621
1.0141
1.00226
1.00818
0.988441
1.0442
1.01213
0.99683
1.00423
0.99535
1.01608
0.993376
1.02052
1.01163
1.02348
1.01311
1.00028
0.994856
0.957352
1.02002
1.03384
0.992882
0.993376
1.00176
1.02002
0.99683
1.00423
1.00917
0.981039
0.98696
0.984987
0.97413
1.01657
1.02743
1.00078
1.01805
1.01608
0.985973
0.984493
0.998804
0.982026
1.00374
1.00818
1.00571
0.997817
0.990415
0.990908
0.989921
0.984
0.984
1.00917
1.02298
1.022
1.02446
1.01163
0.981039
1.02249
0.997324
0.995843
0.976597
1.01163
0.966728
0.997817
0.992389
1.02446
0.992882
0.989428
0.997324
0.992389
0.983013
1.00966
1.01114
0.995843
0.99535
0.997324
0.970676
1.00522
1.01262
1.01015
1.01114
1.04124
1.02348
0.996337
1.00621
0.988441
0.979558
0.97265
0.964754
0.997817
1.00176
1.01608
1.00621
1.00621
1.01904
0.985973
0.986467
0.996337
0.989428
0.99535
1.00374
1.01114
1.01065
1.01015
0.984493
1.00127
0.99535
1.01608
1.01756
0.99831
0.987454
0.985973
1.00719
1.02446
0.994363
1.01657
0.988934
0.982026
1.00917
1.02545
0.993869
0.984987
1.0146
1.01262
1.00374
0.992882
0.99535
1.01854
0.957845
0.977091
1.00917
0.988441
0.982519
1.03483
1.04815
0.987454
0.973143
0.992389
0.976104
0.969689
0.982026
0.982026
1.00571
1.01904
1.00423
0.971663
1.01706
1.00325
0.999791
0.994856
1.00028
0.998804
0.989921
0.984
1.00867
0.998804
0.966728
0.985973
1.01706
1.00374
1.00078
1.01805
0.983013
0.964754
0.984987
0.995843
0.991402
0.997324
0.994363
0.989428
1.00325
1.0067
0.999791
0.986467
0.978078
0.993376
1.01311
1.00522
1.03088
0.969689
1.00226
0.97265
1.0146
0.984493
1.00226
1.00522
0.973636
1.01114
0.997817
0.99831
0.968702
0.992882
1.04371
1.03039
1.01213
0.996337
0.997324
1.01706
0.988934
1.00769
1.022
1.02891
0.997324
0.98696
0.982519
0.985973
1.01953
1.01311
0.990908
0.984
1.00621
0.997324
1.01114
1.03483
0.979065
1.02595
0.989921
0.995843
0.989428
0.994363
1.02989
1.02496
1.01657
1.00325
1.02002
1.00176
0.971169
0.991895
0.99535
0.971169
0.982519
1.01163
0.991402
1.022
1.01114
0.988441
0.998804
0.982519
1.01953
0.999297
1.01065
1.00769
1.01608
0.967221
1.01805
0.979558
0.981532
1.02792
0.958339
0.998804
0.991895
1.0067
0.999791
0.990908
0.98696
0.99535
0.993376
1.01509
1.00621
0.990908
0.986467
1.03483
0.997324
1.00127
1.0141
0.992389
1.00127
1.01509
0.994363
0.97561
1.01213
0.993869
1.01854
0.960806
0.995843
0.996337
0.963767
1.01163
1.00028
0.987454
1.03631
1.00176
1.03433
0.998804
1.04519
0.990908
1.01311
1.0067
0.998804
0.963767
0.97265
1.01904
0.994856
1.00423
0.994856
0.997324
0.998804
1.0141
1.02989
1.00917
0.99831
0.969689
0.977091
0.994856
0.984
1.01558
1.02792
0.98696
0.991895
1.01262
1.00226
0.975117
0.986467
0.97561
0.971663
0.977091
1.01509
0.973636
1.02052
1.0141
0.979065
0.968702
0.993869
0.993869
0.989921
0.981039
1.00818
0.97265
1.00028
1.00522
0.991895
0.999791
0.992882
0.997817
0.990415
0.98548
0.983013
1.00917
1.00917
0.981039
1.02545
1.02298
1.03828
0.981532
0.999791
1.0141
0.987947
1.01657
0.979065
0.98696
1.00226
1.00325
1.00127
1.02989
1.00028
0.99683
0.963767
0.998804
0.996337
0.978571
0.971663
1.02545
1.00473
1.00571
0.993869
1.04174
1.03779
1.01262
1.02595
1.00621
0.997817
0.992389
1.00028
0.997324
1.00028
1.00522
0.993376
1.00423
1.04026
1.01015
1.00176
1.00028
0.984493
1.01262
1.02693
0.987454
1.02792
0.960313
1.022
0.983506
0.994363
0.982026
1.00176
0.961299
0.969195
1.00028
0.949949
1.00966
1.00028
1.02693
1.02052
0.997324
1.02446
1.00473
1.01262
0.989921
0.996337
1.00867
1.01065
0.992882
0.988934
1.00769
0.954884
0.999297
0.978078
0.979065
0.987947
1.00571
1.02298
1.02446
1.0215
1.02446
0.991895
1.04272
1.01805
1.01163
1.01904
1.022
0.987947
0.989428
0.990908
0.966728
0.966234
1.00176
0.987454
0.972156
0.994856
0.971169
0.99683
1.03187
1.00867
1.00127
1.01114
1.00127
1.0067
0.988441
0.991895
0.988934
0.98696
0.980545
0.991895
0.99535
0.969689
1.03483
0.994856
0.976597
0.999297
0.988441
0.99683
0.99683
1.00176
0.992882
1.02644
1.00719
0.995843
1.00522
1.02348
0.994856
0.977584
0.978078
0.981532
0.985973
0.950936
1.00127
0.977091
0.998804
0.957352
0.986467
1.01953
1.00374
0.984493
1.02841
1.02496
1.0067
1.00176
0.98696
0.982026
1.01657
0.987454
0.987947
0.983506
0.993376
0.985973
1.00423
1.03137
0.982026
0.98696
1.00966
1.00226
1.01509
1.00325
0.990415
1.04174
1.02743
0.986467
0.978078
1.01509
0.983013
1.01361
1.00818
0.969195
1.0141
0.987454
0.999791
1.00176
1.00522
0.990908
1.01015
1.04272
1.00374
0.989428
0.99683
1.02496
0.995843
0.969195
1.03532
1.04766
1.01065
1.01163
1.01805
0.993869
0.982519
0.989921
0.984987
0.967221
1.01213
1.00571
1.02298
0.990415
1.01213
1.01756
0.999791
0.981532
1.0141
0.974623
1.00473
0.985973
1.0141
1.02595
0.986467
1.01065
1.01262
1.01262
0.99831
0.982519
0.997324
1.00867
1.00621
1.02249
1.00423
1.00966
0.97561
0.98548
1.00867
0.990415
0.994363
0.987947
0.953897
0.982519
1.01114
1.00176
1.02595
1.00078
0.999791
1.01361
1.00176
0.998804
0.967715
1.03828
0.990415
0.985973
0.98548
1.00028
0.986467
1.01114
0.99535
0.99831
0.997324
1.00719
0.995843
0.999791
0.993869
0.984987
1.00275
0.979558
0.989921
1.01657
1.02989
0.991402
1.0215
0.993869
0.981532
1.0141
0.96426
1.0067
1.01706
1.03039
0.97265
1.00325
0.973143
0.993869
0.979558
1.01311
1.01657
1.03285
0.987454
0.987947
0.982026
1.00571
1.00818
1.00966
0.98696
0.98548
0.99535
0.993869
0.989921
0.96426
0.993376
0.978571
1.00374
1.00028
1.00176
0.991895
1.00176
0.99831
0.991895
1.00374
1.03039
1.00078
0.984493
1.00966
0.984493
0.97265
0.995843
1.0141
1.00423
0.983506
1.00473
1.00176
1.03137
0.976104
1.00867
1.00719
1.00176
1.00374
0.981532
1.01558
0.985973
0.991895
0.993869
1.03088
0.989428
1.02693
1.0141
0.984987
0.984987
1.00473
0.993869
1.01756
0.99831
0.958832
0.984987
1.01657
1.01311
1.02052
0.988441
1.00917
0.98696
0.994856
1.00769
0.997324
1.01509
0.961793
1.01904
1.00176
0.982519
1.00078
1.00325
1.01657
0.996337
0.981039
1.00423
0.997817
1.01657
1.022
1.00325
1.01904
0.993869
0.982026
1.00374
1.00275
0.994856
0.986467
0.994856
1.00078
1.0141
1.0067
0.994856
1.00127
0.988934
1.00966
1.00522
0.987454
0.991402
0.96278
1.00571
0.989428
0.989428
1.02841
0.971169
0.966234
0.995843
1.0146
0.999297
1.01213
1.00374
0.99831
0.99535
1.01361
1.00867
1.01015
0.984987
1.01065
1.00571
0.994363
1.00473
0.991895
0.99831
0.987454
1.00818
1.00621
0.99683
1.01114
1.00966
1.01756
0.99535
1.00423
1.01657
0.99831
0.991402
1.00374
1.03137
0.978571
1.0067
0.997324
1.00374
1.00176
0.944028
1.02249
0.968702
1.00275
0.994363
1.0141
0.988934
1.00374
0.980545
0.988441
1.02496
1.02693
0.977091
1.00621
1.00127
0.995843
0.98548
0.989428
1.0146
0.999791
0.999297
0.995843
0.992389
1.00423
1.00621
1.00867
0.987947
1.00769
0.989428
1.03088
0.978078
0.993376
1.01015
0.982026
0.989921
1.0067
0.998804
1.00571
0.99535
0.991402
1.00374
0.97265
0.970182
0.979558
0.999297
1.03433
0.993376
0.992882
1.01065
0.96426
1.01854
0.988934
0.992882
0.99683
0.957845
0.966234
1.00966
1.01706
0.991402
0.992882
1.00966
0.98548
0.972156
0.978571
0.967715
1.01706
0.989428
1.03187
1.01706
0.982519
1.03631
0.974623
0.978078
1.01657
1.01163
0.993869
0.980545
0.987947
0.997817
1.01262
0.988934
0.988934
1.02545
1.02595
1.00226
0.977584
0.990908
0.971169
1.00867
0.992389
1.00867
1.01608
1.022
1.00374
0.978078
1.00522
1.02841
0.982519
0.978078
1.00374
0.980052
0.980052
1.01608
0.990908
0.98548
1.00127
1.00522
1.00176
0.99831
0.960313
0.976104
1.01114
0.980052
1.00867
1.01213
0.965741
0.983013
1.01213
0.989921
0.970676
1.00522
0.983013
0.993869
0.998804
1.01065
1.01558
0.997324
1.00078
0.987454
1.02002
0.98548
1.01213
1.00078
0.982519
1.00571
0.999791
0.97265
0.963273
0.982026
1.00226
1.00275
0.980545
1.02743
1.02644
0.99683
1.0146
0.969195
0.976104
0.999297
1.02298
1.00818
1.00275
1.00769
0.987454
1.03483
0.992882
0.996337
1.00374
1.02397
1.01065
1.02891
0.988934
1.01904
0.99683
0.99683
0.99683
1.00325
1.00325
0.98696
1.01015
0.98696
0.997817
0.984493
1.01065
0.98548
0.987947
1.01065
1.00473
1.00522
0.98548
1.00818
1.00917
1.01706
0.984987
1.02595
0.981532
0.994363
1.00621
0.98696
1.01114
1.0294
0.98696
1.00818
1.01756
0.997817
1.01114
0.980052
1.00423
0.994363
0.97413
0.979065
0.983013
1.022
0.990415
0.993869
0.995843
1.02348
1.00621
1.01015
0.98548
1.01805
1.01657
1.00374
0.997817
0.99535
1.00522
1.02644
1.0442
0.990415
0.989921
0.991895
0.98548
0.992389
0.981039
1.01608
1.01558
0.979558
1.00028
0.974623
1.00226
0.976597
1.01262
1.00966
1.00966
1.01311
1.00275
1.01262
1.00571
0.980052
1.01558
1.01163
1.00374
0.97561
1.03433
0.997324
1.02595
1.01805
0.977091
0.999297
0.997817
1.0294
1.01065
1.00078
0.977584
1.02249
0.992389
0.970676
1.00473
0.971169
0.993869
1.00769
1.00127
0.999297
0.989921
0.982026
0.974623
0.998804
1.01065
1.01706
1.00176
0.993376
1.00374
0.983506
0.994856
1.00226
0.98548
0.995843
0.992882
0.984
1.00078
0.997817
1.01262
0.990415
0.984
1.01114
1.00325
0.999791
1.03779
0.999791
1.01558
1.00867
1.00522
1.01756
0.999297
1.00867
1.01854
0.999297
0.987947
0.96426
0.997324
0.99831
1.01361
1.0215
1.00571
0.996337
0.973143
0.999791
1.01854
0.982519
0.981532
0.992882
1.02249
0.99683
1.04174
1.00078
0.993376
1.03137
0.966728
1.0067
1.01262
0.99831
0.960313
1.01854
1.02446
1.00127
1.00176
1.00867
1.01756
1.02446
0.999297
0.997817
1.0368
1.00325
1.00176
1.01608
0.969195
0.974623
1.01756
0.982026
0.977584
1.01114
0.993869
1.00571
1.02002
1.01706
0.997324
0.999297
0.980545
1.0067
0.983013
1.00028
1.01953
0.990415
1.01361
0.988441
1.02496
1.00966
0.98696
0.977584
1.00374
1.02989
1.00818
0.990908
1.02397
0.99535
0.985973
1.02841
1.02446
1.0373
0.985973
0.984
0.978571
0.978078
0.99831
1.01015
0.967221
1.02496
0.955378
1.01706
0.995843
1.01262
1.00423
1.022
1.00621
0.993869
1.01262
1.00473
0.989428
0.99535
0.980545
0.994856
0.980545
1.022
1.01163
1.01361
1.01065
0.976104
0.977584
0.976104
1.00028
0.996337
1.03581
0.99831
0.987454
1.00473
1.0146
1.01015
1.04322
0.991402
0.99831
1.01114
0.997817
0.993869
1.00423
1.02052
0.971169
1.02002
1.00374
1.00176
1.01805
0.977584
1.02496
1.00176
0.988934
1.01065
0.992882
1.00621
1.03236
1.02496
0.993376
1.01854
1.0146
0.979558
1.00621
1.01163
0.978571
0.993376
1.00275
0.981039
0.980545
0.99535
1.00374
1.00473
0.961299
0.987454
0.980052
1.00719
0.988441
1.01904
0.992882
1.0215
1.00275
1.01657
1.00522
0.993869
1.0215
0.984987
0.958832
0.975117
0.986467
1.02693
0.981532
1.02249
1.00867
0.99535
1.00621
0.982519
1.01015
0.984493
0.987947
0.998804
0.984493
1.01163
1.00374
1.00028
1.00571
1.01657
1.00571
1.02792
0.983013
1.03285
0.965741
0.97561
0.99831
0.99683
0.965741
1.00226
1.00867
0.976597
1.01509
1.00867
0.989921
1.03581
0.968208
0.97561
1.02249
1.02002
0.994363
0.99535
1.00127
1.00078
0.970676
1.01311
1.00867
0.988441
1.01213
0.984
1.01065
0.999297
0.998804
1.01558
1.01311
1.0146
0.996337
0.982519
0.991895
1.01213
1.00719
1.01756
0.98696
0.994363
1.00028
1.00028
0.99831
0.982026
0.99683
1.00769
0.997817
0.994363
1.00966
0.974623
0.991402
1.00325
1.00917
0.991402
0.990908
1.00571
1.02052
0.999297
0.980052
0.98696
1.02446
0.989428
1.01756
1.02249
1.00176
1.01065
0.982026
0.973636
1.01805
0.984
0.994363
1.01756
0.994363
0.98548
0.99683
0.996337
1.00078
1.01904
0.994856
1.00374
0.99831
1.01509
1.01509
0.99831
1.00226
0.975117
0.980052
0.988934
0.98548
0.983506
0.997817
0.987947
0.982519
1.00522
1.00867
1.01706
0.998804
1.02348
0.986467
1.01756
1.00078
1.01608
1.01608
0.978078
1.01854
0.984987
1.01114
1.00621
0.97413
1.0067
0.984493
0.987454
0.988934
0.997817
0.991402
1.00226
1.01706
1.01904
1.00028
0.983506
0.982026
1.00621
1.01114
0.994856
0.984493
1.00818
0.999791
1.02841
0.97413
1.01015
1.00522
1.00473
0.994363
0.996337
1.01163
1.03285
0.997324
1.02052
0.987454
1.0141
1.01706
0.999297
0.991895
1.00176
0.997324
1.01558
1.00917
0.999297
0.977091
1.03236
1.00473
0.971169
1.01558
0.990908
0.981039
1.00966
0.982026
0.984
1.02397
1.00176
0.97413
1.01015
1.01558
0.97413
0.976104
0.998804
1.01756
0.992882
0.989428
0.982519
1.00325
1.02397
1.01213
1.03236
0.997817
0.976104
0.973636
0.994856
0.989428
1.01015
0.983013
0.989428
0.98548
1.01904
1.01163
1.01213
1.02891
0.992882
1.00621
1.00473
1.022
1.01756
0.993869
1.0146
0.984987
1.00275
1.0215
1.02841
1.01805
0.965741
0.994856
1.00226
0.990415
0.991402
0.988441
1.02298
1.02644
1.02101
0.989921
0.967221
1.00522
0.991402
1.01706
0.999791
0.987454
0.970676
1.0146
0.993869
0.987947
0.990415
1.02002
0.989921
0.987454
0.970182
1.01213
1.02841
1.01114
0.969689
1.0067
0.990908
0.986467
1.02002
0.97413
0.994363
0.986467
0.984987
1.02644
0.951923
1.01657
1.01114
0.99831
1.0067
0.997324
0.968702
0.981532
0.998804
1.02249
0.997817
1.0067
1.02101
1.01213
1.0067
0.98548
0.981039
1.01213
1.01608
1.00473
0.987947
0.991402
1.00078
1.00374
0.989428
0.989428
1.02002
1.00473
1.00571
1.01213
1.00966
1.01558
0.993869
1.0067
1.00522
1.02002
0.987947
1.00473
1.02397
0.99831
0.984
1.00867
0.99535
1.00719
1.05506
1.02348
1.01608
0.984493
0.968702
1.0067
0.983013
1.02989
0.983506
1.00078
1.04322
1.00621
0.984987
0.995843
0.992882
0.979558
0.998804
0.99535
0.984987
0.991895
1.00571
1.01262
1.01558
1.00176
1.02693
1.00275
1.00621
0.961793
0.988441
1.00028
0.98696
0.989428
1.00917
1.01311
1.00078
0.968208
1.00127
1.01904
0.994363
0.97561
1.00423
1.01361
0.993376
1.01015
0.99535
0.988441
1.01805
1.02101
1.02249
1.01213
0.994856
0.99535
0.999297
0.99535
1.02693
1.00867
1.00522
1.04075
0.963767
0.983506
0.996337
1.00473
1.0368
1.02249
1.03384
0.991895
1.00571
0.992882
1.02989
0.994363
1.0141
0.995843
0.997817
0.994363
1.01065
1.00275
1.01953
0.997817
0.971663
1.00966
0.977091
1.00127
0.978078
1.00028
0.999791
1.01706
1.00127
0.99683
0.997817
0.993376
1.01213
1.00522
1.00127
1.01311
1.01657
1.00966
1.00719
1.03532
1.00966
1.01311
1.00867
1.01854
1.00719
1.00423
1.00719
1.01311
0.97265
1.00917
1.0215
0.983506
0.992389
1.02348
1.01361
0.998804
0.99683
1.01163
1.01015
0.991402
0.993376
1.01361
1.00226
1.01015
0.999791
0.987454
1.03335
1.02249
0.97413
0.99831
0.979065
0.983013
1.00917
1.00473
0.980545
1.02101
0.984987
0.984
1.02644
1.00078
0.999791
1.01311
1.01015
0.993376
1.01015
1.00374
0.989921
0.99535
0.966234
1.01213
0.987947
1.00226
1.02348
1.01065
0.979065
1.04618
0.992882
1.00867
0.989428
0.994856
1.00571
0.996337
0.990908
0.967221
1.03779
1.01015
1.01065
1.03631
0.98696
0.976104
0.965247
0.984493
1.00325
0.983506
1.00719
0.975117
1.00621
1.00473
0.988934
1.01114
0.996337
0.976597
0.976597
1.00917
0.947976
1.00176
0.984493
0.972156
1.00522
1.02348
1.00176
1.01213
1.04618
1.01015
0.977584
1.02743
1.02002
1.01163
1.00078
1.00325
0.983506
0.988441
0.993869
1.00423
1.00127
1.00127
1.0141
1.03384
0.989921
1.00917
1.0294
1.022
1.0146
0.990908
1.022
0.99535
1.02743
0.994363
0.99831
0.987947
1.01015
0.985973
0.97413
1.00028
1.02595
0.970676
0.995843
0.997324
1.00769
1.0373
1.00325
1.022
1.03088
0.98696
0.993376
0.978571
1.01558
0.99535
1.00374
1.03039
1.00769
0.970676
1.00621
0.988934
1.0141
0.973636
0.995843
1.04322
0.983506
0.980052
1.0141
1.0215
0.989428
1.0141
1.01953
0.989921
1.01065
1.00621
1.00966
0.983013
0.998804
1.00275
0.976597
1.00621
1.01361
0.967715
1.00078
0.99831
0.994363
0.978078
0.979065
0.99831
1.01361
0.990908
1.0067
1.01953
1.00325
0.983013
1.00621
0.99535
0.986467
1.03532
0.972156
1.03137
0.998804
1.01706
1.03976
0.98548
1.022
1.01904
0.992882
0.97265
0.986467
1.00423
0.990415
0.979065
0.99683
1.00867
1.00621
1.01361
0.968702
0.982519
0.989428
0.968702
1.02693
1.03483
1.02743
1.01065
0.989428
1.00423
1.03828
0.99683
0.998804
0.99683
0.97413
0.990908
1.00917
1.02101
0.976597
0.964754
0.977584
1.01706
1.0067
0.99535
1.01854
1.00867
0.988441
1.00522
1.00275
1.01262
0.98696
0.999297
0.973143
1.00769
1.01065
1.01015
0.994856
0.995843
1.04568
1.02249
0.997324
1.00127
1.00621
0.968208
0.997324
0.979558
1.00571
1.00028
1.01608
0.996337
0.975117
0.989921
0.99683
1.01114
0.994363
0.99831
1.02348
1.01756
0.982026
1.0146
1.0368
1.02002
0.963273
1.01065
0.999791
1.00966
0.973143
0.971663
1.00522
0.971663
1.03137
0.998804
1.01114
0.989921
0.970182
1.01361
0.97265
1.00176
1.01904
0.97413
0.995843
0.985973
1.01163
0.993376
0.984
1.00078
1.01114
0.995843
0.991402
0.983506
1.00769
1.00867
0.98696
1.01163
1.02298
0.974623
1.01706
0.99683
0.997324
0.989921
0.968208
1.01805
1.00127
1.03088
1.02052
0.969689
1.02002
0.992389
0.991402
1.00176
1.00325
1.02693
0.987947
1.00226
0.971169
0.989428
0.977584
0.994363
1.00028
1.02397
1.00325
0.97561
0.990908
0.98696
1.00571
1.0067
0.993869
0.986467
1.03088
1.02841
0.993376
0.990908
0.971169
1.01854
0.983013
1.01509
0.98548
0.980545
0.99831
0.984
0.989921
1.00719
0.980545
1.00127
1.04963
0.997817
0.961299
1.00621
0.993376
0.960806
0.969195
0.990908
1.01163
1.01657
1.01015
0.983013
1.00127
0.989921
1.00275
0.994856
0.979065
1.01854
0.992882
1.022
0.982519
0.997817
1.03779
0.984
1.02792
1.00818
1.02644
0.999791
0.996337
1.01509
0.988441
0.984493
1.00621
1.01904
0.992882
0.997817
1.00769
1.01756
1.01558
0.98548
0.991402
0.989921
0.992389
0.992882
1.01065
1.00522
0.981039
0.984493
0.985973
0.991895
1.00127
0.987454
1.01558
1.01706
1.04371
1.00522
0.994856
1.0215
0.999791
0.984987
1.0141
0.976104
1.0141
0.997817
0.977091
0.997324
0.974623
0.999297
1.01361
1.00522
1.00522
1.01805
1.03039
1.02595
1.01163
0.999297
1.00522
1.00522
0.995843
0.99831
1.03631
0.979065
0.994363
1.00966
0.987947
0.983013
1.00028
1.0215
0.987454
0.998804
0.993869
1.02595
1.01904
0.993376
0.992882
0.99831
1.00226
0.981532
1.03236
1.03631
1.00867
1.02841
1.02693
1.02743
0.978078
0.990415
0.988441
1.00522
0.97265
1.01114
1.00127
0.953897
0.984
1.00966
1.03088
1.01065
0.977091
0.997324
0.996337
0.979558
1.02052
1.00028
1.00176
1.01756
0.988441
0.987454
1.00127
0.991402
1.00769
1.01657
0.984493
0.989921
0.968702
1.02052
1.00028
0.99683
0.979065
0.989428
1.01213
1.01805
0.989921
1.02545
1.01361
0.98548
0.984987
0.984493
1.00226
1.03137
0.982026
0.979065
1.01756
1.01163
0.979558
1.00325
0.99683
0.990415
0.966234
0.968208
0.994363
1.05161
1.00818
0.996337
0.976597
1.00621
1.00374
0.994856
0.99831
1.00818
0.999791
0.994363
1.022
0.980052
1.01657
0.971169
0.99831
1.01706
0.992882
1.03187
1.0067
1.01657
0.993869
1.01262
1.00867
1.02496
0.984
1.01509
1.01706
1.00473
1.00127
1.00078
0.999297
0.994363
0.998804
1.01608
0.969195
0.98548
0.99535
1.00571
1.01805
1.01015
1.01015
1.0146
1.01213
1.00818
0.984
0.991895
1.03878
0.994856
0.980545
0.984987
1.01509
0.98548
0.987947
0.965247
0.953897
0.997324
0.978078
1.01854
1.01558
0.992882
1.05259
1.00374
1.0141
0.993376
0.987947
0.966234
1.00522
1.01756
0.993376
0.998804
1.00719
1.00275
0.996337
1.00226
0.979065
0.972156
0.992882
1.01262
0.987947
0.963767
1.00818
1.00028
1.01065
0.984493
0.993869
1.02792
0.997817
0.952417
0.996337
0.992882
1.02348
1.00127
0.987947
1.00325
0.994363
1.00522
0.977091
0.976597
0.997817
0.990415
1.03433
0.977091
1.01904
1.01509
1.04075
1.01065
0.984987
0.991402
0.993376
1.00423
0.990908
0.980052
0.990415
0.987454
0.97265
1.00719
1.02002
1.01163
1.00769
0.982026
1.0067
1.00966
0.998804
1.0141
1.00325
1.00917
0.994856
1.02101
1.01657
1.00571
0.991895
1.00374
0.986467
1.01311
0.989428
0.992389
1.01262
1.00275
1.01114
0.995843
1.00769
1.00423
1.02298
0.973636
0.987454
1.02348
1.02397
0.993376
1.022
0.97413
0.990415
0.97413
1.01608
0.993869
0.99831
0.980052
1.02397
0.979558
0.977091
0.977584
0.989921
1.01953
1.00325
1.02545
1.02446
1.01558
0.980545
0.985973
0.998804
1.00571
0.96426
0.997817
1.00719
0.992882
0.979065
1.00325
1.0146
0.97413
1.01361
1.01509
1.00325
0.971169
1.01065
0.988934
0.978571
1.00571
1.02249
0.993869
1.00078
0.99831
0.983013
0.997817
1.01608
1.03335
0.995843
0.989921
0.973636
0.994856
0.98696
1.03236
1.00325
1.01904
0.982519
1.0141
0.999791
0.995843
1.01361
0.999791
0.98696
0.991402
0.959326
1.00621
1.00275
0.99535
0.995843
1.01953
1.02446
1.00325
1.01163
0.990908
1.0141
1.01608
0.995843
1.00176
0.99683
1.03532
0.986467
1.01608
1.00917
0.994856
0.98548
1.0294
1.00769
1.03631
0.999791
1.01657
1.00078
0.990908
1.00917
1.01657
0.953897
1.00571
1.01558
0.992389
0.988934
1.00867
1.00325
0.996337
1.00522
1.05407
0.988934
0.99535
1.01262
0.984987
1.01114
1.00226
1.00571
0.991895
0.982026
1.00275
0.973143
0.966234
0.988934
0.995843
0.997817
1.00028
0.995843
0.990908
0.988441
0.990908
0.983013
1.01558
0.989428
1.00867
0.974623
0.994856
0.983506
0.984493
0.997324
0.971169
1.00423
1.0067
1.01262
0.966728
1.01657
0.997817
1.00473
0.994856
1.01065
1.00325
1.04124
1.01558
0.981532
0.97561
1.00275
1.01756
0.988934
1.02348
1.00325
0.973636
0.999791
0.981532
0.994363
1.02545
1.01657
1.02644
1.01311
0.975117
1.01262
0.987947
0.997817
1.0141
0.984
0.99535
0.991402
0.988934
1.01854
1.00423
1.00374
1.00966
1.00423
1.01213
1.00226
0.989921
0.99831
1.00176
0.970676
0.982026
1.01756
0.975117
0.99831
0.988934
0.997817
0.984493
0.971169
0.995843
0.973143
0.984
1.02644
1.00917
0.997817
0.984
0.987947
1.00867
0.99535
0.989428
0.99535
0.990908
1.00917
0.981532
1.01854
0.984
1.01756
1.00818
1.01608
0.988441
1.00473
0.990908
0.976104
1.00127
1.00522
0.996337
0.997324
1.04371
0.994363
1.00028
1.0294
1.01163
0.978078
0.990908
1.02496
0.970676
1.01361
1.00078
0.991895
0.984
0.983506
0.974623
0.992882
1.022
1.02052
1.00867
0.968208
0.997817
0.964754
0.994363
0.963767
0.97413
1.01262
1.02644
0.998804
1.00719
1.01311
0.991895
1.01953
1.01509
1.00966
1.0146
1.01854
0.978078
0.999297
1.01756
1.02052
0.998804
1.01163
0.993869
0.998804
1.00176
1.01262
0.988441
1.03187
1.03779
1.01805
1.00966
1.01015
1.02101
1.0447
1.01114
0.989921
1.02052
0.980545
1.01558
0.994363
0.98696
0.994363
0.97561
0.992882
0.986467
0.99535
1.00966
1.01558
0.994856
1.00275
1.01262
0.99535
0.98696
1.04223
0.991895
0.974623
0.999297
1.02298
1.00867
0.978078
1.00966
1.00769
0.995843
0.989921
0.979558
0.983013
1.00275
0.994856
0.99683
1.01065
1.0067
0.998804
1.01065
1.00127
1.02052
1.00423
0.97413
0.978078
1.01608
1.00818
1.00423
1.00621
0.998804
0.981039
0.994856
1.02693
1.01509
0.960806
0.970182
1.03236
1.00127
1.01657
0.991895
1.02397
0.965741
0.957352
0.99831
0.984493
0.988441
1.00325
1.02446
1.00078
1.0141
0.997817
1.03187
1.01114
1.02841
1.00473
0.998804
0.993376
0.973143
1.00423
1.00127
0.96426
1.00917
0.993376
1.00966
1.02052
1.00769
0.992389
0.978078
1.01262
0.996337
1.01262
0.983506
0.991895
1.03285
1.03039
1.00719
0.99831
0.959326
1.00325
1.01509
1.00522
0.987947
0.97413
0.991402
0.958339
0.991402
0.991895
1.022
0.99683
1.02249
0.993869
1.02743
0.982026
1.00966
1.00917
1.0067
1.0141
0.99831
0.988934
1.00769
0.971663
1.00769
0.981039
0.962286
1.0067
0.989428
1.01706
1.00028
1.0067
0.994363
1.01311
0.98696
0.999297
1.03137
0.968702
1.00226
1.00571
1.0146
1.00867
0.992882
1.00917
1.02249
1.03927
1.01311
1.01904
1.02989
0.98548
1.02891
1.00078
0.979558
0.984
0.980545
0.987947
0.999791
1.00473
0.974623
0.987947
0.988441
0.971663
0.971663
0.997324
0.983506
0.980052
0.97265
0.97413
1.00571
0.983506
1.0141
1.00917
1.00621
0.991895
1.0146
1.01213
1.00473
0.999791
0.982026
1.02249
0.984
0.982519
0.991402
0.998804
1.01706
1.00917
1.00423
0.990415
0.988934
1.02002
1.0146
0.992882
0.990908
0.97413
1.0067
1.00275
1.0067
0.972156
1.02298
0.994363
0.971663
1.00325
1.02101
1.00769
0.976104
0.967221
1.03532
1.00473
1.0294
0.982519
0.988934
1.01262
0.979065
1.00818
0.998804
0.989428
0.999791
0.987947
1.01262
0.984493
0.981039
1.02545
1.01706
0.980052
1.02397
1.01015
0.993869
0.999791
0.996337
0.984
0.998804
0.960806
0.98548
0.989428
1.00374
1.01509
0.995843
1.00127
0.991402
0.982026
1.00226
0.987947
1.01953
0.97265
0.987454
0.995843
1.01953
1.0141
0.98696
0.978571
1.0141
1.00621
0.968702
1.01509
1.03976
1.02298
0.98548
1.00423
0.992389
0.984
1.00473
0.981532
1.00226
0.990415
0.983506
0.989921
0.988441
1.00571
1.00621
1.02743
0.990908
1.0067
1.00917
1.02891
0.988934
0.989428
1.02792
1.01213
1.01065
1.00078
0.989428
1.02348
1.01854
0.989428
0.983506
1.01361
1.00621
0.997324
0.976104
1.01114
1.03039
1.01213
1.02989
0.991402
0.978078
0.99535
1.01608
0.996337
0.992882
0.969689
1.00226
1.00226
1.00226
0.966728
1.02595
0.991895
1.03236
0.993869
1.00818
1.00423
0.971169
0.998804
1.03532
1.01114
0.998804
1.00571
1.01657
0.999297
0.982026
0.978078
0.990908
0.999297
0.983506
0.987947
0.997324
0.981039
1.01657
0.988441
1.01361
0.97265
1.0141
0.988934
1.01854
0.993376
0.997324
0.973636
0.984987
0.98696
0.984
1.00571
0.979558
1.02249
1.01311
1.01311
0.988934
0.999297
1.01114
0.980052
0.997817
0.994856
1.0373
0.985973
1.00917
0.989428
0.987947
1.01854
1.00127
0.966234
0.980052
1.00473
1.04272
0.984493
1.02595
0.987947
0.958832
0.965741
0.98548
1.00917
0.988934
0.996337
0.982519
1.02841
0.99535
0.995843
0.967715
0.988441
1.01756
0.990908
1.01805
1.00028
1.02693
0.991895
1.01114
0.992389
0.99831
1.00966
0.992882
0.99831
0.966728
1.00325
1.01213
0.998804
1.0141
0.982519
0.98548
1.01558
1.01608
1.00867
1.00769
0.988934
1.01262
1.01558
1.01015
1.04026
1.00867
0.979065
0.987947
0.99831
1.00176
0.997817
0.983506
1.03828
1.00078
0.983506
1.00769
1.02446
1.00374
1.01756
1.00028
0.995843
1.02743
1.00127
1.00621
1.0067
0.995843
0.99535
1.00325
1.00176
1.03927
0.988441
0.992389
1.00522
0.982026
0.993869
1.00719
0.990415
1.02348
0.982519
1.00325
0.983013
1.00374
0.993869
1.03039
1.00473
0.998804
1.00571
0.986467
1.02002
0.963767
0.995843
0.989428
1.02891
1.00867
1.02545
1.01065
1.03532
1.01805
0.984987
1.02446
1.00176
1.00719
0.994856
1.00423
1.022
1.01065
0.99535
0.98696
1.00226
0.967221
1.02545
1.02644
0.970676
0.979065
0.994856
1.02496
0.970182
1.00719
0.994363
1.00966
0.99535
1.00571
0.990415
1.00522
1.01657
0.988934
0.961299
0.990415
0.983506
0.983506
0.990415
0.984
1.03384
0.992882
0.991895
1.00621
1.00374
0.981532
0.993869
0.984493
0.97561
0.981532
1.04322
0.969689
0.977584
1.03532
1.00423
1.02792
1.00522
0.971663
1.01805
0.987454
0.969689
1.00078
1.01608
1.00571
1.01361
1.02989
0.989921
0.992389
1.0215
0.973143
0.992882
1.01608
0.97413
1.00769
0.968702
1.02545
1.01904
0.994363
0.99683
1.03039
1.01114
0.968702
0.99831
0.985973
1.01015
1.03581
0.98696
0.965741
0.993376
0.980545
0.981532
0.991895
1.01756
0.981039
1.00325
0.997817
1.01065
0.98696
0.998804
1.02249
0.97561
1.00275
1.00374
1.00423
0.987454
0.993376
0.965247
0.994363
1.01262
1.02298
0.989921
0.997817
0.996337
0.97561
1.03384
0.97561
0.971169
0.976597
1.00621
0.982026
1.01904
0.979065
1.01361
1.02891
1.01509
1.0067
1.01361
0.981532
1.00522
0.993869
0.981532
1.02545
0.989921
0.993869
0.983013
1.00127
1.02644
1.01657
1.00423
0.99831
0.992389
0.969689
1.01114
1.00966
0.978571
1.04124
1.00917
1.00769
0.99831
0.994856
1.00127
1.0447
0.991402
0.990415
1.01262
1.02891
1.01213
0.999791
1.01015
0.99535
0.987947
0.971663
1.02841
1.00028
0.977091
1.00028
0.984987
1.00473
1.00917
1.02052
1.01213
1.01904
1.0067
1.01706
0.986467
1.01657
1.00176
1.022
0.98548
1.0146
0.982519
0.992389
0.993869
1.01065
1.00275
0.976597
1.02052
0.960313
0.99535
1.04272
1.02052
1.01558
1.02644
1.01262
1.02693
1.00275
1.00078
1.01509
1.00078
0.971663
0.976597
0.994363
0.990908
1.0067
1.02545
0.992389
1.01706
1.02792
1.01509
0.975117
1.00818
1.00719
0.977584
1.03039
0.973143
0.98696
0.971663
0.972156
0.992389
1.0067
0.999297
1.0141
1.00275
0.99683
1.03088
1.00966
1.00127
1.00078
0.989921
1.00473
1.01262
1.00966
0.990415
1.01163
1.00078
0.958832
1.03137
0.989921
0.991402
1.00325
1.01163
0.999791
1.01509
1.01509
1.00325
0.991895
0.971169
0.985973
1.00176
0.988934
1.01114
1.01262
1.01854
1.01558
1.00176
1.02989
1.01311
1.01311
1.0368
1.00917
0.992882
0.975117
1.02101
0.991402
0.988441
0.989428
1.01361
1.04568
1.022
0.977091
1.01558
1.03631
1.01904
0.985973
1.0146
1.02446
0.999297
0.979558
1.01262
0.98548
0.993376
0.981039
1.00374
0.993869
0.965741
0.980545
0.997324
1.01114
0.985973
0.984
1.00127
0.983013
0.975117
1.01311
1.00473
1.01558
1.00571
0.994363
0.993869
1.00226
0.992882
1.0067
0.980052
0.966728
1.02348
0.965247
0.970676
1.01114
1.00127
0.987947
1.01953
0.981532
0.968702
0.984987
1.00028
1.00719
0.995843
0.97413
1.02348
0.988934
0.974623
0.995843
1.01558
1.01065
1.00473
0.990415
1.04223
1.00028
0.990908
0.986467
0.981039
1.03976
1.03631
0.995843
1.01706
1.00571
1.01904
1.03088
0.998804
0.969195
1.01953
1.01805
0.997324
1.00966
1.00275
1.01756
1.02743
0.992389
1.03828
0.98696
0.999791
1.00078
1.02595
1.022
0.991402
1.00028
0.977091
1.01756
1.00374
1.0146
1.01657
0.993869
1.01608
0.979065
0.992389
0.98696
1.00966
0.999297
0.994856
0.997817
0.996337
1.01163
0.988934
1.00867
1.02298
0.954884
1.00423
1.0067
0.990415
0.968208
1.00226
1.01065
1.00769
0.978571
1.00325
1.01114
0.982519
1.03483
0.983506
0.994856
1.00621
0.984987
0.981532
1.00423
0.992389
1.00621
0.99683
0.997817
0.998804
0.981532
0.981039
1.00818
1.01361
0.982519
1.00325
0.991402
1.01065
1.01854
0.992882
1.02989
0.978078
1.00818
0.98696
1.01854
0.996337
1.02446
0.982519
0.988441
1.01114
1.00769
1.00374
0.972156
0.982519
1.01065
0.998804
0.995843
0.989921
0.982026
0.987454
1.00769
0.994363
1.01163
0.993376
1.04124
0.985973
1.02743
1.00966
1.01706
0.979558
0.976597
0.984
0.954391
0.983506
1.03828
0.993869
0.997324
0.985973
1.01509
0.997324
1.01163
0.988441
1.01756
1.00423
0.998804
0.98696
0.989428
0.995843
0.986467
1.01262
1.0067
1.01213
1.00127
1.01558
0.99831
0.984
0.987947
0.99535
1.0067
0.979065
0.990908
1.01509
1.02002
1.01854
0.994363
1.00719
0.992389
1.01706
1.01953
0.998804
0.990415
1.0067
1.00176
1.03236
0.991895
0.993869
0.968702
0.98548
1.04026
1.02792
0.989921
0.990415
0.989428
1.00719
0.965741
0.998804
1.00226
0.977584
1.01163
1.03532
1.00374
1.00719
0.966728
0.975117
0.992389
1.01311
1.02101
0.988441
0.982519
1.01953
1.01509
0.992389
0.997324
0.99535
0.986467
0.98696
1.0141
0.958832
0.98548
0.989428
0.982026
1.00818
0.990908
0.997817
0.993376
1.00621
1.00867
0.979558
1.01163
0.995843
0.994856
1.02891
1.01114
1.01657
0.980052
0.987454
0.963273
0.984493
1.02348
1.00078
1.00176
1.00867
0.980545
0.989428
1.01657
0.975117
1.00127
1.02002
0.982026
1.00325
0.98696
0.996337
1.02002
1.01558
0.982026
1.01065
0.964754
1.00374
1.02545
1.02496
1.00423
0.993376
1.00818
1.03483
0.992882
0.997324
1.02249
1.01311
0.98548
1.01114
1.00571
1.00275
1.00374
1.00226
0.988441
1.0294
1.02989
0.985973
0.983013
0.968208
0.99831
0.96426
0.987947
0.977584
0.999297
1.00719
1.01262
0.978571
1.00966
0.984
0.990908
1.01509
1.01213
1.02496
1.02002
0.979065
0.990415
0.997324
0.965741
1.01361
1.01706
0.999297
1.01805
1.01558
0.99535
0.98548
1.01114
0.976597
0.998804
0.989428
1.00966
1.02298
1.00325
1.00719
1.03483
0.984987
0.98696
0.979558
1.00867
1.0215
0.99831
1.0067
0.999297
0.978571
1.00423
1.02545
0.988934
1.01065
0.984
1.00423
1.00176
1.01706
1.00127
1.03285
1.00127
1.00571
1.00966
1.0067
1.02595
1.00917
1.02348
1.03878
1.02496
1.00473
1.01262
1.05013
0.997817
1.00423
1.00226
0.999791
1.00621
1.00917
1.02644
0.999297
0.990415
1.00621
1.01213
1.00226
1.02348
1.00078
1.00719
0.957845
0.985973
1.04174
0.992389
0.998804
0.981039
1.00571
0.99831
0.999791
0.997817
0.990908
0.947976
0.98548
0.958832
1.01015
0.99535
1.01015
0.984
0.982519
0.988441
0.997324
0.975117
0.997324
1.00719
0.993376
0.97561
0.984493
1.01854
1.00078
0.976104
1.01706
1.0067
0.994363
0.980545
1.01558
1.01608
0.991402
0.988934
0.994856
0.970676
0.998804
0.96278
0.979065
0.992882
0.977091
0.981039
1.02446
0.997817
0.981532
1.0146
0.999791
0.988934
1.02002
0.991895
1.01213
1.03828
0.963767
1.01953
0.98548
0.99831
1.00028
1.01756
0.979558
0.993376
0.99683
1.02446
1.02743
1.02002
1.00226
0.978078
1.01114
0.968208
1.03433
1.00325
1.01262
0.988441
0.988441
0.954391
1.00571
1.00374
0.983013
1.00769
1.00275
0.999297
1.00176
1.01065
1.00176
0.986467
1.0294
0.994856
1.01311
1.00966
1.01262
0.988441
1.02693
0.993376
0.982026
1.01262
1.00176
1.02052
0.970182
0.99535
0.992389
1.01015
1.00818
1.02693
0.99831
1.02496
0.993869
1.00374
0.999791
0.982026
1.0368
1.01015
0.993376
1.00719
1.00473
0.976104
1.0141
1.0447
0.985973
1.00275
0.98548
1.0067
0.994363
0.987947
0.971169
0.998804
1.0067
1.02052
0.99831
0.98696
0.978571
1.00374
1.00275
1.01015
1.00176
0.988441
1.01657
0.986467
1.01213
0.993869
0.980545
1.0294
1.00719
0.993376
1.02002
0.992882
0.998804
1.02348
0.985973
0.984987
0.977091
1.01706
0.994363
0.987454
1.03039
0.991402
1.0067
0.983506
0.994363
1.01213
0.964754
1.02002
0.978571
0.99831
1.01805
0.978571
0.965247
1.01361
1.02693
0.988934
0.991895
1.01805
1.01854
1.00176
1.00818
1.01015
1.01608
0.987947
1.03335
1.00917
1.00818
1.01854
0.98548
1.01706
1.00473
1.00966
1.02496
1.01953
1.01015
0.977584
1.01558
1.01657
0.981039
1.04124
0.972156
1.00571
1.00818
0.984493
1.02052
0.989921
1.022
0.982519
1.0294
0.987947
0.991402
0.981039
0.990908
0.980545
0.959819
0.991402
0.980052
0.976104
0.989921
1.02792
1.0294
1.02841
0.979558
1.00226
0.99831
0.99831
1.0146
1.02693
0.978571
0.986467
1.00867
1.00374
0.995843
1.02545
0.982026
1.01657
1.00818
0.999791
1.00818
0.987454
1.01805
0.988934
1.01608
0.992389
0.984493
1.03581
0.991402
0.977091
1.00818
1.01953
0.991402
1.02397
0.993869
1.01015
0.981039
1.0067
0.993869
1.02545
1.02249
1.00374
0.984
1.00966
0.977091
0.979558
1.00325
1.0146
1.01706
1.00275
1.01361
0.992882
1.00127
1.00522
1.00325
0.98548
0.984493
1.01608
1.01706
1.00423
1.00719
0.975117
1.02446
1.01311
1.00917
1.01657
1.00374
1.02891
0.993869
1.00867
0.993376
0.989921
1.01163
0.98696
1.02496
0.985973
0.969689
0.978078
1.04322
1.03976
0.996337
1.02545
0.993376
1.00917
0.990908
0.99831
0.993376
1.00275
0.998804
0.966234
1.02891
0.98548
1.00769
1.00621
0.989428
1.00966
1.00867
0.989921
1.01509
0.99683
0.997324
1.02693
0.961793
0.981039
1.00621
0.980052
1.01311
0.99831
0.969689
1.04371
1.03236
0.990908
0.979065
0.999297
0.987947
1.05555
1.00473
0.998804
1.00226
0.999297
0.992882
1.02101
0.959819
1.00818
1.01262
0.983506
1.01114
0.982026
1.00867
1.00028
1.01706
1.00275
1.02446
1.00078
0.978078
1.02249
0.956858
0.98696
0.999297
1.00571
0.97561
1.02545
0.998804
0.987454
1.00176
0.968208
0.992389
0.993376
0.983506
1.0141
0.98548
1.00028
1.00522
1.02052
1.03236
0.996337
0.977091
0.99683
0.99535
0.972156
1.01311
0.999297
0.983506
0.989428
1.01065
0.988441
0.992882
0.991402
0.99683
1.01213
1.01558
0.988441
1.02002
0.996337
1.00028
1.02989
1.00621
0.99683
0.989921
1.01657
0.983506
0.98696
1.01805
0.995843
0.99683
0.987947
1.00522
1.00769
1.03483
0.977091
0.958339
1.00028
1.00176
0.985973
1.04223
0.995843
0.992882
1.01657
1.02743
0.994856
0.996337
0.983506
0.988441
0.990908
0.984
1.01509
0.986467
1.00571
0.991895
1.03236
1.00719
1.01163
0.992882
1.0141
1.00818
0.990908
0.999297
0.974623
1.0067
0.991895
1.00374
0.985973
1.02249
0.966728
1.00078
1.01904
0.987947
0.991895
0.996337
1.0067
0.984987
0.985973
1.00275
1.02397
1.01015
0.958832
0.976104
1.02693
0.990415
1.00325
0.974623
0.999297
1.02249
1.01509
1.00226
0.991402
1.01657
0.991402
1.01657
0.972156
1.01163
0.993376
1.05753
1.00473
0.959819
1.01015
1.02101
0.983013
0.978078
1.00275
0.997324
0.999791
0.97413
1.01114
0.993869
0.982026
0.99535
0.970676
0.999791
0.99535
0.982026
0.985973
1.02052
1.02595
0.981532
0.990415
0.989428
1.01904
1.00028
1.0067
0.999297
0.98696
0.984493
0.993376
0.993376
0.999791
0.987454
0.988441
0.997324
1.01558
0.987947
0.992882
0.997817
1.00374
0.99683
1.00719
0.97413
1.03483
1.01262
0.992389
1.01361
0.991895
1.00325
1.02249
1.01361
1.00226
0.983013
0.987454
1.0067
1.0215
1.03187
1.00571
0.990908
1.02841
1.01262
1.00473
0.992389
0.979558
0.993869
1.01608
0.99535
0.998804
0.979065
1.00325
0.982026
1.01262
1.00571
0.979558
0.968702
0.997817
1.02101
1.04223
0.986467
1.01509
1.02891
0.96278
1.03828
0.99831
0.96278
0.99535
0.979558
0.994856
1.00621
1.01065
1.02249
1.03433
1.01854
0.994363
1.02891
0.971169
0.991895
1.00226
1.00719
1.02298
0.991895
0.996337
0.984
1.01904
1.02002
1.02397
0.988934
0.987454
0.999791
1.00917
1.00028
0.988934
0.994856
1.00769
0.968208
1.00423
1.00966
0.98696
0.976104
1.0521
0.977584
0.984987
0.988934
0.990415
0.961299
1.03483
1.0215
1.01311
1.00226
1.02052
0.995843
1.03335
1.00473
1.00966
1.01904
1.00966
0.960313
0.984
0.969689
1.00275
0.977091
0.967715
0.99683
0.980545
1.00275
0.994363
1.00473
1.03631
0.997817
0.981532
1.00325
1.02348
1.02989
1.00374
1.00719
0.965741
1.00423
1.01065
1.01262
1.00078
0.974623
0.988934
0.965741
0.989428
0.996337
1.02792
1.01805
1.00867
1.03581
0.984987
0.977091
1.01262
1.01756
0.994363
0.990415
0.994363
1.00078
1.00571
1.0141
0.965741
0.968208
0.988441
1.0141
1.01953
1.01854
0.989921
1.01558
0.997324
1.0067
0.997817
1.0141
0.990908
1.01805
1.01262
0.983013
0.978571
0.966234
1.01163
0.99535
1.0368
0.983013
1.02496
1.00818
1.00621
0.965247
0.998804
0.966728
0.975117
0.97413
0.988934
0.978571
1.02644
1.01213
0.978078
0.988934
0.968208
0.98696
1.03137
0.968702
1.00867
0.960806
1.00275
1.01657
0.989921
1.00176
1.0067
0.993869
1.01608
1.03483
1.01213
1.00818
0.974623
1.00325
0.990415
0.997817
1.02644
0.970182
0.997324
0.979065
1.00719
1.01213
1.00226
0.99831
0.994856
0.991895
1.02891
1.0146
0.989921
1.01015
1.0146
0.994856
0.995843
0.99831
1.02545
1.00176
1.01361
0.997324
0.98696
1.01065
0.979558
1.01558
1.00423
0.992882
1.00127
0.986467
1.01805
1.00917
0.968702
0.990415
0.995843
0.988441
1.00867
1.03433
1.022
0.999297
0.994856
0.999791
1.00176
0.99535
1.01608
1.00325
0.956858
0.999791
1.00275
0.964754
0.993376
1.01805
0.969195
0.990415
1.00275
1.00966
1.02841
0.987947
0.994856
0.99535
0.976104
0.999297
0.970182
1.01904
1.01262
1.00127
1.00917
0.988934
1.00867
1.01114
1.01163
1.03631
1.022
0.983013
1.01262
0.997817
0.994856
1.01065
0.997817
1.01854
0.99683
0.994363
0.992389
1.00423
1.0067
1.0141
1.00867
1.00078
0.982026
1.00769
1.00621
0.989428
0.990415
0.990908
0.969689
0.997324
1.00571
0.978571
0.973143
1.00325
0.986467
1.02644
0.993376
0.982519
1.02792
1.02595
0.961793
0.983506
0.976104
0.99831
0.986467
0.993869
0.999791
0.980545
1.01509
0.998804
0.991402
1.00473
1.00719
1.02595
1.00867
1.01509
1.01361
1.02249
1.00621
1.01213
1.0067
0.977091
1.0215
1.00522
1.00028
1.01805
1.03384
1.00473
0.991895
0.990908
0.99831
1.01608
0.972156
0.999791
0.957352
1.00226
0.987947
1.01558
0.990415
1.02052
0.998804
0.991895
0.997324
1.00226
0.970676
1.00867
0.98696
0.974623
1.00374
1.00127
0.980545
0.99535
1.02052
1.01953
1.01558
1.01706
0.982519
0.989428
0.999297
1.01657
0.987947
1.01361
1.03384
0.992389
1.04075
0.998804
0.997817
1.00275
0.994363
0.980052
1.02446
1.0215
0.990908
0.999297
1.01015
0.999297
1.0067
1.02891
0.980545
0.994363
1.00867
1.00571
1.00867
0.984987
0.967715
1.01706
0.99831
1.02298
1.00423
0.994363
1.00571
0.993869
0.993376
1.00769
0.990415
0.994363
0.988441
0.977584
0.983013
0.976597
0.999791
0.987454
1.01904
1.01213
0.997817
1.00226
0.993869
0.999297
0.99831
0.999297
0.973636
1.00423
0.984
1.00818
0.998804
0.976104
0.989428
1.0067
0.993376
1.00867
0.986467
1.00571
0.965741
1.00571
0.997324
0.978078
1.00473
1.03137
1.0215
0.974623
0.981532
0.993869
1.0146
1.00176
0.995843
1.00423
1.01361
1.03433
0.999297
1.0067
0.991402
0.998804
0.963767
1.00522
1.05753
1.01608
0.995843
0.991895
1.01213
1.03483
0.99831
1.00423
0.997817
1.00226
0.971169
1.00127
0.983506
0.976104
1.00423
0.994856
1.01015
1.01509
0.951923
0.939586
0.979558
1.01608
1.00275
1.00374
1.00571
0.998804
1.00522
0.990415
1.00325
0.997324
1.022
1.00719
1.01756
0.979558
0.979558
0.97265
1.01015
0.961299
1.02595
0.999791
0.993376
1.03335
1.00226
0.999791
1.01558
0.990415
0.976597
1.03187
1.02644
1.05062
1.02397
1.00473
0.990415
0.988441
1.00078
0.961793
1.01065
1.00226
1.03976
0.99683
0.996337
0.986467
1.0294
1.01509
1.022
0.992389
0.958832
1.01558
1.00127
1.01509
0.987947
0.991402
1.00621
1.0141
0.990415
1.00571
1.00127
0.98548
0.994363
1.01706
1.03187
1.00325
1.00769
1.00078
1.00917
1.02397
0.979558
1.00374
1.00127
0.997817
0.97265
0.992389
0.997817
0.983506
1.00917
0.998804
0.996337
1.02595
0.988934
1.00325
1.02298
1.00966
0.976104
0.999297
1.00176
1.0146
1.02052
0.994363
0.98548
1.01262
1.00571
1.00966
0.993869
0.99535
0.976597
0.998804
1.00078
1.01015
0.964754
1.03532
0.976597
1.00473
0.98696
0.972156
1.04272
1.01163
1.01361
0.99535
0.993376
1.00176
1.01163
0.983013
1.00275
0.982026
1.0067
0.982519
1.02101
1.0141
0.99535
1.01065
0.988934
0.978078
0.994856
1.01608
0.986467
1.00127
0.993376
1.04371
1.0141
1.01608
1.00867
1.00176
0.984
1.00966
1.01509
0.983013
0.999297
0.985973
0.987454
1.0368
1.022
1.00275
1.00226
0.988441
1.00226
1.00325
0.98696
1.00719
0.993376
0.985973
0.993376
1.00867
0.988441
0.979065
0.999791
1.02693
0.990415
0.985973
1.00127
1.01657
0.991895
0.999297
0.994363
1.00374
0.986467
0.980052
0.980545
1.01953
0.980545
0.98696
1.03581
1.01311
1.01262
0.98696
0.999791
1.00769
0.987947
0.980545
0.976104
0.992389
0.970676
0.991402
1.01904
0.990908
1.00522
0.971663
1.04223
0.994856
1.00078
0.983506
0.997817
0.99831
0.991895
0.984987
1.02249
0.992389
1.00028
0.992882
1.01657
0.999791
0.997324
0.994856
0.989428
0.993869
0.997324
1.01065
0.971663
0.999791
1.01706
1.01015
1.00818
1.02101
1.01706
1.01657
0.98696
1.00719
1.00127
1.01756
1.01558
1.01608
1.02397
0.980545
1.00374
1.01805
1.00325
1.03779
1.01706
1.00867
0.992389
0.984493
0.975117
0.999791
1.00127
1.02446
1.03236
1.01114
1.01608
1.02595
1.0146
1.01114
0.997324
0.984493
0.985973
1.02792
1.00423
0.993869
0.992389
0.99683
0.970676
0.987947
1.01953
1.03039
0.999297
1.01657
1.00966
0.973636
0.999297
1.00423
1.04815
1.00325
0.977584
0.988934
1.01854
1.00818
0.990908
0.970676
1.01904
0.982026
0.979558
0.974623
1.00127
1.00917
1.00917
0.997817
1.03039
1.00621
0.993869
1.00078
1.00867
1.00571
1.00522
1.00374
1.00028
0.984
0.971663
1.01608
0.999297
1.01311
0.973636
1.02101
1.00571
0.992389
1.02891
0.966728
1.01114
1.02002
0.98696
1.01953
1.00176
0.999297
1.00917
0.970182
0.994363
0.992882
0.984987
1.0067
1.0067
1.02249
0.976597
1.03433
0.992389
0.988441
0.97561
1.00078
1.02101
0.98548
1.01756
1.00423
1.01854
1.01854
0.978571
1.02644
1.02545
0.991895
0.968702
0.997817
0.997817
0.986467
1.02101
0.997324
0.99535
0.988934
1.01904
1.00078
0.991402
0.999297
1.01065
1.00226
0.991895
0.990415
1.00473
0.997324
0.997324
0.984493
0.998804
1.0215
1.00176
1.00226
1.00127
0.99535
1.01361
0.992389
0.973143
0.991402
1.00078
0.990415
1.00176
0.966728
1.01213
1.00325
1.03187
1.00571
0.988441
1.0067
1.00028
0.982519
1.01904
1.03137
1.01213
1.01163
0.978571
1.02841
0.97561
1.03285
1.00867
0.993376
0.987454
1.01311
1.00621
1.01361
0.99831
1.00176
1.01114
0.989428
0.994856
0.97413
0.984987
1.00818
0.971663
1.01608
0.993869
0.99831
1.01509
1.00325
1.00028
1.01065
0.992882
0.977584
1.0146
0.992882
0.986467
0.984987
0.964754
0.983506
1.00028
0.982519
1.00719
1.01114
0.989428
0.995843
1.01361
0.987947
1.00818
1.00522
1.00769
0.96278
1.00818
0.984
0.99535
1.00374
1.00522
0.997324
1.00325
1.02446
0.971169
1.00917
0.997324
0.981039
1.01114
0.993376
0.994363
1.00621
0.99535
1.01805
0.989428
0.986467
0.96426
0.990415
0.966234
1.00028
1.01114
1.00966
0.988934
0.998804
1.02101
1.03581
0.992882
1.0146
1.02595
1.01065
0.998804
0.987947
0.978571
1.00473
1.00226
1.02595
1.00028
1.01657
0.980052
0.99535
1.00226
1.01311
1.0067
0.982519
1.02298
1.00769
0.99535
0.990908
1.00374
0.988934
1.00127
1.02545
1.00275
1.00867
1.02397
0.973143
0.991402
1.00078
0.958339
0.97413
1.00127
0.983013
0.982026
1.00769
1.01509
1.00028
0.983506
0.979558
0.99683
1.01361
0.986467
0.988934
1.01657
1.02249
0.997817
0.997324
0.978571
1.0215
0.980545
0.991895
0.978078
0.989921
0.980052
0.983506
1.01361
0.997324
1.01657
0.991895
0.997324
1.01805
1.01311
1.022
1.03088
0.977091
1.01213
1.00028
1.01953
0.982026
0.984987
1.00176
0.99683
1.00028
0.965247
0.996337
0.981532
1.00571
0.992882
0.984987
1.00028
1.02743
1.01608
0.994856
1.01756
0.988934
1.0215
0.971663
1.02298
0.990415
0.998804
0.99683
1.02249
0.99831
1.01904
1.01311
0.998804
1.00028
1.00226
0.97561
0.967221
0.967221
0.967715
1.00621
1.01262
0.992389
0.98548
1.03088
1.00226
1.00867
1.00078
1.00275
0.994856
1.01065
0.985973
0.997324
1.02891
1.0141
0.98548
0.991895
1.01509
1.00028
1.00966
0.992882
1.01706
0.997817
0.987947
0.969689
1.00275
0.99535
0.984
0.992389
1.00127
0.995843
0.988441
1.02446
1.01361
1.01657
0.985973
1.01904
0.994363
0.99683
0.968702
0.990415
0.982519
0.998804
0.990415
0.993869
1.0141
0.981039
1.01361
1.00226
0.994856
1.00226
0.991402
1.01706
1.03532
1.02792
0.992882
1.00719
1.00621
0.960313
1.00325
1.01065
0.997817
1.01608
0.986467
0.986467
0.990908
0.994856
0.983013
0.99683
0.984987
1.00127
1.03828
1.00176
1.01657
0.999791
0.988934
1.0294
0.98548
0.993376
1.00621
1.00769
1.01361
1.01558
1.0141
1.00275
1.02644
0.998804
1.00374
1.00719
0.97265
0.998804
0.98548
0.99831
1.02446
0.989428
1.01114
0.978571
1.01854
1.00226
1.00571
1.022
0.982519
1.00571
1.00028
1.0146
0.988441
1.02397
0.984987
0.987947
1.01361
1.01756
1.00522
0.99535
0.990415
0.975117
0.994856
0.99683
1.00769
0.988934
1.00769
0.995843
0.997817
1.00867
0.96426
0.967715
0.985973
1.00818
0.994363
1.00028
0.993869
0.997817
1.01608
0.980052
1.00867
0.993376
0.977091
1.022
0.995843
0.973143
0.999791
0.991402
0.968702
0.984493
0.984987
1.01262
0.977091
1.03433
1.00176
1.03088
0.982026
1.0215
1.01361
0.988934
0.968702
1.00374
1.00621
1.00966
1.00275
1.0215
0.982519
1.00966
1.00769
0.984
1.01361
0.97561
0.994363
1.00127
0.990415
1.01509
1.01558
0.994856
0.978571
1.00966
0.997817
0.992882
1.00374
0.971169
0.977584
0.99535
0.988934
0.984
1.01953
1.00719
1.04667
1.01262
0.969689
0.992882
0.99831
1.02348
1.04717
0.983506
0.986467
1.00473
0.991895
1.00769
0.975117
0.992882
1.02052
1.02644
0.983506
0.99683
1.00571
1.01904
1.0067
0.999791
1.01163
1.01509
0.99535
1.00769
0.97265
0.963273
1.02052
0.993869
0.988934
1.01213
0.977584
1.01163
0.992389
0.977091
0.989428
0.966728
1.01756
1.00226
1.02446
1.01163
0.991895
0.982519
0.984987
1.00621
0.996337
0.968208
1.00522
0.99683
0.963767
0.988934
0.994856
1.00176
1.00127
0.992882
1.00226
1.03187
1.0067
0.972156
0.986467
1.01213
1.01657
1.00818
1.01163
1.00325
1.03976
0.994856
0.961299
0.999297
0.984493
1.02397
0.999297
1.02348
0.991895
1.01114
0.977091
0.975117
0.997817
1.00917
1.00423
0.988441
1.00275
1.01657
1.00423
1.01262
0.99683
0.98696
0.987454
1.0146
1.0146
1.02101
0.982519
1.01756
1.01706
0.98548
0.993869
1.01756
1.01361
0.991402
0.971663
1.00522
1.0141
1.00176
1.00473
0.98548
0.991402
1.00867
1.01558
0.983506
0.993869
0.989428
0.984
1.01805
0.994363
0.978571
1.00028
0.999297
1.02397
0.957845
0.989921
0.99683
1.00473
0.982519
0.987454
1.02792
1.0067
0.992882
0.986467
1.00275
0.972156
0.984
0.989921
1.03828
0.997817
1.01558
1.01657
0.992882
0.97561
0.984
1.0141
1.02496
0.999791
0.981039
0.976597
1.00275
1.00818
1.01262
0.971663
1.01311
0.987947
0.988441
1.01509
1.03384
1.01657
1.03285
1.02397
0.999791
0.999791
0.97561
0.968208
0.99831
0.989428
0.960313
0.987454
1.01065
1.04322
0.972156
1.00226
0.978571
0.991895
1.00078
0.987947
1.00176
1.00127
1.00028
1.00769
0.983506
1.02743
1.01904
1.0215
1.01953
1.00522
0.985973
1.00867
0.994363
0.989428
0.989428
1.00966
1.0067
0.989428
1.01015
1.01065
1.00423
0.999297
0.988934
1.01163
0.999297
1.02052
1.03927
0.968208
0.97561
0.997324
0.991895
0.990908
0.986467
0.999297
0.987947
1.00325
1.0067
1.01213
1.02545
1.0215
0.974623
0.982519
1.00226
1.00226
1.00571
1.00522
1.01509
0.997324
0.993869
0.97413
0.983013
1.02841
0.99831
0.984
0.965247
1.01904
0.974623
1.00769
0.958339
1.00769
0.990908
0.992389
1.01657
0.981039
0.98696
0.984493
0.983506
0.976597
0.973143
0.990908
0.991895
0.99831
0.965741
1.01706
0.999297
1.00423
0.984
0.992882
0.987454
0.989428
1.00374
1.0141
1.00176
0.999791
1.00769
0.979558
1.00621
0.98548
0.985973
1.02644
1.00621
0.999791
0.980545
0.98696
0.974623
0.978571
0.984987
1.00621
1.00917
0.980545
1.0067
0.998804
1.0067
1.01262
0.979065
0.985973
1.04174
0.988441
1.0373
1.00571
1.00621
1.01657
0.991895
1.02052
0.964754
0.99831
1.0447
1.04865
1.00176
0.994856
1.02693
0.966234
1.00917
0.984493
0.989428
1.01706
1.01904
1.02545
0.982026
0.98548
1.00719
1.01065
1.02052
1.00078
0.999297
0.998804
1.02002
1.01114
0.978571
1.00226
1.00078
1.00374
0.963273
0.978078
0.990908
1.00867
0.994363
0.980052
0.973143
1.00423
1.00325
0.99831
0.982026
0.992882
0.991402
0.988441
0.986467
0.979558
0.98696
1.00325
1.01262
0.995843
1.00867
1.01805
1.00719
0.956858
0.988441
1.01361
1.00226
0.961793
1.02101
0.994363
1.00473
1.00374
0.983506
0.999791
0.990908
1.03335
0.990908
0.99535
1.02298
0.980545
1.03088
0.99535
1.00917
0.997324
1.00769
1.01657
0.970182
0.97561
0.990908
1.00867
1.01854
1.00028
1.0373
0.977584
0.982519
1.00719
0.998804
0.994856
0.973143
0.99683
1.0146
1.02743
1.01756
0.986467
1.00374
1.0215
0.984
0.963767
0.992882
0.999791
0.994363
0.985973
0.990908
0.98548
0.998804
0.96426
0.983013
1.00522
1.00423
0.994363
0.95143
0.993869
0.996337
1.02644
0.972156
0.984493
0.991402
1.01065
0.991895
0.998804
1.01015
0.992882
1.01805
1.03631
0.994363
1.02249
1.02545
1.01361
0.99535
0.957845
0.97561
1.01015
0.999791
0.99535
1.02446
0.999297
1.01608
1.01904
0.96278
1.00078
1.01213
1.03187
0.994363
1.01114
0.966234
0.989921
1.01756
0.993376
1.01015
0.988934
1.00621
0.994363
0.971663
0.984493
1.0215
1.0146
0.982519
0.982519
1.0215
1.04124
0.973143
0.979065
1.02348
0.979065
1.00325
1.04519
1.00917
1.00571
0.992389
0.99683
1.00127
1.00818
1.00176
1.00473
0.991895
1.00522
0.999297
1.00275
1.00374
1.00127
1.00571
0.999297
0.985973
0.991402
0.979558
0.997324
1.01114
0.996337
0.98696
1.00621
0.984
1.01311
1.01213
1.00028
0.996337
0.999297
0.992389
0.991402
0.987947
1.00423
1.00028
1.00127
0.977091
1.01805
0.988441
1.01706
0.997817
0.97413
0.98696
0.991895
0.979558
0.99683
1.01558
1.01854
0.989921
1.01361
0.992389
1.01361
1.01608
0.972156
0.98696
0.984
0.980545
1.00719
1.00917
1.01854
0.98696
0.98696
1.01361
0.967221
0.987947
1.03285
1.03137
1.00078
1.01706
0.995843
0.985973
1.00769
1.00917
1.0067
1.00966
1.01015
1.01805
0.984
0.983013
0.982026
0.991402
1.00769
0.990415
1.0067
1.00275
0.997324
0.982519
0.988934
1.02298
0.985973
1.00374
0.997324
0.995843
0.990908
1.01706
1.00176
0.995843
1.00966
1.01213
1.01608
0.997324
0.997817
1.00176
1.01163
0.994856
1.00818
1.00719
0.98548
1.01163
0.992882
0.966728
0.983013
0.977091
1.00522
1.00028
0.985973
1.00176
0.968208
1.02841
0.983506
1.01854
1.01657
1.00769
1.00078
0.996337
0.988934
1.00769
1.00325
1.00818
1.00719
1.01065
1.01361
0.981039
1.03088
0.99683
1.00423
0.946989
1.03384
0.99831
1.01904
0.966234
0.984
1.02743
0.958832
1.02348
0.978078
1.01608
1.01558
1.00127
0.974623
1.0067
1.01657
0.983013
1.00423
0.989428
1.00769
0.987454
0.991402
1.01065
1.01558
0.991402
1.00571
1.01311
1.02298
0.981532
0.988934
1.02595
1.01558
1.01114
0.998804
1.01756
1.00966
0.98696
1.00571
1.02249
0.989921
0.994856
0.984987
0.993869
1.00127
0.998804
1.01163
0.999297
0.99535
1.02595
1.00275
1.01854
0.98548
1.01361
0.996337
0.992882
0.971169
0.988934
0.995843
1.00522
1.0146
1.02792
0.989428
0.983013
1.00917
0.997324
0.97561
1.00522
0.99831
1.00522
1.01262
1.01163
0.979558
0.993376
0.995843
1.01756
0.97265
0.999297
1.00176
0.98548
0.98548
0.988441
1.02002
1.00571
0.993376
1.01608
1.01706
0.992389
0.966234
1.01262
1.00275
0.988441
1.00769
0.991402
1.01163
1.03433
0.976597
1.00374
1.00325
1.01114
0.99831
1.01657
0.97413
1.01756
1.00423
0.965741
0.988441
0.976597
0.991402
0.99535
1.01311
0.987947
1.00028
0.997817
0.992389
1.02348
1.01361
1.00374
0.978571
0.981532
0.980545
1.02397
1.01114
0.990415
0.991402
0.995843
1.01509
1.00028
1.00078
0.989921
0.97561
0.998804
0.973636
0.988441
1.01805
1.00917
1.01361
1.00226
1.00818
1.02891
1.00176
1.00621
1.03285
0.990908
1.01065
0.965741
1.00325
1.00769
0.988441
1.02693
0.988934
0.987947
1.00028
0.969689
1.00473
0.974623
0.993376
1.0215
1.01213
1.01854
1.03335
1.0294
1.0141
1.00028
1.00917
0.99535
1.00966
0.991895
1.03137
0.999297
1.02595
0.991895
1.01361
1.04026
1.02052
0.98696
0.984987
0.986467
1.01114
0.986467
0.990908
0.996337
0.973143
1.01065
0.996337
0.968702
0.982519
0.982026
0.994363
0.986467
0.983506
0.997817
1.03285
0.993376
0.99535
1.03187
1.05358
0.985973
1.01706
1.01805
1.01163
0.998804
0.995843
0.993869
1.01953
0.995843
0.978078
0.99831
0.990908
1.00966
1.00621
0.979558
1.00719
1.00127
0.992389
0.968208
0.988441
1.01361
1.00719
1.02298
0.988934
0.99535
1.02743
1.01262
1.00078
0.979558
0.980052
1.00374
1.00473
0.984987
0.99683
1.01953
0.991895
1.01657
0.969195
1.00078
0.998804
1.01558
0.995843
0.984493
1.0146
0.985973
1.00127
0.99831
1.04815
0.992882
0.995843
1.00966
1.02743
0.99683
0.990908
0.986467
1.00226
1.01608
0.981039
1.01756
1.0294
1.01657
0.979558
0.984
0.987454
1.01904
0.99535
1.00325
1.00473
0.991895
1.01558
1.00078
0.973636
0.972156
0.987947
1.00028
0.994363
1.00571
0.989921
1.00226
0.997817
0.97413
1.01213
1.01706
0.991895
0.958339
1.02446
0.992882
1.01311
0.984
0.945015
1.00078
0.979065
1.01361
1.00621
0.991402
0.973636
0.986467
0.997324
1.00325
0.994363
0.99535
0.978571
0.991402
0.972156
1.01805
1.01213
1.01608
0.994363
1.01361
0.99831
1.00966
0.992882
0.97561
1.01805
1.00473
1.06542
0.989428
1.00867
0.99831
0.979558
1.01213
0.99683
1.00818
0.981039
0.975117
1.03137
0.98548
0.992882
1.01262
0.984493
0.999297
1.00867
0.975117
1.01262
0.974623
1.0294
0.99535
1.00028
1.00325
1.02792
1.00917
1.01311
0.99831
1.01262
0.981532
0.992882
1.01953
1.03088
0.96426
0.995843
1.00176
1.05111
0.984
1.00867
1.00473
1.02792
1.00719
1.0141
0.977091
1.01065
1.00818
1.01065
0.986467
1.00719
1.0141
0.992882
1.01904
1.0215
1.01213
0.997817
1.02298
0.988441
1.03285
1.0368
0.99831
1.00325
0.982026
1.02595
0.984
1.02792
1.03285
0.976597
0.99831
0.997817
1.01262
0.99535
1.02792
1.01114
1.01509
0.994363
1.00423
0.951923
0.994856
1.01163
0.983506
0.961793
1.00176
1.00571
1.00176
1.00374
1.02348
1.02496
1.01311
0.982519
1.00571
1.00917
0.97561
1.00818
1.00028
1.01114
0.981039
1.01904
0.982026
1.00473
0.968208
1.03828
0.990908
0.983506
1.00078
0.976104
1.02743
1.00275
1.00423
0.973636
0.985973
1.00867
1.00867
1.00473
0.985973
0.97265
1.01163
0.984987
0.988441
0.987947
1.02002
1.00325
0.968208
1.02446
1.01015
1.00966
1.01114
1.04272
0.983013
1.02249
0.976597
1.00966
1.00522
0.993869
0.998804
1.02052
1.04223
1.01953
0.989921
0.985973
0.996337
1.01065
1.02693
1.00325
1.02891
0.998804
1.01163
1.02891
1.0141
0.992389
0.99831
1.01262
0.994856
1.00374
0.988934
1.03878
0.963767
1.02644
1.0067
0.988441
1.01262
0.977091
1.0067
0.998804
0.980545
0.989428
1.01706
0.977091
1.00769
0.984493
1.00078
1.00028
1.00078
0.997324
1.0294
0.991402
0.967221
1.01361
0.990415
0.996337
1.01706
0.975117
1.00818
1.04914
0.978571
1.00275
1.00374
0.999297
0.990908
1.02249
1.00028
0.993869
0.993376
0.997817
0.987947
1.00966
0.995843
1.00522
1.00374
0.990415
1.01706
0.95291
1.01065
1.0141
0.996337
1.00621
0.979558
1.00522
0.98696
1.02298
1.02841
0.988441
0.999297
1.0215
1.00621
0.998804
0.99831
1.01213
0.995843
0.997324
0.990908
1.00621
1.01213
0.977091
1.00226
0.998804
0.972156
1.00325
0.98548
1.02496
1.01706
0.991895
0.998804
1.00374
0.981039
1.02249
0.98696
1.01311
1.00571
0.994856
1.03433
0.986467
0.987454
1.00621
1.01114
0.97561
1.02496
1.02496
0.973636
0.987947
0.996337
1.00423
0.994363
1.00621
1.00176
0.991402
0.995843
0.981039
0.99683
1.01706
0.979065
1.00275
0.991895
1.0146
0.997324
1.0141
1.00176
0.990415
0.970182
1.02397
1.01213
0.992882
1.0067
0.998804
1.01163
0.988934
0.958832
1.00127
1.00522
0.99831
0.967221
0.977584
0.985973
0.990415
1.04519
1.03976
1.00275
1.00769
1.02743
1.04174
1.01163
1.01065
1.00127
1.00127
1.00818
1.03285
1.01953
0.998804
0.999791
0.989428
0.970676
1.0146
0.982026
0.965741
1.03137
1.01262
1.00769
1.02249
0.995843
1.01509
1.00522
1.03483
1.00275
0.984987
0.974623
1.00719
0.99831
0.986467
0.99535
1.01262
0.997324
0.97561
1.01805
1.00325
1.02644
1.00769
1.00769
0.99683
0.988934
1.02644
1.01213
0.980052
1.00078
1.02002
1.03532
0.987947
0.991895
0.979558
0.991402
0.977584
0.997324
0.995843
0.990908
1.03384
1.01558
1.01065
1.01805
0.98548
0.971663
1.01558
1.02052
0.990415
0.96278
0.965247
0.987947
1.0215
0.994363
0.98696
1.03581
0.984987
1.01311
0.974623
1.00127
0.991895
1.00917
1.00966
1.00028
1.01509
1.01114
0.986467
0.994363
1.00522
0.997817
0.982026
1.01953
0.99683
0.989428
0.997324
0.988441
0.991402
0.970676
1.01015
1.01805
0.984987
1.01509
0.980545
1.00275
0.980052
0.972156
0.990415
1.00522
1.00127
0.99831
1.00473
1.00473
1.01756
0.999297
1.00769
0.982026
1.02101
1.00522
1.02002
1.00275
0.991895
0.997817
0.979065
1.01608
1.00621
0.999297
0.985973
1.02249
0.963273
0.992389
1.0146
1.01015
1.00621
1.02989
0.999791
1.00176
1.01015
1.00127
0.984493
1.01262
1.00325
1.00917
1.01213
1.02595
1.00867
0.99683
0.964754
1.0146
0.994856
1.00176
1.01311
1.00176
1.00473
0.990415
1.00275
1.00818
0.999297
0.987947
1.0146
0.987454
1.02052
1.01657
1.00473
0.985973
1.01262
1.00867
1.01953
1.01706
1.01163
1.01311
0.994363
0.967221
0.971169
0.991895
0.971663
1.01854
0.968702
0.990908
1.00818
0.984
1.00374
0.993376
0.992389
0.969689
1.01213
0.995843
1.00374
0.987947
1.02792
0.981532
1.01163
0.97561
0.999297
1.00423
1.0146
0.980052
0.992389
0.968208
0.98696
1.02891
1.00127
1.0368
1.0215
0.985973
1.01953
1.0141
0.991895
1.00867
0.982026
0.999297
0.983506
0.988934
1.00325
1.00423
0.988441
0.98696
1.00176
1.02693
1.02052
0.977584
0.993376
0.990908
1.00423
1.00818
1.00719
0.992882
1.00226
1.02249
0.986467
0.971169
0.984987
0.993376
1.01756
0.987454
0.984
0.98548
0.983013
0.990908
0.991895
0.994856
0.969195
0.973143
1.02052
1.02249
1.00028
0.966234
1.00226
1.00571
1.01756
1.01065
0.994363
0.984493
0.999791
0.992389
1.0294
1.01706
0.99683
1.00176
1.01608
1.02989
0.99831
0.98696
0.994363
1.0215
0.999791
0.962286
1.0067
0.984987
1.01854
1.01657
1.02644
1.022
0.981532
0.984
1.00028
0.99535
0.990908
0.993376
0.996337
0.996337
1.02002
0.980545
0.989428
0.989428
0.999791
0.994856
0.983506
1.0067
1.00719
0.996337
0.991402
0.97413
1.01114
1.00028
0.98548
0.973636
0.994363
0.964754
1.02545
1.01509
0.986467
1.01065
0.984493
1.00028
0.993376
1.02052
1.01262
0.978078
0.978078
1.01706
0.996337
0.995843
1.02693
1.02841
1.00522
0.991895
0.993869
0.987947
0.996337
0.973143
1.00522
0.984493
1.00473
1.00176
1.01756
1.03039
1.01163
0.96426
1.00423
1.00275
1.0294
1.01311
1.01608
1.02002
0.990908
1.01361
0.983013
0.99683
0.986467
1.01657
0.990415
1.00423
1.01163
0.997817
0.987454
1.01953
0.987947
1.00226
1.00176
1.00176
0.997817
1.01805
1.03039
0.969195
0.963767
1.03384
1.01608
0.99831
0.992882
0.992389
0.975117
0.989428
1.0067
1.01262
1.01904
1.01756
0.995843
1.01706
0.999297
1.0067
1.02002
1.0215
1.00423
0.993376
1.01904
1.01706
0.983506
0.989921
1.00867
0.982026
0.998804
1.03976
0.983013
0.996337
1.00078
0.996337
1.01509
0.996337
0.990415
0.980545
1.02446
1.00473
1.01114
0.97561
0.990415
0.997817
0.953897
1.00423
0.982026
0.98696
1.02348
1.02989
0.979065
1.02397
0.990908
1.01904
0.97561
1.01311
0.992389
1.00818
0.982519
1.00226
0.983506
1.01558
1.01065
1.00571
1.00078
1.01558
1.01854
1.03137
1.01065
0.996337
0.998804
0.989921
1.02446
1.02792
0.987454
0.992882
1.02743
0.988934
0.972156
0.98548
1.0294
1.01015
0.977584
1.02002
0.984987
1.00621
1.0141
1.00621
0.999297
0.973143
0.990415
1.00867
0.986467
0.996337
0.966728
1.00571
0.994856
1.00473
1.0067
1.03039
1.00028
0.98696
1.00621
1.01065
0.968702
1.01657
1.00078
1.03137
0.97265
1.01262
1.00275
1.0146
0.974623
1.00423
1.0067
1.02052
1.00917
1.02743
1.02052
1.01805
0.983013
0.976104
0.98696
1.02348
1.01311
0.992389
0.979558
0.987454
1.00917
0.957845
1.01509
1.01953
0.979558
1.02545
0.992882
0.97413
0.992389
0.979065
1.00078
1.00176
0.982026
1.00818
1.00176
1.01213
0.99683
1.00917
0.97561
1.04026
0.981532
0.98548
1.00473
1.00769
1.00325
0.984
0.99535
0.988441
1.02496
1.02989
0.987947
0.990415
1.01509
0.994856
0.993376
1.01213
0.973636
1.01509
0.986467
1.01311
1.00423
1.01854
0.994856
0.984
1.04322
0.993869
0.978078
0.983506
0.991895
1.01657
1.01854
0.989428
1.00127
0.973143
0.999297
1.00522
1.02545
0.97265
1.01015
1.02545
1.00028
1.00127
0.98548
1.00719
0.994363
1.01608
1.00423
1.00966
1.00028
0.965741
1.00423
0.988441
0.998804
0.988934
0.979558
0.981532
1.00719
0.977584
0.991402
0.990415
1.01262
0.976597
1.00325
1.03384
1.01805
0.977584
0.994363
1.0442
0.969689
1.00325
1.00275
1.01756
0.976597
0.958339
0.982519
1.02792
1.01854
1.01904
0.99535
0.966234
1.00176
0.999297
1.00917
1.00621
1.00473
0.97265
1.00719
0.99683
1.02792
1.0141
1.01509
1.01311
1.00275
0.960806
1.01904
0.992389
1.02298
0.984987
1.01262
0.981532
0.989921
0.973636
1.01805
0.995843
1.0146
1.0215
1.00078
1.01213
0.982519
1.01805
0.968702
0.995843
1.0141
1.02249
0.977584
0.979065
0.974623
1.01065
1.00867
0.975117
0.977584
1.01262
0.979065
1.00621
0.946002
0.98696
1.00522
0.991895
0.978571
0.965247
0.999297
1.03335
0.999297
0.989428
0.992882
0.997817
0.969689
1.0442
0.985973
1.03433
1.02792
1.01509
0.992389
1.01608
0.992389
1.0215
1.00621
0.973636
0.984493
1.00571
1.00769
1.00176
0.966234
1.00078
1.0067
0.980545
0.991895
0.982026
0.992882
1.02446
0.971169
0.974623
1.03927
1.02693
0.979065
0.987947
0.996337
0.98696
0.990415
0.982026
1.02693
1.03433
0.996337
1.02397
0.969195
0.993869
1.00522
0.963767
0.987947
0.984
0.977584
0.982026
1.01805
0.988934
0.99831
0.997817
1.00127
1.01657
0.998804
1.01805
0.995843
1.02002
0.994363
1.00966
1.01015
1.02101
1.01065
0.997817
1.02348
0.984
0.977091
0.99683
1.02841
1.0141
1.00325
0.969689
1.01262
0.994363
1.00028
0.983506
1.02101
0.99683
0.985973
0.990415
0.987454
0.991402
1.01854
0.995843
0.971663
0.990415
1.01953
1.01706
1.02298
1.02891
0.984
0.963767
1.00966
1.00917
1.00966
1.00078
1.01065
1.00571
0.989428
1.02693
1.03927
1.02693
0.983013
0.989428
1.00176
0.986467
0.999297
0.977584
1.01065
0.997324
1.00571
0.999297
1.00621
0.999297
1.03828
1.02298
0.999791
1.00423
0.996337
1.01657
1.02446
0.98696
0.989428
0.967221
1.02496
0.985973
0.962286
1.02595
0.979065
0.990908
0.99683
0.999297
0.977091
1.00621
0.977091
0.996337
0.991402
0.976597
0.980052
0.997817
0.984987
1.00621
0.993869
0.988441
0.995843
1.00176
1.02644
1.00818
0.988441
0.982026
1.01509
1.02298
0.987947
0.978078
0.989921
0.998804
1.00226
0.971169
1.02249
1.02298
0.993376
1.00867
1.03285
1.02595
0.999297
1.00423
1.01015
1.01361
1.02101
0.978078
1.01805
1.03137
1.00127
1.00226
0.992389
1.00374
0.989921
1.01114
0.980545
1.01657
0.999297
1.00966
1.02841
1.00917
0.998804
0.982026
0.957845
0.943041
0.999297
0.988441
0.968208
0.977584
1.0141
0.981039
0.997324
0.987454
1.03384
0.977091
0.990908
1.00769
0.998804
1.00127
1.00522
1.01904
1.03779
0.993869
0.99535
0.989921
1.00621
1.00867
1.00325
1.0146
1.01953
1.02052
1.00374
1.01213
0.988934
0.981039
1.00867
1.0294
0.970676
1.00522
0.999791
1.01509
0.999297
1.00226
0.99683
1.00867
1.0215
0.997324
0.984493
1.0067
0.993869
0.972156
0.991895
1.00275
1.03187
1.01657
0.976597
1.00423
0.986467
1.02595
0.956365
1.01509
1.00275
1.03187
1.01756
1.01706
0.985973
0.99535
1.01756
1.00325
0.990908
0.976597
0.974623
0.991895
1.00423
0.984493
1.0141
0.972156
1.0368
0.993869
1.02693
1.00473
0.963273
1.00571
0.981532
0.973636
1.00917
1.00917
1.01015
0.994363
0.955378
1.00867
0.984
0.97265
1.00176
0.994856
1.02693
0.983506
1.01163
1.00621
0.984493
0.970676
0.997324
1.0067
1.02545
1.02792
0.984
1.00522
1.02446
0.989921
0.970676
1.02989
1.01015
0.985973
1.00226
1.01114
1.02249
1.02002
0.992389
0.99535
0.989921
0.982519
1.00275
0.995843
0.992882
0.99535
0.999791
1.00176
0.992882
1.01262
0.999297
1.0141
1.00127
0.992389
1.01854
0.994363
0.965741
1.00275
0.999297
0.990908
1.02595
0.963273
0.994856
0.987947
1.02989
1.02002
0.999791
1.00621
0.98696
1.00473
1.01065
1.0067
1.01213
1.01854
0.984493
1.00621
1.02052
0.979558
1.00127
1.00966
1.03039
0.979558
0.99535
0.993869
1.01114
1.02644
0.993869
0.997324
1.00127
1.00127
1.00078
1.00275
1.00867
1.01213
1.00028
0.992389
1.01065
0.988441
0.983506
1.00769
0.984987
0.985973
1.00522
1.02792
0.971663
0.960806
1.0146
0.99683
