0.998138
0.996164
0.996411
0.999766
1.00482
1.00633
0.999544
1.00379
0.99952
1.0007
1.0069
0.997077
0.999816
0.998187
0.995917
1.00764
0.998187
0.994807
0.994363
1.00825
1.00058
1.00749
1.00083
1.00288
1.00053
1.00204
0.996707
1.00475
0.999421
1.00465
1.00107
0.995103
1.00455
0.999347
0.997768
0.999816
1.00132
0.994831
0.999544
1.00329
0.998903
1.00001
1.00038
0.99535
0.997299
1.00147
0.998162
1.00475
1.00344
0.994067
1.00122
0.998162
0.997299
1.0028
0.999371
1.0031
1.00221
0.999816
0.999199
1.00164
0.992709
0.998631
1.00149
0.993647
1.00016
1.00431
0.998483
0.991871
1.00033
0.996756
1.00352
0.994461
0.998236
0.998952
1.00041
1.00391
1.00608
1.00068
0.994165
1.00149
1.00408
0.996953
0.999273
1.00068
0.996756
0.999273
0.999742
1.00127
0.992364
0.997324
1.00016
1.00448
0.999964
1.00608
1.00036
0.992241
1.00292
0.995794
0.996731
1.00443
1.00033
1.01001
1.00806
1.00779
1.00283
0.994437
1.00495
1.00053
0.996879
0.998903
0.994535
0.99984
0.992142
0.998829
1.00139
1.00697
0.997866
0.99456
1.00181
0.997916
0.996139
1.00366
1.00132
1.00438
1.00048
1.00152
0.996534
1.00078
1.00162
1.00038
0.993573
0.993055
1.00127
1.00384
1.00014
0.996879
0.999791
1.00179
0.994955
0.993721
1.00344
1.00283
0.998212
0.997644
1.00275
0.996189
0.994017
0.997743
1.00194
1.00389
1.00251
0.999248
0.995473
1.00199
0.993548
1.00004
1.00078
1.0009
0.997324
0.99984
1.00273
0.996583
0.999125
0.992586
0.99609
1.00038
0.993104
0.994387
1.00381
1.00078
1.00204
1.00307
0.997595
1.00181
0.995646
1.00312
1.00206
1.00332
1.00019
1.00139
0.999026
1.00524
1.0029
0.995054
1.00238
0.996559
1.00194
0.997743
0.999791
0.998113
1.00026
1.00231
0.999075
0.998557
1.00593
0.99794
0.994486
1.00167
1.00337
1.00322
0.998162
1.00468
1.0066
1.00036
1.00754
0.999964
1.00176
0.996583
1.00063
1.00586
1.00115
1.00347
0.99604
1.00201
1.00095
1.0011
0.998977
0.999248
0.99757
0.997866
0.998459
0.995374
1.00371
1.00075
1.00334
1.00137
1.00339
0.997891
0.999149
0.997274
1.00529
0.997126
1.00115
0.995226
0.996978
1.00465
1.00102
0.996435
1.00102
0.997175
1.00875
1.00255
0.992216
0.99831
1.00112
0.995991
0.998656
1.00053
0.995942
1.00934
1.00201
0.999051
1.00107
0.999816
1.00024
0.999347
0.998779
1.00001
0.994609
0.998656
0.999618
0.995966
0.999692
1.00362
1.00063
1.00063
0.994535
1.00031
0.996114
1.00154
1.00542
0.99989
1.00677
0.999149
0.994634
1.00014
0.997546
0.998138
0.997669
1.00265
1.00413
1.00339
1.00512
0.999051
0.999149
1.00914
0.997768
0.99567
0.995892
1.01112
1.00181
0.998607
0.997718
0.997472
0.999618
0.999248
1.00438
0.998261
0.995596
0.99646
1.00593
0.995818
1.00213
1.00231
1.01334
1.00093
0.990291
0.99345
1.00347
0.999495
1.00359
1.00139
1.00065
0.997175
1.00912
0.996929
1.0012
1.00263
1.00132
1.00403
1.00359
1.00149
0.999149
0.997496
0.999939
0.99873
1.00189
0.994881
1.00403
0.992956
0.996633
1.00761
1.00036
1.0007
0.999445
0.99873
0.999445
1.00024
1.00344
0.990168
1.00112
1.0031
0.99952
0.996707
1.00616
0.994116
1.00201
1.00088
0.999174
1.00556
0.994831
0.997866
1.00075
1.00181
0.992216
1.00645
1.00258
1.00236
1.00102
1.00014
1.00132
0.999569
0.998286
0.995991
1.00371
1.00939
1.001
1.00051
1.00169
0.999248
1.00181
0.995868
1.00616
0.998113
0.99456
0.996855
1.00455
1.00085
0.995251
0.999791
0.998113
0.99831
1.00006
0.996633
1.00189
1.00524
1.00169
0.994733
0.9953
1.001
0.998212
1.00482
0.994979
0.996879
1.00078
1.00251
0.995152
0.999544
0.998755
1.00241
1.00024
0.998483
0.990588
0.997768
0.998533
1.00473
0.997126
0.994782
0.999692
1.00038
0.991254
1.00339
0.999791
1.00337
0.996904
0.999668
0.9991
0.99836
0.998952
1.00169
0.9991
1.00379
0.999692
0.99947
1.00006
0.998755
0.996953
1.00063
1.00976
0.997669
0.999223
1.00088
1.00458
0.993993
0.994017
1.00246
1.00019
1.00522
1.00986
0.998681
1.00014
0.99836
1.00835
1.00201
0.999569
0.998385
1.00105
1.00278
0.998656
0.998409
1.00675
1.00359
1.00255
0.996164
0.997866
0.999865
1.00455
1.00098
0.995424
1.00083
0.999717
0.994067
1.00329
0.997743
0.9953
0.999594
1.00505
0.999865
1.00564
0.99836
1.00307
1.00135
1.0008
1.00125
0.99757
1.00048
1.0011
0.996238
0.999421
1.00031
0.997595
0.998582
0.997546
0.993746
1.00571
1.00009
1.00107
1.0013
0.993746
1.00495
0.998162
0.999569
1.00492
1.00078
0.996731
0.997595
1.00078
1.00061
1.00347
0.997891
0.99567
1.0011
1.00408
1.00063
0.999347
0.999939
1.00056
0.996287
0.999618
0.999248
1.00063
0.996879
0.994782
0.995004
0.997348
0.99873
0.999964
1.0011
0.989921
0.99308
0.996509
0.997496
1.00418
1.00231
1.00527
0.999594
0.992561
1.00068
1.00248
1.00048
1.00117
1.00529
0.994412
1.00243
0.999149
0.996583
1.00211
0.999569
1.00167
1.00687
1.00359
0.998681
1.00766
0.998508
1.00248
1.00021
0.99984
0.994757
1.00112
1.00907
1.00167
1.00102
1.00127
1.0027
1.00302
1.00465
1.00305
1.0009
1.00445
0.992586
1.00603
1.00302
0.996139
1.00403
1.00053
0.99303
1.00176
0.998705
0.998162
0.995399
1.00011
0.998533
1.00213
0.994511
1.00791
1.00515
1.00547
1.00243
1.0031
0.998187
0.994585
0.998187
1.00327
1.0031
0.996707
0.996213
0.996238
1.00073
1.00448
1.00031
0.997496
1.00485
1.0051
0.994042
1.00742
0.997077
0.999322
1.00213
0.994461
1.00581
0.993647
0.998681
1.00098
1.00117
0.995251
1.00213
0.996189
1.00315
0.999149
1.00046
1.00292
0.998335
1.00098
0.996065
0.997669
0.995942
0.999569
1.00401
0.996114
1.00512
1.00628
1.00362
0.998557
1.00093
0.999618
0.999988
0.992537
0.998631
1.00332
0.995596
0.996361
1.00263
0.998755
1.00581
0.998434
1.00408
1.00544
0.99831
1.00073
0.996287
1.01442
1.00186
1.00014
1.00046
0.993746
0.999914
1.00431
1.00127
0.999347
1.00991
0.997743
0.999816
0.99725
0.998212
0.999668
1.00492
0.995794
0.99947
1.00478
0.999988
0.996879
1.0031
1.00253
0.992561
0.999692
0.998483
1.00344
1.00643
0.99831
0.99535
0.998829
0.99799
1.00221
0.997027
0.997422
1.00033
1.00275
1.00722
0.99757
1.00411
1.00028
0.998261
1.0013
0.999001
1.00285
0.997151
1.00061
1.00559
0.996238
0.997373
1.00142
0.998755
0.993993
1.00083
1.00307
1.00048
0.992586
0.99831
1.00075
1.00051
1.00216
1.00475
1.00919
0.994387
0.996509
0.99762
1.00658
1.00004
1.0048
0.999001
1.00537
1.00552
0.996287
0.997546
0.998212
1.00098
0.992241
0.99456
1.0032
0.996855
1.00344
0.999001
0.996213
0.998212
0.995991
1.00152
1.00001
1.00142
1.00793
1.00211
0.998385
1.00411
0.99831
0.99836
1.00297
0.99873
0.997324
0.997175
0.999149
0.997175
1.00011
1.00213
0.995029
0.99831
0.993919
1.00019
0.996756
0.995966
1.00102
1.0051
1.00534
0.999248
0.992586
1.00403
0.998804
0.993968
1.00443
0.999026
0.992759
1.0027
1.00485
0.997842
0.995991
1.00332
1.00349
0.998977
0.996657
0.996904
1.00672
0.9991
1.00137
1.00532
1.00019
0.995547
0.999816
0.994807
0.997768
1.00063
0.99725
1.00009
1.00248
1.00132
0.998409
0.998582
0.999125
1.00174
0.995621
1.00315
1.00043
0.991278
0.999964
0.997101
1.01368
0.9991
0.99947
1.00152
1.00574
0.998681
1.00485
0.997866
0.991352
1.00176
1.00122
1.01082
0.995942
1.00122
1.00413
1.00073
1.00265
0.999643
0.996238
1.00352
0.99725
0.992833
1.00147
1.00083
1.00401
0.99799
0.998212
1.00406
0.991821
1.0067
1.00638
1.00164
0.994116
1.00902
1.00191
0.995942
1.00702
0.999273
1.00056
1.0048
1.00564
1.00534
0.994733
0.999618
1.00739
1.00051
1.00112
0.996238
0.995547
1.00251
1.00056
0.999297
1.00401
1.00046
0.996756
1.00337
1.00157
0.993721
1.00011
0.997521
1.00574
0.995522
1.00251
0.999717
0.999075
1.007
1.00275
0.997694
0.999816
0.995251
1.00068
0.997324
1.00502
0.998829
1.00729
1.00413
1.0007
0.998434
1.00389
0.99831
1.00218
1.00228
1.00041
0.997299
1.00574
0.993598
1.00275
1.00275
0.99456
1.00655
0.99989
1.00283
0.993943
0.998779
0.998779
0.999125
0.998829
0.992858
0.99952
0.999988
0.995917
0.999914
1.00159
1.00122
0.995547
0.99345
1.00433
1.003
0.996164
0.998088
1.00132
0.99947
0.99952
1.00421
0.986615
1.00302
1.00065
1.01114
0.996682
1.00307
1.00465
0.998335
0.999495
1.00031
1.00019
0.997126
1.00406
0.994461
1.00285
0.996953
1.00147
1.00006
0.998903
0.996731
1.00053
1.00295
0.995991
0.995596
1.00349
0.99952
1.00016
1.00095
0.994831
0.99794
0.995942
0.99989
1.00843
1.00036
1.00297
0.997003
0.996485
0.99266
1.00135
1.0007
0.999297
0.995892
0.996361
1.00068
1.00495
0.999668
1.0029
1.00468
1.00065
0.99873
0.993203
1.00186
1.00036
1.00278
0.998064
1.00325
0.997718
1.00186
1.00719
1.00053
1.00083
0.993672
1.00159
0.999075
0.99836
1.00544
1.00085
1.00702
0.993894
1.00482
1.00959
1.00399
1.00675
1.00228
1.00482
0.999273
0.998755
1.001
0.999643
1.00056
1.00135
1.00265
1.00376
0.999125
0.996781
0.99989
1.00539
1.00371
1.00231
1.00433
1.00065
1.001
1.00021
0.987108
1.00386
0.998385
1.00534
1.00495
0.995522
0.993474
0.99567
0.999569
0.999495
1.00354
1.00265
0.994807
0.995596
0.997077
0.997743
0.996386
1.00258
1.00305
0.993573
0.998607
1.00349
1.00137
0.995547
0.997595
1.00325
0.994659
1.00021
0.998113
0.999174
1.00685
1.00063
1.00218
1.00258
0.998656
0.998236
1.0032
0.993499
0.994659
1.00709
1.00487
0.996855
0.995522
1.00522
0.997669
0.99345
0.996756
1.00135
0.994955
1.00248
1.0028
0.99799
0.9972
1.00236
0.997126
1.00051
0.99947
0.994683
1.00036
0.999075
1.00098
0.997521
0.998459
1.00591
1.00559
0.997521
0.994486
1.00329
1.0009
0.998434
0.995966
1.00825
0.997077
1.00221
1.00751
1.00006
0.99266
1.00527
0.997644
1.00117
0.999766
1.00199
1.00218
1.00218
1.0011
1.00418
1.00122
0.998286
1.00273
1.00088
1.00031
0.996238
0.998779
1.00093
0.999618
1.00053
1.00098
0.991032
0.998039
0.99493
0.997817
0.997669
0.999766
0.993376
1.01102
1.00327
0.99836
1.00026
1.00359
0.997472
1.00011
1.00608
1.00167
0.997472
0.999939
1.00228
1.00078
1.00278
1.00312
1.0008
1.00924
1.00453
0.995498
0.99757
0.999643
1.01321
1.00608
0.99609
1.00524
1.00149
0.995794
1.00041
1.00199
1.005
1.00031
1.00117
1.00354
1.00357
1.0012
1.00152
0.997965
0.999199
0.997101
1.00073
1.00243
0.995547
0.99836
1.00263
1.00593
0.995325
1.00112
1.00497
0.998952
0.999939
1.003
1.01119
0.993672
0.999643
0.998385
0.997003
1.00522
0.998755
1.00073
1.00189
0.988984
1.00152
1.0028
0.999445
1.00236
1.00021
1.00179
0.999742
0.999051
1.00189
1.00024
0.995794
1.00238
1.00423
0.9991
1.00144
0.99989
0.99493
1.00608
1.00579
0.998261
0.999594
1.00394
0.999865
1.00253
1.0011
1.00357
0.996929
1.00606
1.00006
0.999569
0.995498
1.00339
1.00638
1.00058
1.001
1.00014
0.999248
0.998927
1.00068
1.0008
0.997422
1.00702
0.997348
1.00226
1.00421
0.999371
1.00164
1.00174
1.00051
1.00078
1.00218
0.993647
0.996361
1.00043
1.00221
0.997175
1.00581
0.995103
0.989995
1.00102
0.997447
1.00389
1.00677
0.99794
1.00085
1.00342
1.00046
0.996978
0.997422
1.00043
1.00379
0.997965
0.998631
0.995029
1.00209
1.00591
1.00038
1.00744
0.998681
1.00181
0.998434
1.00216
0.992339
0.99757
1.00105
1.00186
1.00189
1.00376
1.00048
0.998459
0.999569
1.00601
0.996929
1.00401
0.999594
1.00095
1.00231
1.00167
0.996337
0.991994
1.00265
0.999273
1.00043
0.995498
1.00031
1.00576
1.00061
0.999618
1.00248
0.998335
1.00737
1.00194
1.00043
1.00038
1.00073
0.995448
0.998977
1.00317
0.994412
0.993548
1.00073
1.00011
0.999692
0.99831
1.00011
1.00547
0.99836
0.996879
0.997373
0.995226
1.00539
0.999816
0.995744
1.00495
1.00828
0.999865
1.00793
0.995917
1.00369
1.00014
1.00122
0.994289
1.00063
0.994683
1.00063
0.99952
0.996509
1.00046
1.0045
0.996189
0.993696
1.00063
1.00478
0.995152
1.00127
1.00408
1.00386
1.00781
0.998261
1.00421
0.995128
0.995942
0.996361
0.99984
0.996879
1.0026
1.00638
1.00265
1.00147
0.996855
0.999816
1.00307
1.00174
0.995917
1.00073
0.997768
1.00172
0.996633
0.999026
1.00028
0.997866
0.998853
0.998903
1.00292
1.00051
0.999914
1.00213
0.998212
0.998631
0.99646
1.00285
1.00251
0.997718
0.999125
0.996583
0.999445
1.0011
0.993894
0.999594
1.00251
0.998187
0.995177
1.00147
1.00154
1.00078
0.99799
1.00339
0.995448
1.00337
0.993844
1.00001
0.993943
0.998212
0.998582
1.00231
0.999766
0.999174
0.994609
1.00485
1.00011
1.00068
1.00191
1.00307
0.9972
0.997422
0.999371
0.997225
0.99984
0.992191
1.00717
0.998557
0.997792
0.995572
0.996213
1.00112
0.997521
1.00157
1.0013
1.00413
1.00517
0.995424
1.00186
1.00228
0.998681
0.996139
1.00176
0.995029
0.995399
1.00006
1.00485
1.00223
0.997842
0.99725
0.998533
0.996065
1.00218
0.99794
1.00285
0.998557
1.00189
0.993573
1.00213
0.9934
1.00189
1.00433
1.00107
1.00191
0.994856
0.996879
0.994881
1.00468
1.00322
0.996238
1.00176
0.996559
1.00167
1.00085
0.99989
0.99989
0.991673
0.996164
0.996114
0.995473
1.00448
0.999075
1.0012
1.0067
0.996608
1.00458
0.996312
1.0068
0.994831
1.00322
0.997496
0.999297
1.0067
1.00317
1.00157
1.00596
0.992537
0.996263
0.998088
0.998952
0.995424
1.00485
0.996559
0.997792
1.00248
1.00302
0.999643
0.99266
1.0051
0.998508
0.996312
0.999051
0.997373
0.997644
1.00041
0.999445
1.00403
0.99952
1.00369
0.996608
1.00537
1.0013
1.01065
1.0069
0.99984
0.99456
1.00179
1.00152
0.996633
1.00273
1.00221
0.998064
1.00354
1.00186
0.99382
1.0027
1.00162
1.00322
1.00016
1.00515
1.00865
1.00056
1.00238
1.00102
1.00421
0.997324
1.00246
0.999174
0.996263
1.00675
0.997175
1.00233
1.00038
0.999964
1.00258
0.994091
1.00561
0.995448
1.00327
0.997866
0.996707
0.992167
1.00391
1.00793
1.00524
1.00749
1.00149
0.997916
1.00505
1.00078
0.999914
1.00046
1.00366
1.0013
1.00275
1.00344
1.00065
0.997496
1.00292
1.00095
1.00364
0.998261
0.996633
0.998113
0.997842
0.999174
1.00667
1.00576
0.996904
0.992858
0.997694
1.00248
0.998952
1.00418
0.998236
1.00181
1.0012
0.999618
1.00325
0.994979
0.994363
1.00616
1.00255
0.993647
1.00485
0.999174
0.994683
1.00443
1.0032
0.996953
0.998656
1.00665
1.00048
0.998014
0.997817
1.00169
0.997718
1.00401
1.00095
1.00078
1.00421
1.00542
1.0045
0.997694
0.996139
1.0029
0.998977
1.00011
1.00389
1.00455
1.00705
0.995078
0.993326
1.00302
1.00093
1.00418
0.9991
1.00157
1.00386
0.998681
1.00396
1.00075
1.00379
0.996953
0.991673
1.0011
1.00288
0.999026
1.00231
1.00083
1.00899
0.998508
0.994338
1.00102
1.00408
1.00063
1.00544
0.999001
1.00056
1.00618
0.998385
0.998064
0.999347
0.997151
0.99799
1.00574
1.00297
1.00211
1.00369
1.00396
0.996435
0.999692
1.00201
1.00544
1.00315
0.992364
0.99345
1.00258
0.99535
0.996904
0.998236
1.00048
0.998335
0.997225
0.998927
1.00196
1.00325
0.998286
1.00278
0.99646
0.995202
0.994239
0.99567
0.998631
0.996164
1.00265
0.998952
0.99308
0.997743
1.00695
0.998286
0.998582
1.0007
1.00302
1.00144
0.999051
0.99572
1.00384
0.997743
1.00349
1.0011
1.00058
0.996189
0.999618
0.995547
0.999347
1.00473
1.00043
0.998829
0.997101
1.00016
1.00167
0.998656
0.99762
0.998656
0.999865
0.998829
0.997225
0.99836
0.998977
0.99873
0.996805
1.00455
0.99604
1.00406
1.00078
0.992241
1.00181
1.0104
1.00438
0.996411
0.99377
0.99382
0.999544
0.995251
1.00349
0.998138
0.99831
0.998582
1.00781
1.00142
1.00376
0.999445
1.00465
1.00201
0.998483
1.00448
0.996114
1.00083
0.99493
1.00218
0.998459
1.0013
0.999594
1.00396
1.00295
1.00238
0.99947
0.999816
1.00011
1.00147
1.00181
1.00031
1.00028
0.997324
0.998385
0.999865
1.00329
1.00006
1.00737
0.995917
0.997225
1.00016
0.996756
1.00137
1.00196
0.999149
1.0008
0.99266
0.999964
0.997472
1.00315
0.996707
0.999544
0.995004
1.00085
0.998261
1.00288
1.00593
1.00117
0.997003
0.99567
1.00181
1.00006
1.00746
1.00167
0.998533
0.9972
1.00241
1.00329
1.00102
0.997101
0.99192
0.99725
0.9991
1.0029
1.01159
0.992784
0.997768
1.00344
0.996682
1.00016
1.00209
1.00835
0.998261
0.993746
0.995004
1.00779
1.00213
1.00075
1.00362
1.00157
0.999692
0.997694
0.998286
0.997151
1.00058
1.00184
0.998385
1.00251
1.00026
0.999964
1.0088
0.996213
1.00288
1.00014
0.997496
1.00302
1.00379
1.00394
0.993499
0.995054
0.993474
1.0068
1.0028
1.00635
0.999026
1.00115
1.00344
0.997546
1.00278
0.995892
1.00016
0.999569
1.00571
0.991402
1.00139
1.00359
0.999766
1.00251
1.00478
0.999594
0.997003
0.997817
1.00408
0.999594
1.00544
0.998483
1.00014
1.00189
1.00201
0.995152
1.00307
0.999051
0.996312
0.999199
0.99989
1.0026
1.00142
1.00374
1.00046
0.996263
0.997052
1.0028
1.00369
0.999816
1.0045
1.00043
0.999914
0.994881
1.00485
1.00961
1.00468
0.993943
1.00179
0.995399
0.998409
0.988688
1.00095
0.993869
0.999026
0.999791
1.00196
1.00011
0.99567
1.00006
1.00334
0.99002
0.999791
1.00033
0.999618
0.996855
1.00236
0.993548
0.998483
0.999125
1.0044
1.0008
0.999322
1.00295
1.00001
1.00053
0.996238
1.00019
1.00253
0.996386
1.00297
0.998829
0.998952
0.999174
0.996855
1.00206
0.996337
0.996534
0.997842
1.00211
0.99952
1.00403
1.00223
1.00218
1.00399
0.999273
1.00179
0.998286
1.00329
0.994708
1.00312
0.999939
0.996904
0.995473
1.00117
0.996904
1.00088
0.993721
1.00223
1.00307
1.00394
0.997916
1.00189
1.00811
1.00004
1.00223
1.00443
0.994215
1.00033
1.00056
1.00268
0.995818
0.998804
1.00085
0.997324
0.990859
0.994856
1.00495
1.00376
0.997373
1.00658
0.996189
1.00897
1.00381
0.99155
1.00246
1.00006
1.00519
0.994461
1.00021
0.995325
1.00317
0.996411
1.00201
0.99572
1.00376
1.00164
0.995794
1.00292
1.00421
0.994215
0.992561
0.99799
1.00095
1.00132
0.994905
0.999791
0.999939
1.00571
1.00122
0.995177
1.00436
0.999717
0.995054
0.99952
0.996978
1.00048
0.993499
1.00051
0.996633
0.998656
0.997496
0.99419
1.00065
0.998533
0.993006
0.989625
0.99762
0.999125
0.993968
1.00046
1.00939
1.00142
0.994363
0.999174
0.99377
0.9972
0.998977
1.00507
1.00438
1.00033
1.00591
0.997694
1.00125
1.00899
0.996682
0.999495
0.997472
0.9972
1.0028
1.00295
0.999001
1.00137
0.997003
0.995177
1.0013
1.00366
0.996238
1.00157
1.00058
0.999125
1.00608
0.99984
0.994215
1.00051
1.00186
1.00433
0.997546
1.00216
0.999594
0.995892
0.999668
0.992808
1.00031
1.00172
0.999396
1.00036
0.988515
1.00418
1.00263
0.99762
1.0063
1.00204
1.00024
0.995991
1.00302
0.997718
1.00389
1.00056
1.00063
1.00374
0.999199
0.996657
1.00359
0.998631
0.992142
1.0029
1.00021
0.993178
1.00369
0.992561
0.9953
1.00675
0.99303
1.0051
1.00677
1.00507
1.00394
0.999297
0.998088
1.00174
1.00386
0.999273
1.0008
1.00288
1.00687
0.993993
1.0067
0.997546
0.993721
1.00083
0.996781
0.999914
0.994141
1.00882
0.999939
0.997472
0.996534
0.996929
1.00312
1.00433
0.999371
1.00675
0.998631
1.00169
0.998656
1.003
0.997866
0.998878
1.00048
0.999914
0.999939
1.00176
0.99831
0.998113
0.998088
0.998335
0.995498
1.00465
1.00648
1.00362
1.00307
0.997496
1.00075
0.998064
1.00529
0.999297
0.994733
1.00213
0.995054
1.00512
0.997151
1.00135
1.00421
0.999964
0.99831
0.99567
1.00394
0.996164
1.00334
0.998804
1.00142
1.00174
1.00672
1.00478
1.00317
0.996559
1.00428
1.00231
1.00352
1.00122
1.00231
1.00487
0.993524
1.00253
1.00465
0.996139
0.998212
1.00006
1.00327
0.998508
1.00127
0.991821
0.996238
0.99947
1.00302
1.00065
1.00117
0.999149
0.996731
0.999569
1.00043
0.996411
0.998212
0.99794
0.99757
0.996361
0.99683
0.998582
0.994659
1.00019
0.999668
0.999988
1.00213
1.00418
0.998631
0.998039
1.00105
0.992907
0.998385
0.998508
0.999347
1.00574
0.997447
1.00085
0.99646
0.999075
0.996386
1.00176
1.00061
0.998113
1.00502
1.00028
1.00053
1.0013
1.00596
0.996953
1.00046
1.00403
0.999297
0.995695
0.998483
0.994733
1.00243
1.00226
0.992635
1.00554
0.99419
1.00135
1.00241
1.00085
0.999051
0.998656
1.00221
1.0031
1.00019
1.01102
0.998064
0.997792
0.994264
1.00638
1.00004
0.999371
0.996139
1.0029
1.0009
1.00384
0.996731
1.00159
1.00164
0.998779
1.001
0.995152
1.00043
0.995917
1.00623
0.995966
1.00024
0.999618
1.0028
0.99456
1.00033
1.0046
0.995498
0.99683
0.996509
1.003
0.987405
1.0029
0.996805
1.00238
1.00322
0.99609
1.003
1.00028
0.997175
0.999668
1.0121
1.00354
1.00075
0.998335
1.00098
1.00098
1.00273
0.998088
1.00302
1.003
0.99989
0.99757
1.00176
0.999075
1.00196
1.00571
1.0008
1.00176
1.00598
1.00645
1.00181
1.00028
0.997595
0.99794
0.999421
0.999297
0.998064
1.00206
1.00016
1.00349
0.998113
1.00058
0.994141
1.00033
1.0007
0.993302
0.99683
0.999766
1.00371
1.00122
0.999075
0.998631
0.996756
0.99572
1.00283
0.994905
1.00559
0.999988
0.991081
1.00384
0.994634
0.999717
0.999199
0.9991
1.00418
0.999051
0.993277
1.00569
1.00349
0.993104
1.00201
0.994239
1.00174
1.00386
0.997817
0.990513
1.00204
0.999297
0.993548
1.00458
1.00544
1.0064
1.0007
1.00031
0.998014
0.998533
0.997743
1.00238
1.0047
0.999643
1.00263
0.99794
0.996361
1.00112
1.00176
1.0049
1.00524
1.00561
1.00524
1.00011
0.999544
1.00189
1.0008
0.995177
1.0047
1.00349
0.997003
1.00292
1.00209
1.00458
0.999816
0.997718
1.00152
0.999865
0.996583
0.99984
1.00139
0.998039
1.00626
0.999717
0.999569
0.995892
1.00028
0.996312
0.991574
1.00749
0.9972
0.999594
1.00033
1.00593
1.00618
0.990365
1.0028
1.00246
0.997891
1.00613
0.999865
1.0064
1.00019
0.995991
1.00093
0.998903
0.998236
0.996559
0.997101
1.00223
0.99989
0.98965
0.999297
1.00051
0.999939
0.997422
1.00048
0.994141
1.0029
0.997817
0.994387
1.00218
0.998977
0.99609
0.999075
1.0013
1.00418
0.996707
1.00894
0.999051
1.00056
1.00065
0.998162
1.001
1.00384
0.999495
1.00315
1.00186
1.00028
1.00122
0.989601
1.00554
1.00243
0.995942
1.00139
1.00006
0.993968
1.00078
0.99799
1.00011
0.998533
0.997324
1.00327
0.997817
1.00149
1.00058
0.999914
0.989403
0.999297
1.00285
0.992635
1.00914
0.997052
1.00263
0.996731
0.988638
1.00428
1.00288
1.00105
1.00426
1.00011
0.993154
0.9991
0.998705
1.00238
0.998039
1.00364
0.998434
1.00418
1.00083
1.00157
0.997324
1.00085
0.998138
0.997768
0.997644
1.00352
0.998064
0.996065
0.997225
1.00537
1.00075
1.00189
0.995202
0.994634
1.0051
0.999495
0.998014
1.00186
0.995498
0.999421
0.999717
0.999199
1.00268
1.00465
1.00236
1.00433
1.00068
1.00226
1.01159
0.999347
1.00223
0.995991
0.998483
1.00021
1.00004
1.00127
0.999569
0.994363
1.0008
1.0031
1.00063
0.995621
0.999791
1.00268
1.00433
1.00236
1.00835
1.0044
0.997496
1.00135
0.996731
1.00485
1.00204
1.0032
0.998236
0.998138
1.00598
0.998236
0.994091
1.00554
1.00288
1.0028
1.00643
0.99419
0.998335
1.00317
1.00159
1.00041
0.997521
0.995251
1.01045
1.00046
0.997151
1.005
1.00051
0.997496
0.998409
0.998483
0.998138
1.00053
1.00115
0.997003
0.997101
1.00014
1.00793
0.991032
0.996904
1.00603
1.00139
0.992117
0.995547
0.99725
0.998335
0.992759
0.998656
1.0028
0.995522
1.00073
0.998434
1.00001
1.01114
0.99762
1.00268
1.00263
1.00199
1.00167
0.994042
1.00137
0.992537
0.994856
1.00149
1.00687
1.00268
1.00275
0.994634
0.994215
1.00574
1.00149
0.997669
1.00712
0.996657
1.00184
1.00009
1.00455
1.0009
1.00394
0.996583
1.00137
1.00011
1.00663
1.00443
1.00478
0.993228
0.996411
1.00241
0.997546
0.997694
0.997422
1.00048
0.99794
0.995103
0.994486
0.997817
1.00354
0.999594
1.00243
1.00416
0.998385
1.00428
1.0084
1.00144
0.994881
1.00226
1.00233
0.993844
1.00497
0.999223
1.00157
1.0064
0.988688
1.00135
0.998582
0.996731
1.00083
0.992833
1.00201
0.997324
0.9972
0.996411
1.00046
0.998014
0.996337
1.00144
1.00635
0.995177
0.996114
1.00191
0.993228
0.99952
1.00226
0.994856
0.999396
0.999347
0.99984
1.00098
0.996929
0.995991
0.99493
1.00199
1.00241
0.994165
1.00043
0.999544
1.00147
0.99604
0.99947
1.0011
0.996411
1.003
0.997916
1.00181
0.998088
1.00255
0.999001
1.00122
1.00226
1.00359
1.00369
0.996485
0.994881
1.00672
0.998582
0.996361
0.999001
1.0049
1.00593
1.00213
0.997718
1.00371
0.998656
0.994831
0.997348
0.998705
1.00068
1.00278
1.00115
1.00344
0.996164
1.00268
0.995177
0.997595
0.997299
1.00031
1.00524
0.998829
0.999544
0.996509
1.0069
1.00746
0.999322
1.00093
1.00818
1.00571
1.00095
1.00448
0.999914
1.00199
0.995177
0.996682
0.998261
1.00369
0.995818
1.00014
1.00241
0.996805
1.0009
0.997743
1.00085
1.00014
1.005
1.00428
0.999914
1.00507
1.00102
0.995103
0.998853
0.99567
1.00206
0.999939
1.00083
1.00554
0.993548
0.999125
0.997595
0.991007
1.00825
1.0066
0.993055
0.998286
1.00275
0.996287
1.00236
1.00246
1.00643
0.994017
1.00107
1.00482
1.00549
1.00408
0.997422
0.997348
0.99947
0.999174
1.00283
0.998409
0.995399
1.0011
0.998434
0.998162
0.997052
0.998064
1.00137
1.00384
0.994733
1.00334
1.00159
0.995004
0.997743
0.998878
1.00098
1.00354
0.999692
1.001
0.994535
1.00389
1.00196
1.00191
0.996534
0.997373
0.999816
1.00058
1.0029
1.00041
1.00144
0.995054
0.996263
0.998409
1.00349
0.997151
1.00556
0.99683
1.00638
1.00384
0.991994
1.00589
1.00426
0.996164
0.996509
1.00288
0.996707
0.999026
0.999791
0.992364
0.997817
1.00241
1.00295
0.99609
0.999273
0.995818
1.00221
1.00468
0.998557
0.990267
1.00238
0.996435
0.99456
0.997175
1.00216
1.00544
0.998261
1.0013
0.994634
1.0008
1.00105
1.00043
1.00307
1.01176
1.00073
0.999766
0.998236
1.00865
0.998533
0.99757
1.00297
0.995424
1.00305
0.997694
0.998113
0.998064
1.00033
0.997891
0.993993
1.00438
0.995004
1.00043
1.00043
1.00117
1.00453
1.00302
0.998903
0.996583
0.997842
0.999569
1.0049
0.995621
1.00102
0.996608
0.999174
0.99456
0.999026
0.998631
1.00547
0.999075
0.997126
0.989033
1.00295
0.998409
1.00036
0.999569
1.00354
0.993154
1.00732
0.998508
1.00352
1.00734
1.00184
1.00344
1.00236
0.994733
1.00046
0.996263
0.99493
1.0008
0.999273
1.00522
0.998607
0.9934
0.995572
0.998681
1.00325
1.00014
1.00206
1.00403
0.997817
0.997891
1.00502
1.00191
0.994634
1.00818
0.994831
0.995794
1.00211
0.994461
0.995276
0.998853
0.992438
1.00014
1.00362
1.00292
1.00179
1.00552
0.99794
0.999421
0.999865
0.995695
1.00218
1.00366
1.00369
0.997472
0.998162
1.00559
1.00327
0.998829
0.99646
0.999125
1.00216
1.0009
0.996633
0.993696
0.999618
1.00408
0.99757
0.991377
0.99604
0.999939
1.00011
1.00196
0.989699
0.995226
0.995448
0.999668
1.00231
1.00167
1.00761
0.999988
0.999594
0.996608
0.997077
1.00021
1.00095
1.003
0.99836
1.00519
0.999717
0.99952
0.999248
1.0049
1.00117
0.99794
0.997151
1.00534
0.995325
1.00366
1.00196
0.995966
0.996509
0.996904
1.00085
1.00764
0.998557
1.0027
1.00246
1.00181
0.993993
0.999199
1.00115
0.994535
1.00095
1.00485
1.00199
0.997743
0.99794
1.00492
0.996583
1.00102
1.00325
0.99799
0.99572
1.00021
1.00349
1.00403
0.998286
1.00122
0.997472
0.99456
1.00046
0.99377
0.99377
1.00238
1.00169
1.00608
1.00093
0.9972
1.00194
0.992537
1.00549
0.998829
0.997546
1.00334
0.997694
0.996337
0.99757
0.999791
0.997644
1.00672
1.00199
1.00115
0.99831
0.998236
0.995868
1.00665
1.00061
1.00556
1.00152
0.998064
1.00431
0.999445
1.00186
0.998335
1.00075
0.989724
0.995794
1.00164
0.998508
0.995276
0.994338
1.00255
0.997027
0.996114
1.00352
0.999692
0.995596
1.00004
0.994412
0.999248
0.996731
0.999668
0.994042
0.996756
0.999692
1.00206
1.00246
0.992907
1.00677
1.00497
1.0012
0.999643
0.997324
0.991278
1.0049
1.00085
1.00176
1.00369
1.00334
0.997225
0.999051
1.00292
0.997027
0.993499
1.00011
1.00181
0.994338
1.00019
1.00448
0.998508
1.00433
0.999149
0.998138
0.99572
0.998779
1.00009
1.0029
1.00016
1.00275
1.00011
0.99535
1.00241
0.992142
1.00043
1.00611
0.996287
0.996608
1.00317
1.0048
0.996953
1.00031
0.996139
0.998631
0.996781
1.00329
0.994141
1.00403
1.00337
0.998582
0.996657
0.999421
1.00199
1.00411
0.991106
1.00033
1.00046
1.00976
0.997324
0.99609
1.00369
0.994831
0.999174
1.00349
1.00534
0.991328
1.00011
1.00144
0.999248
1.00115
0.999643
1.0029
1.00236
0.997521
1.00181
0.99725
0.998952
0.999174
0.996139
1.00835
0.992167
1.00144
0.998409
0.996756
0.99683
1.0044
1.00063
0.994856
0.995695
0.999816
1.00147
0.996065
1.003
0.99377
0.989058
1.00579
0.998607
0.997299
0.997324
1.00347
1.00705
1.00162
0.994831
0.999939
0.997521
1.00043
1.00283
0.996978
0.997694
1.0048
1.00369
0.999125
0.997965
1.00226
0.993721
0.999594
0.994881
1.00016
0.998607
1.00327
1.00389
0.99266
1.00162
0.99794
0.998212
1.00009
0.99456
0.996065
0.999964
0.997274
0.996559
0.99535
0.993326
0.997101
1.00216
1.00598
1.00384
1.00122
0.995596
0.995843
0.999988
1.0012
0.997274
1.00135
0.997126
1.00078
1.00144
0.999742
0.998434
0.998014
1.00105
1.00882
1.00712
0.999643
0.999766
1.00912
1.00273
1.00379
1.00786
1.00574
1.00354
1.00115
0.997447
1.00075
1.00147
1.00135
0.999692
1.00216
0.99725
0.998459
1.00176
1.00186
1.00329
1.003
1.00344
1.00248
0.99604
1.00127
1.00354
0.996485
1.00411
1.0011
0.997496
1.00569
0.999051
1.00251
1.00194
0.999692
0.998385
0.996485
0.998335
1.00191
0.998236
1.00391
0.996731
0.996065
0.997669
1.00549
1.00305
0.999149
0.999421
1.00164
0.998656
0.998187
0.996633
1.00532
0.997817
0.994091
0.997965
1.00105
0.998187
0.999964
0.999692
0.996583
1.00843
0.994905
0.995769
1.00621
0.999618
1.00122
0.997175
0.999396
0.996189
1.00663
0.99799
0.998409
0.996435
0.999149
1.00482
1.00152
0.994955
0.998508
1.00184
1.00167
0.994289
0.997447
1.00117
1.00191
1.00181
0.990538
1.00179
1.00811
1.00191
0.997472
1.00482
1.00001
0.995917
0.997916
1.00228
1.00312
1.00209
1.00041
1.00095
1.00342
1.00593
1.00386
1.00364
1.00305
1.00179
0.999174
1.00492
0.997324
0.996855
1.00564
1.00342
1.00241
1.00505
1.00317
1.00396
1.00218
1.0108
1.00033
0.990933
1.00401
1.00337
0.995029
0.997225
0.999594
1.00218
1.00707
1.00473
1.0028
0.995103
0.996361
0.99799
1.00431
1.00613
0.994535
1.00238
0.99947
0.990415
1.00169
0.995596
1.00024
1.0026
1.00041
0.999174
1.00305
1.00618
0.999421
0.994116
0.998286
1.00001
1.00065
0.9953
0.998533
1.00137
1.00253
1.00502
0.995054
0.999668
0.996805
1.00381
1.00206
1.0044
1.00149
1.00438
0.997965
1.00184
0.996213
0.99757
1.0051
1.00043
0.991328
1.00354
0.997398
0.992685
1.00019
1.00174
0.999347
0.999865
1.00024
0.998261
0.99076
1.00221
0.991747
0.998162
0.992981
1.00075
1.00357
0.997422
0.99794
1.00263
0.998829
0.998385
1.00196
1.00117
0.996583
0.995991
0.996114
1.00667
0.997003
1.00216
1.00342
1.00295
0.99952
1.00843
1.00418
0.999643
0.996929
1.00246
1.0031
0.996978
1.00512
0.993548
1.00322
1.00374
1.00552
1.00305
0.996657
0.996904
1.00218
1.00401
1.00408
0.994782
0.997496
0.997521
1.00056
1.00307
0.996534
0.999223
1.00517
0.998557
0.996682
1.00312
1.00142
0.994905
1.00611
1.00626
1.00004
0.995054
1.00329
0.996855
1.00043
0.997373
1.00729
1.00278
1.00226
1.00181
1.0031
1.0032
0.996485
0.996287
1.00564
1.00389
1.00329
1.003
1.00206
0.998335
0.993376
1.0045
1.00115
1.00579
1.00024
1.00147
1.0026
0.998261
1.00337
0.994609
1.00226
1.00431
1.00332
0.998656
0.993943
0.998014
0.995892
0.99947
1.00063
1.00411
0.992586
1.00236
1.00233
1.00613
1.00332
1.00068
0.998409
1.01001
0.99725
0.999174
1.00102
0.997225
0.998064
0.9972
0.997472
1.00542
1.00014
0.996509
1.00322
0.994091
1.00142
1.00248
1.00021
0.999964
1.00046
1.00635
1.00478
1.00073
0.996583
1.00075
0.997866
1.00776
0.999865
1.00507
0.99646
1.00063
0.99947
0.998755
0.998236
1.00031
0.996411
0.993647
1.00127
1.00344
0.998631
1.00258
0.998779
0.997595
1.00213
1.00515
0.999766
1.00734
1.00073
1.00028
0.997496
0.999026
1.00006
0.99794
0.993795
1.00857
1.00297
1.00359
0.999174
1.00302
0.99725
0.997274
1.00204
1.00505
1.00006
0.996509
0.998434
0.996114
1.00218
1.00164
0.996238
1.00255
0.999939
1.00139
1.00317
1.00334
1.00515
1.00458
1.00263
0.995966
0.997669
1.00223
0.995917
1.00334
1.0046
0.995966
1.00292
1.00078
1.00152
1.00524
1.0013
1.00485
0.997027
0.997027
1.00347
0.999051
0.99762
0.998878
1.00233
1.00147
0.99308
1.00093
1.0028
0.996435
0.996386
0.999149
1.00223
1.00053
1.00374
0.997669
1.00475
0.994511
0.999668
0.9953
1.00016
1.00241
1.00172
1.00369
0.998187
1.00243
1.00312
1.00125
0.9972
0.998927
1.00088
1.00231
0.995448
0.992364
1.00233
0.994881
1.00127
1.00157
1.00179
1.00263
0.993647
0.996633
1.00522
1.00218
0.989921
0.999297
1.00347
0.99377
0.995991
1.00362
1.00788
1.00246
0.997842
1.00191
0.997299
0.993844
0.997866
1.0027
1.00445
1.00357
0.997842
0.99794
0.999964
1.00633
1.00162
0.999149
1.00179
1.00063
0.998804
1.00251
1.00127
1.00142
1.00061
0.996707
0.998903
1.00152
0.999791
0.996707
1.00068
1.00601
0.999149
1.00159
1.00586
1.00102
0.999766
0.994979
0.998804
0.992808
1.00428
0.996361
1.001
0.995892
0.999223
0.9991
1.00643
1.00408
0.997595
0.997595
0.997965
0.999717
0.995226
1.00655
0.995917
0.998212
0.99984
1.00292
1.0011
1.00048
0.992759
0.996731
1.00507
0.997521
1.00204
0.998187
0.99873
1.00445
1.00159
0.998212
0.99799
0.999766
1.00142
1.00532
0.991895
1.00169
1.00218
0.995646
0.99683
0.998705
1.0044
0.999816
0.999273
1.00048
0.999766
0.993425
0.993302
1.00051
0.999223
0.99794
1.00253
0.999865
0.999371
0.994511
0.996707
0.997669
0.999001
0.996435
0.994979
0.997299
1.00623
0.99794
1.00408
0.999223
1.00176
0.999569
0.996608
1.00046
0.993672
0.999643
0.999865
1.0026
1.00431
0.997496
1.00534
1.00635
0.989378
1.00431
1.00455
1.00497
0.996213
1.00142
1.00053
0.997398
0.999347
0.99952
1.00228
0.99984
1.00031
0.995646
0.999865
1.00376
1.0012
0.99831
0.99989
0.999692
0.996805
0.998557
0.990119
1.00251
1.0032
0.996386
1.00756
0.997521
1.00009
1.00174
0.996312
0.996978
1.00189
1.00325
1.01196
1.00093
1.00201
0.995917
0.999371
1.00517
1.00174
1.01181
0.998261
1.00238
0.996509
0.997052
1.00455
0.999964
1.00593
0.998113
0.997052
1.00004
0.99757
1.0032
0.996263
1.00322
0.999791
0.999692
1.0066
0.992734
0.996929
1.00529
1.00226
1.00213
0.997694
0.994239
0.999964
0.988564
0.995078
1.0031
1.00517
1.00524
1.00026
0.996337
0.995498
1.00399
0.99989
1.0047
1.00413
0.993647
0.996904
1.00085
0.997077
1.00473
0.995769
0.993696
1.00216
1.00362
0.996731
1.00169
1.00823
0.997792
1.00399
0.998533
1.00258
1.00164
0.997842
0.998434
1.00043
1.00406
0.998335
1.00233
1.00112
1.00011
0.994067
1.00433
1.00006
0.998533
1.00685
0.995078
0.999742
0.999692
0.999495
0.99984
1.00228
0.999273
0.995991
1.00305
0.999717
0.995942
1.00167
1.00038
1.005
0.997447
1.00384
1.00524
0.992833
0.996929
0.997965
0.996139
0.99799
1.0008
0.999742
1.0029
1.00053
0.9991
0.996016
0.998039
0.997916
0.995399
1.0067
0.998977
0.995399
1.00273
0.998088
0.995917
1.00028
0.998878
0.999964
0.9991
0.994387
0.999026
0.998557
0.997348
1.00255
1.00416
1.00083
1.00236
0.998335
0.998952
1.0089
1.00001
1.00253
1.00162
1.00248
1.00894
1.00051
0.999223
0.999988
1.0029
0.998064
1.00623
0.996633
0.999594
0.9972
1.00327
1.00374
0.998631
1.00438
1.00253
1.00453
1.00808
1.00428
0.992808
0.998927
1.0066
0.997472
0.992784
0.997299
1.00458
1.00458
0.998533
1.0044
1.00882
1.0012
0.997891
1.00144
1.00539
1.00389
1.00083
0.998088
0.994955
1.00593
1.00468
1.00366
0.999643
0.986245
1.00006
1.00209
0.994683
0.998508
1.00379
0.996855
0.999618
0.998631
0.997644
1.00539
1.00085
0.998878
1.0011
1.00184
1.00517
0.999223
1.00107
1.00811
0.999026
1.00384
1.00399
1.00006
0.995917
1.00019
1.00315
0.992586
0.994338
0.998681
0.995547
0.998064
1.00248
1.00381
0.99535
0.995596
1.00026
1.00697
0.992561
1.00142
0.993647
0.999618
1.00559
0.990662
0.996879
1.00078
1.00273
1.00216
1.00502
1.0011
0.994387
1.00302
0.997792
0.998261
1.00327
0.994387
0.998903
0.997496
1.00492
0.989181
1.00675
0.996435
1.00418
0.990143
1.00436
1.00339
0.992709
0.999742
1.00011
0.997891
1.00016
0.995547
1.00394
0.997496
1.00384
0.991476
0.999248
1.0011
1.00075
0.996263
0.999149
0.997398
1.00009
1.00524
0.997521
0.999618
0.999199
0.998977
0.999322
0.995917
0.995448
1.00048
1.00283
0.997422
0.99836
0.997743
1.0026
0.9953
1.00297
0.995942
1.00211
1.00132
0.995991
1.00098
1.00154
1.00359
0.996657
1.00105
0.994881
1.00194
1.00038
0.999371
0.996263
1.00584
0.996114
1.00776
1.00779
0.999914
1.0045
1.00455
0.991895
1.00369
0.992635
1.00268
0.99873
1.00122
1.00246
1.00221
0.994363
1.00206
0.995103
0.994313
1.00329
1.00228
0.999199
0.996016
1.00389
0.999001
1.00566
0.997718
1.00112
0.996583
0.999223
1.00263
1.00221
0.995868
1.00056
1.00135
1.00216
1.00305
1.00403
0.999297
0.994856
1.0027
1.00411
0.999964
1.00394
0.998829
1.00028
1.00189
1.00857
0.996164
0.998113
0.999939
1.00181
0.99947
0.995202
0.993277
0.996608
1.00078
0.999964
0.999371
1.00078
1.00001
0.993104
1.00009
0.99984
1.00806
1.00019
1.00307
0.991229
0.99757
1.00347
0.999643
1.00403
1.0046
0.995226
0.994782
0.994881
0.999125
1.00243
0.999125
0.99609
1.00759
1.00048
1.00606
0.996879
0.999421
1.00204
1.00374
0.997373
0.999273
0.996879
1.00154
1.00986
1.00334
0.998212
1.00611
0.998804
1.00122
0.994412
0.999742
1.00226
0.994659
0.998039
1.00818
0.995547
0.999371
1.00056
1.00391
0.993302
0.996583
0.99118
0.999495
1.00554
1.00063
1.00263
0.992611
1.00295
0.999273
1.00159
1.00389
1.00357
1.00608
0.99113
1.00056
0.998113
1.00068
1.00248
0.995621
1.00949
0.998434
1.00357
1.00455
1.00093
1.00125
0.996657
0.99952
0.99345
0.995966
1.00411
0.996805
1.00115
0.993894
0.996707
1.00359
1.00776
0.999643
0.999988
0.999939
1.00053
0.997077
0.995843
0.999371
1.00098
1.00317
0.996534
0.994634
1.00095
0.996559
1.00137
1.00186
0.99683
1.00206
0.992339
1.00174
0.994585
0.996781
1.00448
1.0046
0.999347
1.00317
1.00159
0.997324
0.996657
0.997496
0.999594
1.00413
0.995547
1.0008
0.999914
1.00102
0.995917
1.00004
0.997644
1.00379
1.0045
1.003
0.998409
0.994116
0.999149
0.997743
1.00125
1.00796
0.994165
0.998656
0.997447
0.996287
1.00283
0.995054
0.99683
0.9991
0.995868
0.998829
1.00473
0.999001
1.00088
0.998286
0.994116
0.998656
1.00416
1.00093
0.997965
0.993129
1.00275
1.00329
0.993672
1.00603
1.0063
1.00665
0.996682
1.00403
1.00043
1.00448
1.00125
0.995769
0.998064
0.997027
1.00497
1.00107
1.00154
1.00001
1.00115
0.996337
0.998779
0.99799
0.995424
1.00061
0.997866
0.994239
1.00611
1.00196
0.993055
1.00295
1.00186
0.99493
1.00043
1.00564
1.00507
0.986097
0.994067
0.999273
1.001
0.994782
0.994979
1.00169
0.998088
1.00376
0.999273
1.0026
0.999692
0.993425
1.00547
1.00332
0.995966
1.00914
0.999026
0.997521
1.00344
1.00009
0.994535
1.00152
0.994733
0.995744
1.00845
1.00009
1.00465
1.00278
1.00756
0.994338
0.998903
1.00347
0.99762
1.00579
0.995966
0.992586
1.00438
0.996386
1.00211
1.00621
0.999495
1.00164
0.998335
0.998385
0.999495
1.0086
0.993894
0.997842
1.00485
0.999569
0.999248
1.00137
0.99794
0.991574
0.998113
0.997891
1.00347
1.00011
1.0047
0.991106
0.999594
1.0012
1.00381
1.01033
0.994461
1.00258
1.0027
1.00283
1.00608
0.998261
0.997694
0.996485
0.994042
1.0048
0.991747
1.00465
0.99799
1.00428
0.998236
0.996065
1.00909
0.996633
0.998878
0.997644
1.00371
0.996238
0.994437
1.00176
1.00305
1.00132
1.00179
0.998286
0.994979
0.996213
1.0069
0.9953
1.00399
0.998927
1.0012
1.00591
0.998138
1.00426
1.00021
1.00172
0.99947
1.00122
0.999125
0.999273
1.00307
0.993919
0.9972
0.997422
0.997003
0.996065
1.00739
0.993499
1.00019
1.00273
0.998261
0.994535
1.00152
1.00288
0.99947
0.998977
0.993647
0.998656
0.995473
1.00107
0.997768
0.998138
0.995103
1.00095
0.99836
1.00507
0.995177
1.00238
0.997916
1.00033
0.990834
1.00167
1.00403
1.00051
1.00529
0.995621
0.996583
1.00618
0.994831
0.996509
1.00204
1.00603
0.993228
0.997743
1.00465
1.00246
1.00078
1.00391
1.00117
1.00371
0.999594
0.999396
1.00135
0.99799
0.991649
0.995621
0.998014
1.0049
1.00255
0.995695
1.00246
1.00083
0.996411
0.998162
1.00993
1.00574
1.00339
1.00169
0.998903
1.00475
0.99989
0.99989
0.999396
0.998434
1.00068
1.00031
0.995744
0.999544
1.00292
0.999322
0.995572
0.994461
1.00357
0.996731
0.998138
0.997348
0.995399
0.995078
0.999174
0.99799
1.00159
1.00347
1.0026
1.00147
1.00613
1.00102
0.994856
0.996164
1.0012
1.00317
1.00357
0.99757
0.997027
1.00058
1.00043
0.995695
0.990612
1.005
1.00823
1.00374
1.0026
0.997052
0.998755
0.998952
1.00068
1.0027
1.00031
1.00334
1.00366
0.994165
1.00117
0.998853
1.00667
0.998656
0.997274
1.0051
0.99947
1.00036
1.00621
0.997472
1.00608
0.996213
0.997965
1.00167
0.996509
0.999396
0.996238
0.995695
0.999051
0.998236
1.00268
0.997151
0.995251
0.998631
1.00246
1.00537
1.00342
0.996608
1.00253
1.00194
1.00408
0.999988
1.00213
1.00347
0.994856
0.999223
1.00186
0.999149
0.99984
0.9915
1.00389
0.997595
0.998853
1.00221
0.999914
0.991525
1.00085
0.996805
0.999569
1.00157
1.00024
0.993548
0.999717
0.998508
0.999791
1.00001
0.995424
0.998656
0.999988
0.995473
1.00283
0.994535
1.00603
0.998977
1.00213
1.00339
1.00705
0.999495
0.998829
1.00349
1.0032
0.995251
0.990563
1.00238
1.00125
0.992734
1.00579
1.00354
1.00426
0.999643
1.00194
1.00366
0.996805
0.999594
1.00463
0.999051
1.00759
0.996633
0.998088
0.997225
1.00176
1.00028
1.00031
0.999495
0.994585
1.00204
1.00445
1.00436
0.997422
1.00117
0.995917
0.998039
0.999199
0.994905
1.00325
0.998607
1.00061
0.993104
1.00258
0.999445
0.998878
0.999692
1.00349
1.00537
1.00268
0.993844
1.00246
1.00105
0.991402
0.999717
0.992241
1.00564
0.997472
0.997644
0.996929
0.998607
0.997669
0.99947
0.995818
0.990341
0.996435
1.00068
0.999618
0.998656
1.00766
1.00428
1.00105
0.995744
0.995374
0.997669
0.999717
1.00399
1.00292
0.997891
1.00364
1.00371
1.0009
1.00075
1.00238
1.00724
1.0007
0.996855
0.99456
0.999001
1.00251
0.998409
0.993795
0.993721
1.00502
0.999322
0.998631
0.99952
0.99794
1.00302
0.994239
0.998903
1.00048
0.997472
0.998631
1.00485
0.995547
1.00347
0.998335
1.00238
1.00009
0.996929
0.998681
0.998878
0.997447
1.00485
1.00218
1.00162
0.994461
0.996978
0.999816
1.00702
1.00241
0.993203
1.01149
1.00283
0.996213
1.00973
0.994437
0.992981
0.999322
1.00626
1.00544
0.999594
0.99873
1.00236
1.00063
0.999445
1.00544
0.996633
1.00628
1.00112
0.999248
1.00362
1.00394
0.996929
1.00436
0.997398
0.992882
0.998039
0.998459
1.00179
0.997274
1.00344
0.994017
0.999939
1.00196
1.00194
1.00038
0.993499
1.00448
0.996756
0.998779
0.99831
0.995276
0.999125
1.00093
0.994042
0.998113
1.00115
1.00327
0.999248
0.998755
1.00273
1.00147
0.992117
1.00233
0.999445
0.99382
1.00448
1.00075
1.00033
0.996238
0.99831
1.00172
0.999791
1.00667
0.995202
0.996386
1.00406
0.999445
0.999544
0.996781
0.99725
0.995202
1.00189
0.998261
1.00127
0.991254
0.997792
1.00142
0.996929
0.997348
1.00682
1.00813
0.996756
0.995868
0.997644
1.00403
0.999297
0.994831
0.999371
1.00875
0.998039
0.996263
1.00709
1.00127
1.00255
1.00707
0.993943
1.00295
0.996756
0.994067
1.00164
1.00078
0.999001
1.00144
0.995621
0.992093
1.00788
0.993326
0.993548
0.996534
1.00386
0.994289
1.00443
1.00468
0.993919
0.999199
1.00162
1.00749
1.00478
1.00021
0.998829
0.994659
1.00366
0.998088
0.996016
0.996312
0.99572
0.998385
1.00638
0.998335
1.00164
1.00616
1.00186
1.00075
0.994659
1.00181
0.999692
1.00085
1.00288
1.0031
1.00332
0.996312
0.99836
0.997101
0.999791
0.998212
1.0047
1.00512
0.997866
1.00443
1.00265
0.998829
1.00043
0.999594
1.00384
1.00093
1.00339
1.00746
0.995424
0.995991
1.00209
0.998829
1.00265
0.999051
1.0009
0.994017
1.00325
0.996633
1.00956
0.9934
0.995399
1.00769
1.00505
1.003
0.997077
0.993573
0.998434
1.00408
1.00243
1.0007
0.996485
0.994905
1.00334
0.997866
0.999371
0.995991
1.00004
0.994683
0.995128
1.00201
0.99831
0.999544
0.997817
0.999001
0.997225
0.995251
0.998533
0.999051
0.995621
1.00305
1.00075
0.998557
1.00006
1.00083
0.993721
0.998187
1.00243
1.0026
0.997842
0.996337
1.00243
1.00051
0.999075
0.996213
0.999964
1.00616
0.99799
0.995646
1.00061
0.997447
0.996756
0.993326
0.99947
0.994609
1.00194
0.995522
1.00329
0.995769
1.00396
0.999717
1.00329
1.00366
1.00788
1.01094
1.0008
0.990489
0.99725
0.997052
0.999791
0.997521
0.998607
0.996682
0.999717
1.00307
0.996583
1.00507
1.0009
1.00107
0.993919
0.997792
1.0029
1.00164
1.00043
1.00727
0.998853
1.00038
0.999569
0.996731
1.00408
0.998039
1.00751
0.996781
0.997496
0.998236
0.996509
0.995054
1.00349
0.99493
0.99604
1.00024
1.00519
0.997324
1.00048
0.998088
0.992389
1.00258
1.00078
1.00085
0.997496
0.99794
0.995202
1.00043
0.990662
1.00364
0.9972
1.00339
0.998927
0.999445
0.996707
1.00058
1.00403
0.999692
0.996559
0.997398
1.00603
1.00665
1.0031
0.99604
1.00196
1.00527
0.998755
1.00127
1.00354
1.00041
0.990933
0.992265
1.00371
0.998385
0.994042
0.996855
0.996287
1.00236
1.00135
0.998459
0.999125
1.00571
1.00325
0.997225
1.00233
0.996682
1.00275
0.997348
1.00707
0.996139
0.999347
1.00056
0.999371
0.99572
0.999248
1.00734
1.00112
1.00428
1.00115
0.99794
0.996682
0.999569
1.00006
1.00344
1.00756
1.00135
1.00813
0.999964
0.996386
1.00135
1.0105
1.00317
0.997052
1.00115
1.00142
0.997003
1.00329
0.992512
1.00228
1.00584
0.997669
1.00216
0.999816
0.997965
0.996337
1.00403
0.994659
0.999791
1.00238
0.993993
1.00142
1.00712
0.999026
0.997768
1.00028
1.0049
0.99873
1.00196
0.994215
1.00547
1.00258
1.00102
0.999371
0.998113
0.996016
0.998385
0.996065
1.00766
1.00068
0.999865
0.996904
0.999717
1.00194
1.00127
0.99836
0.999026
1.00305
0.9953
0.998755
1.00455
0.995029
1.00026
0.99836
0.996361
1.00135
1.00139
0.999248
0.993203
0.997373
1.00065
1.00648
0.996361
0.999791
0.999273
0.997743
0.991723
1.00653
0.994634
1.00073
1.00046
0.998162
0.99076
1.00877
0.997126
1.00176
1.00359
1.00184
1.00149
1.00586
0.999347
1.00083
1.00164
1.00722
0.997546
0.996312
0.999248
0.999199
1.00056
0.990637
0.995276
0.996855
1.00043
0.997027
0.996855
1.0008
0.993647
0.995868
1.00144
0.994831
0.998952
1.0032
1.00009
1.00014
0.998804
0.999001
0.998064
1.00275
1.00305
1.00058
1.00337
0.995621
0.998927
0.996337
0.998804
0.994979
0.998236
0.998138
0.997595
0.995424
0.993943
1.00142
1.00194
1.00633
0.999297
1.00048
0.999001
0.998607
1.00278
0.989847
1.0008
1.00184
0.998508
1.00265
1.00268
0.998064
1.00172
1.00243
1.00418
0.999396
0.998459
0.999445
1.00204
1.00164
1.00147
0.993548
0.999396
1.00265
0.996756
0.998533
1.00433
0.996731
0.99493
0.995596
1.0032
0.991426
0.996978
0.996707
1.00737
0.994437
0.999051
0.996682
1.01159
0.995226
1.00359
0.998631
1.00403
1.0029
0.997422
0.998261
0.999594
1.00495
1.00539
0.994782
0.996583
1.00139
0.997225
1.00645
1.00137
0.99794
0.992389
0.996781
0.99725
0.997027
0.991945
0.999273
0.996213
0.998138
0.996164
1.00327
0.999396
0.997891
1.00369
0.994585
1.00297
0.999939
1.00033
0.99572
0.997743
0.999174
0.996731
0.996855
1.00179
1.00088
0.997299
1.00179
0.993524
1.00549
0.994609
1.00241
1.00201
0.998138
0.99762
1.00258
0.998903
0.998261
0.993129
0.997842
1.0012
1.00315
0.997718
0.99831
1.00191
0.993721
1.00218
1.00181
1.00125
0.997126
1.00445
1.00024
1.0008
1.00048
0.997718
1.0011
1.00606
1.00315
0.994905
0.997916
1.00053
0.999742
0.989601
1.00174
1.00292
0.999026
1.00031
1.00332
0.993968
1.00347
1.00255
1.00001
0.99308
1.00487
1.0031
0.993499
1.00016
0.994338
0.996978
0.999371
0.993943
1.00053
1.00783
0.994067
0.999026
1.00169
1.00593
0.998607
0.994239
1.00327
1.00406
1.00342
1.00083
0.99382
0.993548
0.997644
1.0044
0.996411
1.00515
0.997521
0.997965
0.996608
0.998927
1.00253
1.00063
1.00401
0.997373
0.99947
1.00638
0.996756
1.00381
0.996164
1.00344
1.00714
1.00088
1.00707
1.00078
1.00251
1.00058
0.999026
1.00527
0.998557
1.00347
1.00628
1.00144
1.00497
0.998113
1.00132
0.996707
0.995942
0.997496
0.999273
0.996756
0.995572
0.996337
1.00534
1.00354
0.999075
0.994091
1.00342
1.00421
1.00011
1.0029
1.00139
0.99947
1.00011
0.998138
0.999421
0.996657
0.995325
1.00544
0.994239
0.997447
0.997496
1.00312
1.00682
1.00038
1.00147
1.00125
0.997891
0.99947
0.999939
0.993943
0.999766
0.998681
0.998508
1.00344
1.00228
0.999396
1.00376
1.00009
1.00204
0.997472
1.0063
0.997669
0.99646
1.00122
1.00796
1.00255
1.00362
0.996114
0.996805
0.999125
0.998705
1.00297
0.99794
1.00014
1.00475
0.998434
0.997274
0.995547
1.0084
1.00295
1.00638
1.0046
0.998533
1.00756
0.997496
1.00117
0.99757
0.998681
1.00833
1.00233
0.994881
0.995054
1.0044
0.990958
0.99831
1.00028
1.00186
0.995399
1.00001
0.996263
0.995498
1.00401
0.996485
1.00273
1.00107
1.00663
0.999939
1.00181
1.00492
1.00255
0.99646
1.00041
0.997422
1.00073
0.998853
0.996855
0.994412
1.0027
0.997842
1.00051
1.0032
1.00302
1.00515
1.00936
1.00221
0.998952
0.997003
0.997768
1.00189
0.993696
0.997521
0.99873
0.998582
1.00337
0.996855
0.998804
1.00586
1.00021
0.994289
0.995621
0.999421
0.993351
1.00228
1.00423
1.00127
0.997669
1.0029
0.998952
1.00278
1.00026
0.998335
0.996756
0.997891
1.00354
0.999347
1.00041
0.994116
0.996164
0.996756
1.00729
1.00384
0.999026
1.00176
1.00487
0.998212
0.997768
0.994239
1.00228
0.995695
0.996485
0.998286
1.00189
1.00401
0.994535
0.994461
0.999544
0.99989
1.0028
0.995621
0.9991
0.997422
0.998088
1.00512
0.997546
0.992487
0.998681
0.997299
0.99456
1.00204
1.0012
0.999347
0.994116
1.00539
1.00431
0.99266
1.00312
0.99303
1.00048
1.0027
1.00552
0.996805
1.00285
0.996065
0.999149
1.00117
0.994757
1.00127
0.998508
0.995251
0.995942
1.0028
0.99831
0.99952
1.00672
1.00122
0.994412
0.994733
0.997398
1.00265
0.998557
0.998977
1.00139
1.00068
0.99567
1.0048
1.00438
0.996312
1.00238
1.00093
0.996435
0.997003
0.997175
1.00241
0.999495
1.00278
0.998755
0.997126
1.00184
1.00628
0.999445
1.00729
1.00194
0.998903
1.00199
1.00065
1.00041
1.00364
1.00243
0.998582
0.998064
1.00396
1.00226
1.00436
0.995448
1.00347
1.00231
0.998631
1.00317
0.99952
1.00502
0.994289
0.99646
1.00302
1.00048
0.999618
1.0031
1.00855
1.00063
1.00537
1.00648
0.996534
0.996386
1.00107
0.993228
0.995202
1.00327
1.00159
0.99799
1.00522
0.999594
1.00362
0.994387
1.00157
1.00043
1.00063
1.00147
0.995424
0.998582
1.00174
1.00058
1.0028
0.999988
1.0007
0.99799
1.01092
0.997916
0.998409
0.993524
0.99683
1.00362
1.00073
0.993993
0.999371
1.00685
1.00406
0.999865
1.0013
0.995152
1.00297
0.999396
1.00391
0.999371
0.998236
1.00436
1.0087
0.999742
0.992586
1.00125
0.994042
1.0031
0.996756
1.00036
1.00041
1.005
0.998236
1.00122
0.998878
0.998557
1.00253
1.00152
1.00349
0.995892
1.00053
1.00085
0.993474
1.00228
0.999816
1.00394
0.999125
1.00026
0.998409
0.998212
0.997348
0.995843
1.00991
0.995424
1.00253
1.00418
0.998557
0.996164
1.00209
1.00329
0.995966
0.994733
0.998878
1.00058
0.992389
0.995054
1.00152
1.00221
0.999445
0.997546
1.00021
1.00127
0.998829
0.999075
1.00036
1.00515
1.00374
0.992265
1.00613
1.00628
0.994609
0.993894
1.00601
0.99836
1.00038
1.0011
0.999816
0.99382
1.00566
1.00209
0.995152
1.00411
0.99799
1.00169
1.00046
0.996978
0.99757
1.00159
0.999964
1.00322
0.996485
0.996213
1.00105
1.00278
1.00098
1.00083
0.998755
1.00105
0.999594
0.998335
1.00135
1.00127
0.995794
1.00344
0.998853
1.00251
1.00117
0.991723
0.996633
1.00204
1.00554
0.993499
0.999791
0.999248
1.00147
1.00359
1.00172
1.00144
0.998014
1.00399
0.999297
0.999964
1.0032
0.997398
1.00618
1.00172
1.00366
1.00386
0.996805
1.00201
1.00125
0.992932
1.00157
0.997965
1.00135
1.00613
0.999717
1.00692
0.999297
1.00098
0.996016
1.00505
0.998039
0.991254
0.998113
1.00633
0.997669
1.00021
0.994807
1.00564
1.00246
0.995152
0.998335
1.01013
1.00744
1.0026
0.995128
1.0049
0.999149
0.999273
0.991723
0.996756
1.00349
0.996287
1.00495
0.995054
1.00051
1.00174
0.99984
0.998459
1.00519
1.0012
0.997225
0.998335
0.998261
1.00445
1.00628
1.00061
1.00781
0.997965
1.00233
1.00201
0.996879
1.00137
0.991772
1.00626
1.00152
1.00196
1.00727
0.99456
0.993154
0.995621
1.00075
0.996238
0.99572
0.999569
1.00396
1.00009
1.00253
1.0011
1.00248
1.00028
0.996781
1.00742
0.998212
0.998483
1.00532
0.995942
0.995325
1.00009
1.0031
0.996411
0.999495
1.00199
0.99989
0.996731
1.00492
0.99535
1.00517
0.991278
1.00159
0.997472
1.00016
0.997965
0.996065
1.00468
0.998039
0.999445
0.999816
0.996016
1.00734
0.998557
1.00418
1.0012
1.00628
0.998853
1.00384
1.0027
0.999692
0.997101
0.998878
0.997891
0.99076
1.00322
1.00019
0.998064
0.999766
0.996633
0.998483
0.992907
1.00061
0.995744
1.00315
0.996559
0.998014
1.00413
0.999742
1.00009
1.00302
0.998829
1.00522
0.995448
1.00038
0.997101
1.00426
1.00776
1.00041
1.00211
1.0027
1.00329
1.00009
1.0007
1.00677
1.00421
0.999594
1.00093
1.00344
1.0008
1.00216
0.994437
1.00653
0.994979
1.00381
0.998853
0.996189
0.994782
1.00021
0.993598
1.00421
1.00083
1.00139
1.00001
0.998335
0.994091
1.00295
1.00154
0.9953
1.00147
0.999125
1.00522
1.00162
0.995966
1.00776
0.998631
0.998064
1.00295
0.996485
1.00549
0.998607
0.994905
0.994708
1.00014
1.00682
0.996312
1.00894
1.00532
1.00238
1.00512
1.00058
1.00764
0.998459
0.999618
1.00396
0.995029
0.992463
1.00399
1.00144
0.997274
1.00347
0.997422
1.00408
1.00019
1.00162
1.00095
1.0012
1.00727
0.996189
0.998335
1.00969
1.00621
0.996312
1.00083
1.00038
1.00532
1.00194
0.9991
1.00209
0.998607
1.00584
1.00529
0.997891
1.00529
0.99308
0.997175
0.994585
0.998113
1.00408
1.00344
1.00026
0.998533
0.995596
0.995522
0.99604
1.00031
1.00648
0.996361
0.99984
0.994856
0.996213
0.998681
0.996534
1.00115
1.00043
0.996337
1.00009
0.998631
1.00329
0.998508
1.00105
1.00329
1.00191
1.00115
0.999149
1.00593
0.998385
1.00105
1.00164
1.0027
1.00196
1.00102
0.999322
0.992882
1.00083
1.0011
1.00154
1.00329
0.998064
1.00275
0.993154
0.996435
1.00223
1.00344
0.992117
1.00403
1.00263
1.00391
0.997644
1.00088
1.00048
0.997447
0.999322
0.994387
1.00433
1.00534
1.00174
1.00251
0.993154
0.999865
0.999816
0.999199
0.999766
0.995202
1.00288
0.995596
0.997027
1.00095
0.995128
1.00265
0.995004
0.997422
1.00139
1.01526
1.00522
1.00406
0.99456
1.00606
1.00154
0.99831
0.996411
0.998582
0.998286
0.997003
1.00167
0.998483
0.999914
1.00717
1.00184
1.00162
0.997003
0.998927
1.00305
1.00058
0.995226
1.00468
0.998533
1.00236
0.999742
0.995202
1.00189
0.996633
1.00139
0.9991
1.00394
1.00332
1.00211
1.00263
1.00105
0.998088
0.994338
0.997003
1.00465
1.00527
0.999816
0.996929
0.999544
1.00085
1.0044
0.998779
0.997274
1.00098
1.00339
1.00115
1.00125
1.00246
1.00366
1.00391
1.00371
0.994609
0.998952
0.997225
1.00142
1.00004
0.995892
1.00707
1.00068
0.999643
1.00186
1.00759
0.993104
1.00399
1.00041
1.00497
1.00574
1.00944
1.00347
1.00376
1.00053
0.996707
1.00685
0.990982
1.00379
1.00105
0.992487
1.00011
1.0007
1.00061
0.993573
0.998755
0.99646
0.995054
0.99836
0.99984
1.00046
0.996953
1.00618
1.00033
1.00085
0.994757
1.00194
1.00063
1.00305
1.00561
1.00502
0.99836
0.998977
0.998705
0.998557
0.995794
1.0007
1.00547
1.00102
0.996904
1.00739
0.996435
1.00265
0.999001
0.997398
0.998113
1.0064
1.0027
0.993228
1.00162
1.00352
0.997225
1.00362
1.00196
0.998582
0.999347
1.0049
0.997225
0.999026
0.995424
0.998434
0.999742
0.993968
1.00241
1.00315
0.997373
0.998286
1.00253
0.999273
1.00566
1.00209
1.00009
0.992734
1.00717
1.00231
0.990588
0.996855
1.00251
1.00255
1.00638
1.00194
1.0032
0.998927
1.00083
0.996657
1.00093
1.007
0.999371
0.999717
1.00478
0.998409
0.999988
1.00376
0.997817
1.0012
1.00275
0.998705
0.996065
1.00524
1.00265
1.00056
0.99794
1.00297
1.00445
1.0008
0.994165
0.998335
1.00455
1.00751
0.998903
1.00431
0.999988
0.996583
1.00302
0.995942
1.00088
0.994782
1.00416
0.997274
1.00327
0.997052
0.997151
1.00359
1.00268
1.00226
1.00075
0.99873
0.99836
1.00048
1.00275
1.00056
0.995966
0.994363
0.999865
1.003
0.995226
0.991994
0.994091
0.994165
1.00376
1.00019
1.00046
1.0044
1.00107
1.00589
0.999495
0.996238
0.996633
0.996855
0.996559
1.00176
1.00413
1.00095
0.998681
0.996682
1.00517
1.00771
0.999865
1.00391
1.00098
0.998681
0.997373
0.996139
1.00095
1.0011
1.00075
0.998631
1.00549
1.0051
0.998656
1.00127
1.00288
0.99646
1.00502
0.996559
1.00443
0.998236
0.995473
1.0031
0.997891
1.00322
1.00581
0.997373
1.00051
1.00048
0.99984
1.0008
0.995276
1.00709
0.994511
1.00362
1.00253
1.00107
1.00174
0.991328
0.997398
1.00248
0.998286
1.00043
0.999668
0.99535
1.00263
0.995202
1.00591
0.998533
1.00184
0.999125
1.00327
1.0065
1.00749
0.995004
0.99873
1.00788
1.00251
1.00169
0.998113
0.995522
1.00458
0.998631
0.995843
1.00389
1.00031
1.00016
1.00633
0.997521
0.999964
1.00028
0.99794
0.998952
1.00428
1.00248
1.00379
1.00527
0.998656
0.99567
1.00544
0.995596
1.00125
0.999717
0.995769
1.00428
0.995374
0.997521
0.995424
1.00112
0.993573
1.00401
0.998459
0.996953
0.999668
0.997472
0.99836
0.999075
1.00774
1.00117
1.00379
1.00194
0.994387
0.992512
1.00162
1.00337
0.995054
0.998607
1.00021
0.999026
0.999199
1.00342
1.00307
0.997718
0.993696
0.995868
0.99873
0.99947
0.997274
1.00492
0.998212
1.00021
1.00421
0.99989
1.0048
1.00107
1.00053
1.001
1.00278
0.999001
1.00547
0.997052
1.00485
1.00031
0.993647
0.991969
0.99873
0.997644
0.999421
1.00167
0.998681
0.999051
0.997521
1.00009
0.996953
0.993425
0.997175
0.998779
0.988688
0.994733
0.995152
0.997743
1.00028
0.996238
1.00199
1.00181
1.00549
0.998903
0.997101
1.00174
1.0026
1.00132
1.00589
0.998187
1.00009
1.00297
0.997916
0.996287
0.997077
1.00019
1.00302
0.996608
0.999347
0.997866
1.00325
0.998557
0.999051
0.999594
0.995078
1.00083
0.993203
1.00547
1.00127
0.998533
1.00043
1.00584
0.999816
0.997151
1.00561
0.996189
0.998212
0.996509
1.00875
1.00014
1.00315
1.005
0.989872
1.01104
0.996953
1.00139
0.99989
0.999125
1.00169
1.00211
1.00507
1.00702
0.997866
1.00589
1.00216
1.00576
1.00623
0.997546
0.99952
1.00278
0.999766
0.991747
0.99952
1.00332
0.993993
0.998187
1.00169
1.00574
1.00095
0.998903
0.999445
0.991994
0.993351
1.00374
0.999248
0.996509
1.00611
0.99984
1.00063
1.007
1.00144
1.00376
1.00191
0.998607
1.00194
0.999149
1.00618
0.994511
1.00176
0.996707
1.00663
1.00209
0.998088
0.999495
1.00135
1.00344
1.00011
1.003
1.00389
1.00164
1.00223
1.00547
1.00117
0.996534
0.993696
1.00248
0.996707
1.00001
0.995399
0.998582
1.00317
0.998459
0.997175
1.00571
0.994708
0.998162
1.00468
1.00036
1.00369
0.99799
1.00248
0.992808
0.999149
1.00685
1.00159
1.00189
1.00759
0.999766
0.996435
0.998681
1.00021
1.00194
1.00041
0.998508
1.00275
1.00403
0.991871
0.997768
0.997472
0.997324
1.00206
0.999643
1.00038
1.00867
0.999347
0.995966
1.00285
1.00384
0.997027
1.00687
0.994141
1.00172
0.997373
0.999668
0.998977
0.999742
1.0031
0.999618
0.998903
0.998607
0.992315
0.996337
0.999816
0.996189
0.998459
0.999248
0.998878
1.00167
0.999421
1.00181
1.00584
0.997866
1.00246
1.00033
1.00167
1.00236
0.993721
0.997669
1.00616
1.00549
1.0007
1.00137
1.00004
0.995448
1.00667
0.997101
0.997817
1.00285
0.998088
0.997792
1.00216
1.00051
0.997003
1.00482
0.999643
0.999766
0.999569
1.00194
0.999421
0.994215
1.00127
0.99229
1.00386
0.991673
1.00263
1.00135
0.996559
0.995522
1.00534
1.00028
1.00051
0.998138
1.00117
1.001
0.999371
1.00389
1.00672
0.998977
0.996189
1.00065
0.999026
0.998459
0.996929
1.00019
1.00394
0.999816
0.990439
0.995029
0.998385
0.991969
1.00255
0.996879
0.997027
1.00734
1.00611
0.998434
1.00302
1.00196
0.995054
1.0049
0.999766
0.99535
0.997225
0.999075
1.00436
1.00051
0.996263
0.999544
1.00416
1.00749
1.00362
0.995744
0.992611
1.00384
1.00273
0.997965
0.998681
0.999149
1.00179
1.00127
1.00139
1.00204
1.00056
0.995498
0.998977
0.998755
1.00006
1.00041
1.00616
1.00061
0.997472
1.00357
0.993943
1.00142
0.999075
1.00033
1.00231
0.999075
0.996583
1.00295
1.0007
1.00073
0.997743
0.996904
1.00682
0.999322
0.99609
0.99762
1.00603
1.0032
0.997916
1.00381
0.997077
0.989378
1.0032
0.993573
1.00009
1.00297
0.999297
0.999618
1.00078
1.00164
0.998162
1.00016
0.998829
1.00132
0.99873
1.00139
1.00026
0.999692
0.996731
0.998533
0.999297
0.995276
0.996756
0.99762
1.0045
1.00112
0.997718
1.00334
1.00073
0.998236
0.993919
0.997299
1.00376
1.00347
1.00453
1.00482
0.990069
1.0011
0.997743
0.999371
1.00218
1.00001
0.998483
0.998656
1.00181
1.00221
1.00317
0.998385
0.999692
1.00312
1.0009
0.999766
1.00391
0.996978
0.998853
1.00028
1.00065
0.993968
1.00144
0.995621
0.996731
1.00258
1.00628
0.990045
0.996657
0.995498
0.998927
1.00016
0.996386
0.999594
0.994042
0.995744
0.997718
1.00297
1.00406
1.00384
1.00665
0.998434
1.00033
1.00403
0.998261
0.997644
1.00028
0.996682
1.00046
0.998927
1.00142
0.999322
1.0008
1.00384
0.997768
0.998261
0.999199
1.00263
0.996361
1.00394
1.00438
0.995029
1.00033
1.00275
0.996756
0.995226
1.00221
0.999668
0.998138
1.00297
0.998582
0.996929
1.00408
1.00428
1.00105
1.0069
1.00031
0.999914
1.00093
1.00078
0.998409
0.995794
1.00115
1.00362
0.995448
1.00174
0.999026
1.00157
1.00897
1.0029
0.995473
1.00359
1.00083
0.998878
0.998656
1.00011
0.999692
1.00179
0.992709
1.00137
0.998779
0.997546
0.998483
0.997694
1.00221
1.00068
0.996707
1.00139
1.00349
0.998681
0.99989
0.999273
0.995547
1.00371
0.99831
1.00369
0.998533
1.00519
0.999001
0.998804
1.00497
1.00566
0.995991
0.997151
1.00325
1.00554
0.996756
1.00302
1.00189
0.998039
1.00364
0.999174
1.00107
0.99984
0.996114
0.998162
1.00206
1.00374
0.995374
0.999347
1.00014
1.00078
1.00056
0.990538
0.996781
1.0026
0.99952
0.997595
0.997866
1.00465
0.997398
1.0063
1.00201
1.00115
1.00253
0.995128
1.00238
0.996386
0.996435
0.998064
0.996485
1.00093
1.00305
1.00729
1.00031
0.997595
1.00418
0.998434
0.995794
1.00325
0.997348
1.00524
0.994165
0.99725
0.999569
1.00026
1.00788
0.990538
0.99308
0.999865
1.00399
1.00774
1.0028
0.99762
1.00135
1.00413
0.995621
0.999988
1.00482
0.997644
1.00191
1.00075
1.00332
0.99683
0.996682
1.00478
0.993326
1.0008
1.00181
1.00139
0.999692
0.991969
1.00347
1.00226
0.996608
0.999569
0.997521
0.996879
1.00189
1.00312
0.998459
0.998483
1.00779
0.997398
0.994881
0.996386
0.995547
1.00505
0.996312
1.00204
1.00381
1.00537
1.00581
1.00028
1.00068
0.99567
0.993302
1.00687
1.00445
1.00189
1.00423
0.995818
0.999988
1.00487
0.997521
1.0008
0.994437
1.00268
1.00041
1.00364
1.00362
0.998039
0.996509
0.998236
1.00122
0.997718
0.999322
1.00598
0.992487
1.00191
1.0007
0.996485
0.994042
1.00421
1.00366
0.997718
1.00448
0.998952
1.0028
0.994486
0.996682
0.999618
0.998804
0.999692
0.996189
1.00164
0.996411
0.999075
1.00394
1.00307
0.99683
0.999643
1.00009
1.00386
1.00164
1.00026
1.00194
0.995152
1.00068
1.00596
0.994659
0.99609
1.00201
0.9991
0.996189
0.993795
0.998483
1.00608
0.999421
0.997101
0.996756
1.00009
0.998385
0.99762
1.00374
0.99989
1.00359
1.00083
0.994905
0.994708
1.00426
0.996978
1.00053
0.998533
1.00088
0.996805
1.00327
1.00157
0.992808
1.00362
1.00009
1.00633
0.998113
0.997694
1.00105
0.996707
1.00374
1.00162
0.998039
1.00078
1.00172
1.00085
0.996682
0.998878
1.00026
1.00213
0.998533
1.00093
0.995572
0.9953
1.00292
1.00169
0.994412
0.996756
1.00258
1.00179
1.00216
0.999248
0.989995
1.00556
1.00379
0.995424
0.994412
1.00524
0.998286
1.00174
1.00431
1.00366
0.99604
0.995325
0.998236
1.00243
1.00233
0.995868
0.995078
1.00112
0.996953
0.99076
0.998804
0.998434
0.995572
1.0007
0.998483
1.0084
1.00475
0.999322
0.998483
0.9991
1.00352
1.00258
0.999717
1.00529
1.00063
0.995473
1.00515
1.00191
1.00633
1.00238
1.00061
0.997768
0.993499
0.996485
0.997817
0.995078
1.00522
0.998113
0.995942
1.01154
0.999125
0.99646
0.998829
1.005
0.999001
1.00068
1.00221
0.999865
0.998409
1.00433
0.994165
0.994412
1.00539
0.995917
0.997299
0.99604
1.00209
1.00139
0.995276
0.999347
0.997644
0.99377
1.00663
1.00532
1.00036
1.00418
0.992611
0.994708
0.998261
1.00349
1.00142
0.989206
1.00463
1.00357
1.00226
1.00591
1.00584
0.994289
1.01233
1.00537
0.995202
1.00302
0.995498
1.00036
0.999396
0.995572
0.998804
0.993622
1.00426
1.00176
0.998779
0.99794
0.997003
0.99873
1.00396
0.995794
1.00707
1.00633
1.00063
1.0013
1.00085
0.997126
1.00068
1.00601
1.0012
0.999445
0.996953
1.00152
0.99799
1.00122
0.994313
0.996978
0.998261
1.00241
1.0048
1.00283
1.00436
0.998656
0.99989
0.998064
0.987133
0.999125
0.998409
0.999248
0.999322
0.997324
1.00014
0.993844
1.00174
0.995103
1.00085
0.999149
0.997718
1.0008
0.999742
1.00132
1.00176
0.995991
0.99725
0.995251
0.999939
1.00139
0.999297
1.00702
1.00014
0.996855
1.00174
1.00645
1.00512
1.00191
1.0063
1.00154
0.99609
1.00265
0.994955
0.999199
1.00014
1.0032
1.0048
1.00431
0.997768
0.995128
1.00258
0.999174
0.996164
0.9991
0.998755
0.99493
1.0009
1.00063
1.00172
0.998853
0.994634
0.99192
0.998286
1.00243
0.999865
1.00095
1.00394
1.00354
1.00142
1.0026
0.996337
0.997866
1.00302
0.998656
0.996263
1.00663
0.993844
0.999347
1.00406
1.00061
0.999371
0.993351
1.00093
0.996855
0.998533
1.00011
0.999717
0.997422
1.00253
0.995794
1.00593
0.998927
1.00213
1.00231
0.995942
1.00194
0.994634
1.00559
1.00877
1.00024
0.999791
1.00149
0.997274
1.00194
0.999371
1.00201
0.990341
0.996361
1.00211
0.9991
1.00754
1.00248
1.00258
1.00031
1.00056
0.999149
1.0008
1.00337
0.993894
1.00132
1.00547
0.997052
0.998878
0.997274
1.00142
1.00102
0.990908
0.997694
1.00093
0.997891
0.999495
1.00169
1.00349
0.993844
1.00552
0.996238
1.00024
1.00278
0.993326
1.00014
0.998977
0.999051
0.995177
1.00364
1.00278
1.00515
1.00194
1.00389
0.988811
1.00371
0.99799
1.00181
1.0029
1.00011
1.00478
0.997792
1.00739
1.00001
0.998952
0.999051
1.00149
0.99456
0.996756
1.00265
1.00209
0.998878
0.998977
1.00211
0.998557
1.00552
0.994831
1.00295
0.994807
0.996114
1.00199
0.994461
0.995843
0.994387
1.00231
0.998533
0.99831
1.00142
0.999692
1.0048
0.999248
0.999692
1.00125
1.00006
0.999791
1.00315
0.997496
1.00142
1.001
1.00643
0.996855
1.00061
1.00507
1.00186
0.993919
1.00211
0.996756
1.00142
1.00297
1.00149
1.00058
1.00825
0.997669
0.992561
0.998927
1.00542
1.00139
1.00278
0.999322
0.997866
0.999544
0.998582
0.997126
0.998804
1.00213
0.994609
1.00352
1.00542
1.00389
0.999988
0.99345
0.997472
0.994067
0.998409
0.989946
0.998656
0.996559
1.00275
0.996411
1.00159
0.995794
0.998656
1.00026
0.992117
1.00048
1.00065
0.999668
1.00218
0.998631
1.00695
0.995251
0.995128
0.998779
1.0026
0.996682
0.998039
1.00255
0.998656
1.0049
0.99794
0.994683
0.994905
1.00031
1.00164
0.999939
0.994116
0.998977
1.00142
1.0028
0.996953
0.996164
1.00199
0.998014
1.0009
1.00413
1.00332
1.00379
0.998162
1.00236
0.99836
1.00236
0.995029
1.00431
1.00746
1.00184
0.992709
1.00292
1.00295
0.998656
1.00433
0.998853
0.997718
0.99725
1.00268
0.999396
1.00283
1.00438
1.00455
1.00216
0.997225
1.00246
1.00184
0.99984
0.99989
0.995868
0.998138
0.996904
0.999223
1.00221
1.00011
0.997299
1.00329
1.0027
0.9991
1.00211
0.992956
1.00497
1.00251
1.00021
0.996189
0.996904
0.997595
0.994708
0.999223
0.997151
1.00223
1.00833
1.00621
1.00056
1.005
0.999964
0.996213
1.0027
1.0068
0.991797
1.00709
1.00411
0.997003
0.993672
0.999643
1.0028
1.00172
0.995744
1.00263
1.00211
1.00253
0.998064
1.00073
0.998162
0.995596
1.00169
0.997398
1.00026
1.00357
0.999248
0.99984
1.0013
0.997052
1.00216
0.994782
0.999223
1.00524
0.993326
1.00438
1.00019
0.998878
0.999396
1.00251
0.994831
1.00426
0.997151
1.00122
0.999988
0.997472
0.993968
0.996608
0.999371
1.00702
0.999988
0.998533
1.00043
1.00038
1.00327
1.00522
0.997175
1.00172
0.9991
1.00465
1.00929
1.00702
1.00107
0.996879
0.99118
0.992882
1.0026
1.00021
0.995498
1.00265
0.997694
1.00334
1.00228
0.997595
0.997866
0.994733
1.00102
0.999717
0.998014
1.00677
1.001
1.0013
0.997496
1.00241
0.996657
1.00078
1.00159
1.00112
0.995448
0.99836
0.994289
0.998236
0.999618
0.999791
0.99989
0.997842
0.992093
0.996953
0.999421
0.99989
1.00056
0.996731
0.999717
0.997743
1.00497
1.00468
0.999692
0.996312
1.00231
1.00253
0.997175
0.999001
0.996855
1.00102
0.994979
0.998014
0.995892
1.00199
1.0101
0.994659
0.999199
1.00463
0.999001
1.00399
0.99831
0.999051
0.999421
1.00236
0.995251
0.997299
1.00722
0.996781
0.992315
1.00083
1.00973
0.992364
0.996756
1.00105
0.995276
1.00786
0.996485
0.994683
1.0028
0.99762
0.999149
1.00505
0.994165
1.00238
1.00549
0.99952
1.00174
1.00223
0.999569
1.00396
0.999964
0.997644
1.00485
0.997027
1.00014
0.998088
1.00028
0.998755
1.00142
1.00075
1.00786
0.991723
1.00068
0.994042
0.998483
1.00569
1.00132
1.00401
0.998582
1.01112
0.997299
0.997472
0.997866
0.998903
0.99493
0.992216
1.00833
0.999273
0.998755
1.00297
0.993302
1.00443
1.00329
0.999297
1.00135
1.00374
0.996929
0.995966
0.996633
0.998039
1.00137
1.00334
0.992463
1.00036
1.00176
1.00107
1.0009
0.993598
0.999594
0.994807
0.99609
0.999026
0.997447
1.00046
1.00613
1.00255
0.996978
1.01129
1.0009
1.0011
1.00349
0.999026
1.00075
0.99118
0.995892
1.00885
1.00428
0.997694
0.999988
1.0104
1.00169
1.00048
1.00268
1.00122
1.00088
0.99683
0.996411
0.997373
1.00004
0.996879
1.00001
0.994979
1.00016
1.00275
0.994733
0.99836
0.992463
0.998162
1.00611
0.996238
1.00105
0.999643
0.995276
1.00445
0.997447
1.00603
0.997299
1.00056
0.998236
0.993252
1.00019
0.997546
1.00547
1.00048
0.997447
1.00154
1.00093
1.00285
1.00342
0.992932
0.996139
0.998631
0.992784
1.0029
0.999297
1.00122
0.988984
1.00024
0.996904
0.999322
1.00048
0.993993
0.996805
0.993721
1.00554
0.995646
1.00135
1.00283
0.998459
0.992784
1.00223
0.991426
1.00164
1.00172
1.00046
0.99762
1.00552
0.999248
0.99345
1.00327
1.00613
1.00164
0.999742
1.0048
0.994905
1.00339
0.995054
0.998755
1.00238
1.00919
1.00542
0.996361
0.99757
0.996978
1.00162
0.998459
1.00019
0.999865
0.994905
1.00031
0.998952
1.0044
1.00053
0.994042
1.00019
1.00453
0.998952
1.00411
0.996213
1.00164
0.998681
1.00347
1.00073
1.00144
0.99609
0.997792
0.994042
0.998508
1.00317
1.00334
0.995004
0.998236
1.00315
1.00739
0.998385
0.997422
0.996731
1.00515
1.00061
0.997768
1.00443
0.995621
0.995572
0.996238
1.00236
1.00312
0.996287
0.993844
0.996682
1.00423
1.00154
1.00172
1.00021
0.998829
0.99419
0.994239
1.001
0.99572
1.00196
0.998459
1.00189
0.999445
1.00016
0.999322
1.00633
1.00463
0.998853
1.00194
1.00522
0.999668
0.99609
1.00428
0.99646
1.00204
0.995054
1.00292
0.99609
0.999988
1.001
0.998088
0.998977
1.00181
0.994585
1.00068
1.00048
0.999495
1.00112
0.999865
1.00053
0.999594
1.00135
0.998557
0.998113
1.00344
0.996904
0.993425
1.00255
0.997324
1.00122
1.00033
1.00329
1.00157
1.001
0.994437
1.01045
1.00122
1.00369
1.00406
0.990736
1.00502
0.997398
1.00142
0.996707
1.00204
1.0027
0.998878
1.00369
1.00228
1.00061
0.993524
0.994733
1.00379
0.993524
0.999075
1.00204
1.00255
1.00167
0.995744
0.995646
1.00959
0.997472
1.00021
1.00221
1.00117
1.00705
1.00329
0.998409
1.00537
1.00001
0.992068
0.995794
0.996929
1.00021
1.00056
0.99419
1.00167
0.997842
1.00352
0.998631
1.00327
1.00038
1.00241
0.999643
1.00218
1.00312
1.00221
0.999421
1.00394
1.00231
1.00554
0.996855
0.997324
1.00223
0.999149
0.999865
0.998582
1.0027
0.996657
0.995572
1.00241
0.998582
1.00606
1.00213
0.999766
0.998878
0.999223
1.00098
0.992364
0.99118
0.999223
1.001
1.00204
0.998927
1.00231
0.999125
0.999445
1.00199
0.998878
0.996756
0.999939
1.00554
0.997101
0.997348
1.00028
1.00601
0.994165
0.999495
1.00246
0.999766
1.00305
1.00167
0.996139
0.998804
1.00453
0.997225
1.00369
0.998459
0.994831
1.00211
1.00026
0.996485
0.998927
0.999643
0.999199
1.00598
1.00019
0.998582
0.99836
0.99456
0.997003
1.00253
1.00095
0.989798
1.00048
0.996731
1.00379
1.00083
1.00211
0.999939
0.995276
0.998261
0.995522
1.00125
1.00349
1.00046
0.997817
1.0011
1.0049
1.00226
0.99836
0.998236
1.00028
0.999594
1.00159
0.999816
1.00038
1.00902
0.997274
0.997768
0.996337
1.00026
1.00169
0.998162
1.00024
1.00315
0.999199
1.00616
1.0063
1.00095
0.997003
0.995424
0.997694
0.999396
0.996904
1.00964
0.996559
0.994585
0.999618
0.997151
0.999791
0.995621
0.999791
0.994733
1.00559
0.992167
1.00754
0.997299
1.00098
0.996337
1.00292
1.00428
0.999421
0.99831
0.999988
0.99493
1.00001
1.00115
0.999495
0.999939
0.999149
0.998113
1.00337
1.00149
0.999643
1.00855
1.00806
0.994757
0.997644
0.995917
0.997965
1.00616
0.996114
0.996263
1.00421
1.00478
0.998088
1.00838
1.00024
0.993919
0.999445
1.00465
1.00021
1.00031
0.998952
0.999051
0.995868
0.997151
1.0085
0.997743
0.995473
1.00857
1.00051
1.00167
1.00078
1.00201
0.995202
0.995078
1.00233
1.0008
0.994585
1.00009
0.996731
1.00241
0.996583
1.00756
0.999273
1.00421
1.0082
0.994338
0.996756
0.994881
0.998261
1.00226
0.995448
0.995892
0.998014
1.00132
0.996682
1.00028
0.998878
0.997496
0.995572
1.00621
0.991821
1.00075
0.99382
1.00068
0.999026
0.996435
0.998631
1.00102
0.997101
0.999964
1.00621
1.00246
0.999149
1.00102
0.994659
1.00635
0.993746
0.997348
0.995769
1.00179
0.999273
1.00046
1.00199
0.996411
0.999816
0.997842
1.00231
1.0008
0.995966
1.00014
0.996559
1.00285
0.998853
0.997521
0.998829
1.00621
1.00206
1.00001
1.00046
0.991451
1.00524
0.998483
1.00581
0.995596
0.996879
1.00137
1.0045
0.992167
1.00295
1.00112
0.996583
0.997003
1.00102
0.994782
1.00031
1.00512
0.993993
1.00478
1.00312
0.994831
0.992833
1.00487
1.00744
0.999766
0.995695
1.00093
0.994955
1.00401
1.00154
1.00949
0.997496
1.0008
0.989699
1.0029
0.996929
0.999594
1.00482
1.00085
1.00337
1.00199
0.995966
1.00603
0.999668
0.994165
0.996287
0.999964
0.998705
0.992586
1.00117
1.00275
1.00295
0.990588
0.994757
0.998409
0.995596
1.00152
1.00251
1.00011
0.997521
1.0089
0.992932
1.00169
1.00714
0.996114
1.00749
1.00209
0.996657
0.996213
1.00154
1.00051
1.0031
1.00167
0.998434
1.00473
1.01028
0.997472
1.01003
1.00347
0.999939
0.999248
0.998162
0.99952
1.00154
0.997792
0.997644
0.998483
1.00137
1.00524
1.00189
1.00199
0.999051
0.999717
1.00727
1.00206
0.997743
0.994289
1.00186
1.00233
1.00213
1.00112
1.00009
1.00179
1.00122
0.992586
0.999322
1.00497
1.00418
1.00031
1.00144
0.997496
0.999421
1.00053
1.00088
1.00115
1.00211
1.00006
1.00041
0.997422
0.998952
0.996682
0.999001
1.00102
1.00682
1.00712
1.00339
1.00196
0.998212
1.00169
1.00189
0.994461
1.00009
1.00379
1.00544
0.998162
0.998952
0.997792
1.00478
1.00497
0.998039
0.994807
1.00139
1.00307
0.994708
0.996855
0.996213
0.998582
0.99683
1.00458
1.00233
0.992808
0.994659
0.998557
0.999816
0.997348
0.997521
0.999347
0.995251
0.998853
1.00379
0.995744
1.00532
1.00213
0.997546
0.996855
1.00149
1.00107
1.00687
1.00626
1.00359
0.999026
0.990415
1.00416
1.00117
0.997052
1.00357
0.999421
1.00112
1.00065
1.00152
0.997398
1.00416
0.995054
0.998607
1.00004
1.00312
1.00529
1.00307
0.996213
1.00354
1.00176
0.999421
0.997521
0.999692
0.999051
1.00808
0.993598
1.00445
0.99952
0.999914
1.00571
0.997669
1.00107
1.00626
0.996386
1.0067
1.00403
1.00485
1.00255
0.992833
1.00428
0.993006
0.998557
1.0088
0.998508
1.00233
1.00157
0.998212
1.00184
0.997077
1.00028
1.00576
1.00112
0.994609
0.998903
1.00485
1.00019
1.00206
0.99794
1.00853
0.99303
0.997472
0.999914
0.99836
1.00216
0.998113
0.99947
0.998927
0.998385
1.00176
1.00181
0.989699
1.00433
1.00056
1.00512
1.00058
1.0026
1.0012
0.998557
0.997768
0.999149
0.993968
0.999371
1.00416
0.999914
0.998483
0.994116
1.00213
0.996189
0.99799
1.0031
0.997866
1.00011
0.999742
1.00014
1.00643
0.996781
1.00038
1.00009
0.992586
0.998138
1.005
1.0013
1.00421
0.995547
0.999865
1.00122
0.999988
0.997842
1.00428
1.00213
0.997595
1.00152
1.00532
0.996287
0.999297
0.996633
0.999742
0.99836
1.00162
0.998113
0.992808
0.995547
1.0046
0.994757
0.999618
0.995794
0.993524
1.00374
0.99683
0.997768
0.997324
0.996781
0.996312
1.00342
0.99952
0.993055
0.996879
0.994535
0.994511
1.00251
1.00364
0.998779
0.999668
1.00354
0.999421
0.997817
0.998952
1.00283
0.996682
1.0047
1.00152
1.0012
1.00507
0.997422
0.998459
1.00223
1.00033
1.00137
0.9991
0.99794
1.00105
1.00376
1.00399
1.00401
0.997126
1.00038
1.00122
1.00149
1.007
0.998656
0.99762
1.00157
1.00028
1.00216
0.997274
0.992561
1.00628
0.993598
1.00125
0.996929
1.00598
1.0031
0.999273
0.999816
0.996435
0.996855
1.00675
0.99493
0.998088
1.00241
1.00073
0.992537
1.00507
0.996559
1.00043
1.00144
0.999643
0.99831
0.99604
1.00445
0.997496
0.995917
1.00663
0.998385
1.00724
0.998829
1.00724
1.00845
1.00487
0.995078
1.00349
0.998508
0.997817
1.00473
1.00295
0.996139
0.993474
0.999051
1.00601
0.997151
0.996312
0.995029
1.00283
1.00554
1.00371
0.997348
1.00172
1.00263
0.998977
0.998705
1.00653
1.00038
1.00088
1.00275
0.995596
1.00016
1.00056
1.00206
1.00835
0.999816
0.997398
1.00028
0.999964
1.00009
1.00295
1.00028
1.00369
0.997916
0.995695
1.00068
1.00288
0.997817
1.00288
0.996386
0.999149
0.999594
0.999717
1.00162
0.999692
0.998533
0.993203
0.995769
1.003
0.996213
1.00475
0.997768
0.998261
0.998459
0.995029
0.999347
0.995128
1.00524
0.998829
0.99646
1.00236
1.00068
1.00317
1.00041
1.00455
0.994313
1.00801
0.999199
1.00421
0.998483
0.996509
1.00157
0.998533
0.99725
1.00046
1.00154
0.995646
0.998952
0.998483
1.00174
1.00411
1.00307
1.00093
1.0013
0.999692
1.00273
0.998138
1.00445
0.998631
1.00053
0.998187
1.00337
0.99419
1.00053
0.999075
0.998508
1.00209
1.00201
1.00172
1.00371
1.00473
0.999174
1.00554
1.00149
0.999717
0.994856
0.992191
1.00283
0.995646
1.00132
1.00075
1.00147
0.997348
0.994782
1.00463
0.995226
1.00258
0.994659
1.00307
1.00495
0.993573
0.998434
0.995744
1.00268
0.999322
0.993425
1.00376
0.999421
1.00191
1.00061
0.99831
1.0011
0.996855
0.997694
1.00613
1.00292
1.00204
0.992389
0.994831
0.997299
1.00046
0.99683
1.00951
0.997644
1.00275
0.998607
1.00038
1.00453
0.997694
0.995226
1.00517
0.999791
0.99799
1.00519
1.00014
0.999248
1.00825
0.99799
1.00248
0.993919
1.00117
1.00292
0.999618
0.998977
1.00438
1.00241
1.00016
1.00401
1.00164
1.00196
1.00093
1.00919
1.00149
0.992907
0.998162
1.00021
1.00811
0.993104
1.0082
0.998681
1.00024
0.99419
0.998977
1.00295
1.00635
1.00833
0.989601
0.996781
0.99989
0.999865
1.00944
0.99646
0.999717
1.00317
1.00593
1.00376
0.997521
1.00164
1.00315
0.995769
0.994313
0.999742
1.00006
1.00209
1.00159
1.0032
1.00576
1.00334
0.99081
0.996583
0.996633
0.999643
1.00426
0.997324
0.99799
0.999223
0.998459
0.999051
1.00184
1.00043
0.996756
0.99799
0.998236
0.999248
0.999273
1.00552
0.99229
1.0048
0.995498
0.995794
1.0065
0.997027
1.00021
0.997891
1.00423
0.993326
1.00268
0.99535
0.99836
0.999396
0.995103
0.995744
0.994659
1.00655
0.992784
0.998755
0.998829
1.00991
1.00606
0.993622
1.00135
1.00658
0.993795
1.00268
1.00201
1.00349
0.995177
1.00315
0.998286
0.997151
0.993252
0.999026
0.999273
1.00413
0.999865
0.994511
0.998409
0.991871
0.99799
1.00105
0.99794
0.999544
1.0027
1.00117
1.00083
0.998779
1.00268
1.00241
0.99952
0.997101
1.00492
1.00068
0.99799
1.00475
1.00433
1.00093
0.997916
1.00075
1.00527
0.993104
1.00443
1.001
1.0013
1.00418
0.996213
1.00181
1.00085
0.995646
0.994881
0.998804
0.992709
0.997792
0.999371
1.00428
1.0013
1.00329
0.998409
1.0045
0.99989
1.00184
0.995374
0.999569
1.00164
1.00011
0.997052
0.999125
1.00152
0.993203
0.998434
0.998212
0.999914
0.99725
0.998236
0.999692
1.00268
1.00352
0.99757
0.999149
1.00278
1.00167
1.00174
1.00845
0.998212
1.00016
0.996608
0.998236
1.0026
0.999643
0.997817
1.00075
1.00433
0.997274
0.999742
1.0007
0.99984
0.995251
1.00391
1.00043
0.999297
1.00416
0.996534
1.00347
1.0008
1.00317
0.992932
0.999199
0.99794
1.0045
1.0008
1.00399
1.00243
0.995547
0.994683
0.996904
1.00157
0.997299
0.998903
1.00024
1.00107
1.00374
0.997842
1.00263
0.998483
0.99836
1.0068
1.00273
1.00386
0.997792
0.99266
0.988811
0.996657
1.00413
0.999248
0.995843
0.997546
1.00117
0.997743
0.999297
1.00056
0.998878
1.00115
1.00132
1.00112
1.00381
1.00495
1.00515
1.00174
1.00048
1.00199
0.999939
0.989082
1.00058
1.00796
1.00389
1.00132
1.00559
0.997595
1.00766
1.00181
0.999248
1.00231
1.00292
1.00527
1.00658
1.00019
0.998138
1.00379
0.998533
0.99572
1.00317
1.00406
1.00495
1.00218
1.00305
1.00779
0.993548
1.00455
1.00206
0.99493
1.00127
0.999347
1.00154
1.00147
1.00584
0.991797
1.00344
0.994609
1.00004
0.999421
0.990563
1.00993
0.995522
1.00332
1.0051
0.993968
1.00253
1.00194
0.996238
0.999297
1.00223
0.996855
1.00628
0.99118
0.997669
0.997052
0.999939
0.996904
1.0027
1.00196
0.99873
1.00342
0.997101
0.997817
1.00332
1.00635
0.997101
0.998187
0.997965
0.997669
0.998409
0.997792
1.00189
0.997891
1.00527
1.00016
0.998952
0.998261
1.0029
1.0086
0.997891
0.996657
1.00152
1.00246
0.99947
0.993746
0.994511
0.998064
0.994067
1.00278
0.999717
1.00349
1.00041
1.00285
1.00033
0.994782
0.999569
0.998631
0.994239
1.00085
1.0066
0.997496
1.00349
1.00547
1.00021
1.00014
0.996337
1.0011
1.00566
0.996164
0.99799
0.997027
1.0068
1.00132
0.993598
0.998755
1.00053
1.00107
1.00273
0.997373
1.00209
0.997348
0.997817
0.997546
1.00038
1.00026
1.00556
1.00297
1.00332
1.00063
0.994659
1.00179
1.00327
1.00075
0.99794
0.996707
1.00626
1.00105
0.998162
1.00061
0.99308
1.00482
0.99794
0.9991
1.00349
1.00561
0.998483
1.00384
0.994659
1.00522
0.994437
1.00199
0.995424
1.00297
1.00554
0.997817
1.00438
0.99382
1.0012
1.00127
1.00329
1.00322
1.00137
1.00061
1.00073
0.9953
0.995843
1.0009
0.998187
0.999396
1.00024
0.993993
1.00305
1.0027
1.0026
0.99794
1.00285
0.992537
1.00687
1.0007
1.00278
1.00709
0.994979
0.996287
1.00798
0.99952
1.00184
1.00552
1.00112
0.999199
1.00164
1.00152
0.996016
1.00801
1.00371
0.989477
0.999717
0.998113
0.996189
0.99757
1.00561
0.997398
0.996929
1.0032
0.999569
0.999174
0.99419
0.997817
1.0027
0.998088
1.00384
0.998927
0.998039
1.00603
1.00428
1.00051
0.993006
1.00566
1.00147
0.995818
0.996534
1.0031
0.997151
0.994412
1.00717
0.997965
0.99266
1.00263
0.99762
1.00102
0.997422
1.00051
1.00078
0.990736
0.993795
1.0065
1.00428
0.995498
1.00167
0.995004
0.999717
1.00117
1.00004
1.00519
1.00206
1.0031
1.00255
0.99952
1.00107
0.999544
1.0045
1.00139
0.995868
0.997151
0.998335
1.00112
0.994807
0.994239
0.999594
1.00381
0.99192
1.00305
0.996509
1.00391
0.998113
0.998162
1.00009
0.99831
1.00485
0.994412
0.995769
1.00159
1.00147
1.00088
1.00835
0.996213
1.00105
1.00635
0.994461
1.00746
0.998927
0.993573
0.994979
1.00009
0.999618
0.992784
1.00613
0.999445
1.00169
0.998212
1.00046
1.00315
1.00403
0.999914
1.00226
1.00041
1.00221
1.00204
0.99725
1.00122
1.00465
1.00162
0.997817
0.999914
1.00194
1.00226
1.00779
1.00364
1.00036
1.00186
1.00184
0.994486
1.0013
1.00006
0.997521
0.999421
1.00194
0.995695
1.00221
1.00374
1.00117
0.99039
0.99382
1.00147
0.996164
0.999865
0.998212
1.00527
0.998064
1.00009
1.00596
0.993647
1.0065
1.00515
1.00194
0.997891
0.997644
1.00172
1.00162
0.99947
0.99989
1.00401
0.993672
1.00056
1.00475
1.00226
0.992833
0.999322
1.00774
0.999174
1.00386
0.997842
1.00093
0.999643
1.00722
1.00268
0.99947
0.999001
1.00381
1.00125
1.00537
0.999914
1.00085
0.998508
0.992241
0.993055
1.00433
0.996312
0.996312
0.997496
0.996682
1.0026
0.995078
1.00038
0.995473
0.993376
1.00796
1.00194
0.997521
1.00339
0.995892
1.00201
1.003
1.00135
1.00053
0.999248
1.00305
0.999371
1.00445
0.998434
1.00154
0.999766
1.00576
0.996879
0.993351
0.99493
0.997324
1.00611
0.998607
1.00088
0.99984
1.0028
1.00862
1.00233
1.00334
0.998064
0.998557
0.99873
1.00448
1.00265
0.999248
1.0049
0.992339
1.00403
1.00211
1.00332
0.997644
0.998903
1.00327
0.997274
0.991649
0.998977
0.998236
0.998607
1.00542
0.995843
1.00394
0.99604
1.0046
0.99984
0.996978
0.995448
0.992438
1.0026
1.01119
0.998113
1.003
1.00179
0.998409
0.999964
1.0028
0.996929
1.00098
1.00061
1.00443
1.00056
1.0028
0.996608
1.00487
0.999273
1.00216
0.999445
0.99683
0.997398
0.991155
1.00692
0.99118
0.99799
1.00105
1.00031
0.990316
0.997965
0.998286
1.00485
0.998681
0.995103
1.00014
1.00115
0.996855
1.00088
1.00142
1.00021
0.998335
1.0008
1.0031
1.00371
0.991229
1.00887
1.00098
1.00213
0.996263
1.0029
1.00386
0.999742
1.00403
0.997077
1.00083
0.993154
0.994437
0.992759
0.998755
0.99873
1.00524
0.99952
0.999125
0.999618
0.999125
0.998656
0.999051
1.0008
0.992142
1.00334
0.999766
1.00068
1.00147
1.00428
0.99609
1.00677
0.999988
1.00295
1.00408
0.996065
1.00058
1.00394
0.994757
1.00026
1.00515
0.992611
0.999618
0.998952
0.998533
0.998705
0.993919
1.00497
1.00053
1.00142
1.0032
0.992487
1.00132
1.0032
0.998261
1.00645
1.00295
1.0031
1.00048
0.999964
1.00243
1.0065
0.990439
1.00635
0.999643
0.996386
1.00152
1.00191
0.996139
0.999149
0.998952
0.998903
1.00302
1.00904
1.00191
1.00305
0.995892
1.00374
0.993598
0.994067
0.999816
0.996855
1.00273
1.001
1.00036
1.00184
1.00194
1.00342
1.00063
1.00021
0.997669
1.00194
0.990711
0.998853
1.00001
1.00478
0.997472
0.997965
1.00061
0.998829
1.00098
1.00566
1.00327
0.997669
1.00107
1.00026
1.00416
1.00021
0.997546
0.993203
0.992142
1.00426
1.00342
0.997472
0.993228
1.00325
0.99799
1.003
1.00152
0.997891
1.00006
1.00418
0.995202
1.00275
1.00251
0.998607
1.00036
1.00337
0.999569
1.00186
0.999988
0.999766
1.0032
0.995202
1.00505
1.0012
1.00186
1.00041
1.00216
1.00085
1.00663
0.991402
0.99567
0.994856
1.00297
0.99725
1.00135
0.999766
1.00088
1.00137
1.00026
0.996114
1.00014
1.00223
0.992932
0.994535
1.00004
0.993524
0.997521
0.996633
0.998903
0.994807
0.992956
1.00369
1.00571
1.00236
1.00139
1.0047
1.00174
1.00174
0.993203
0.996509
1.00278
0.997348
1.00209
1.00184
1.0008
1.00201
1.00394
1.00093
0.996929
0.995572
0.998162
1.00083
0.997817
1.00095
0.98775
0.998138
1.00744
0.995152
1.00327
1.0063
0.996016
1.00924
0.99873
0.994116
0.99567
0.995152
0.997077
1.00186
1.00026
0.997669
1.00862
0.991698
0.998385
1.00275
0.990933
1.00051
1.00216
0.995424
0.99646
0.998952
1.00251
1.00305
0.995202
1.00073
1.00088
1.00532
1.00458
0.999248
0.996855
1.00157
0.999618
1.00379
1.00063
0.997027
1.00564
0.999248
0.998681
1.00621
0.999125
0.998187
1.00564
1.00655
1.00172
0.998977
0.997817
0.999026
0.995325
1.00098
1.00142
1.00105
1.0063
1.00036
0.998385
0.992784
0.999569
1.00009
1.0029
1.00102
1.00322
1.00403
0.997718
0.999297
1.00263
0.990736
0.998878
0.99604
0.993228
1.00154
1.00095
0.998952
1.00028
1.00172
0.999001
1.00527
1.005
0.997472
0.993252
1.00697
1.00665
0.998607
0.996559
1.00542
1.00359
1.00465
0.999495
1.00283
1.00125
0.994807
1.00796
0.996139
0.992315
1.00088
0.998903
1.00041
0.995078
0.998459
0.997644
0.997595
0.996583
0.999569
1.00596
1.00317
0.996583
0.998434
0.997792
0.995054
0.993894
0.998508
1.00075
1.00127
1.00433
0.996509
1.00043
0.998236
0.999199
0.996657
0.997324
1.00295
0.999445
0.99831
1.00371
0.992019
1.00297
0.998187
0.997398
0.992907
0.999223
0.990637
1.0125
1.00436
0.997027
1.00075
0.999174
1.00085
1.001
1.00448
1.00394
0.999051
1.00364
1.00236
1.0029
0.996756
1.00201
0.997151
1.00315
0.99836
0.996238
1.00016
1.0012
1.00374
1.00041
1.00295
1.00263
1.00682
0.999421
1.00026
1.00248
0.998903
1.00408
0.995399
1.00181
1.00209
0.997595
1.0012
1.00014
0.999766
1.00142
1.00058
0.998607
1.001
0.990785
1.00512
0.999495
0.996682
0.999964
1.00241
1.00199
0.994338
0.996361
0.999964
1.00144
1.0044
0.997175
0.99757
0.998681
0.998113
0.998779
0.999569
0.994239
0.996361
1.00073
0.996583
1.00524
1.00386
1.00088
0.995917
1.00186
0.994165
1.00209
1.00936
1.00223
0.997891
0.99989
0.998236
1.00586
1.00127
1.00199
0.990217
1.00369
1.00241
1.00031
1.00421
0.999371
1.00384
0.997694
1.00144
1.00176
0.999396
0.998557
1.0045
0.996337
1.00172
1.00285
1.00053
0.996189
1.0028
1.00033
0.998903
1.00011
1.00428
1.00169
1.00083
0.995794
1.00048
0.999248
1.00349
1.00478
0.998977
1.00051
0.998212
1.00117
0.999766
0.99377
0.999544
1.00663
0.996756
0.996781
0.993376
1.00655
1.00658
0.995794
1.00329
1.00312
