1.46E-19
1.32E-19
1.58E-19
1.50E-19
1.56E-19
4.39E-19
4.54E-19
4.39E-19
4.54E-19
5.01E-19
1.88E-19
1.78E-19
1.85E-19
1.68E-19
1.89E-19
9.73E-19
1.03E-18
1.10E-18
1.02E-18
8.59E-19
1.36E-18
1.56E-18
1.45E-18
1.55E-18
1.35E-18
1.61E-19
1.68E-19
1.66E-19
1.71E-19
1.65E-19
3.15E-19
3.75E-19
3.36E-19
3.54E-19
6.41E-19
7.55E-19
8.76E-19
7.80E-19
7.45E-19
7.45E-19
8.23E-19
9.22E-19
7.55E-19
8.23E-19
8.52E-19
1.50E-19
1.36E-19
1.28E-19
1.29E-19
1.06E-19
4.72E-19
4.48E-19
4.66E-19
4.88E-19
4.45E-19
1.74E-19
1.95E-19
1.85E-19
1.95E-19
1.95E-19
1.13E-18
1.00E-18
9.58E-19
9.67E-19
1.05E-18
1.42E-18
1.41E-18
1.50E-18
1.47E-18
1.39E-18
3.68E-19
3.65E-19
3.76E-19
3.72E-19
3.71E-19
3.36E-19
3.38E-19
3.35E-19
3.36E-19
3.19E-19
7.38E-19
7.16E-19
6.68E-19
7.21E-19
6.68E-19
8.83E-19
9.19E-19
7.93E-19
9.91E-19
6.86E-19