0.992249
0.991059
1.01801
0.987581
0.987335
0.998626
0.989406
1.00007
1.01586
0.981623
1.00466
1.02134
1.00587
1.00024
1.01262
1.00161
0.995359
1.0111
0.997531
1.00146
1.0105
1.00096
0.997429
0.996635
0.996325
1.01242
0.986832
0.996024
0.994492
1.00437
1.00741
1.00148
1.00269
1.01553
0.980764
1.01006
0.99368
0.99588
0.978431
1.01761
0.98624
0.995381
0.99239
1.0098
1.00311
0.998242
0.994437
1.01464
1.01309
1.0113
1.00507
1.0025
1.00054
0.993079
1.00667
0.990331
0.980772
0.99829
0.989329
0.990216
1.00985
0.994063
0.998502
1.01742
0.977762
1.00232
1.00319
1.01159
1.0089
0.995469
1.00705
0.996999
0.985214
0.996691
1.01526
1.00868
0.995443
0.990943
0.982858
1.00359
0.99015
0.995672
1.02084
1.00106
0.998441
1.00462
0.996011
0.97299
0.981113
1.00365
0.980854
0.997252
0.999862
1.00222
1.02218
1.00053
1.01296
1.001
0.99715
1.01484
0.993741
1.02014
1.03033
1.01548
1.00581
0.993291
0.996754
1.0201
0.99709
1.00115
1.01672
1.00706
1.0182
0.990142
0.996236
1.011
1.00159
0.986355
1.01886
1.0021
0.994909
0.972337
1.00969
0.993854
0.996521
1.00995
1.0081
0.981599
0.98668
1.02329
0.976177
0.995506
1.00865
0.9992
1.02025
0.991955
1.02123
0.996923
1.01754
0.991316
0.98093
1.00132
1.02082
1.00305
1.00598
0.991697
1.0046
0.989476
1.00761
0.979899
0.982377
1.00186
1.01186
0.983785
0.994707
0.988458
0.992083
1.01037
1.01034
0.991996
1.00984
1.02037
1.00565
0.989506
0.964349
1.00882
0.983699
1.01341
1.00067
0.98934
0.994616
0.985684
0.983399
1.00033
0.999721
1.00881
1.0027
1.00762
0.983452
1.00808
1.01923
0.998106
1.00513
0.99482
1.00259
1.00686
1.00179
1.00508
1.00368
0.990987
1.00757
1.0055
1.01029
1.00333
0.977112
1.01293
0.977587
0.99005
1.00855
0.985291
1.00537
1.00318
0.986546
1.01199
1.00744
1.01453
0.998552
0.991793
0.997368
0.993912
0.990022
0.984608
1.00236
1.00841
0.997907
0.994589
1.00438
0.99304
1.00204
1.00492
0.994279
0.995719
0.994773
0.993289
1.01377
0.99225
1.00931
1.003
0.998011
0.986995
0.990087
1.00619
0.993743
1.00777
0.991933
0.994543
1.0154
1.00193
1.02815
1.01324
0.980327
1.0143
1.00124
1.01159
0.994705
0.996432
1.01668
0.983322
0.994516
0.99009
1.00591
0.991163
1.00911
1.00325
1.00159
1.01446
0.979263
1.0034
0.99886
1.00721
1.01192
1.00972
0.995813
1.00785
0.997354
0.996707
1.01454
0.995573
0.990238
0.986813
0.990336
1.0021
1.00328
1.00255
0.971185
0.99628
1.00153
0.994515
1.00106
1.0124
1.00334
0.989739
0.988399
0.996309
0.995133
0.995806
0.989943
0.999941
1.0017
0.993398
0.990984
1.01557
1.01063
1.00685
0.994899
0.997867
0.989155
0.980694
0.995583
1.00722
0.997729
1.00774
1.01342
0.973102
1.00638
1.01767
0.994232
0.99418
0.980721
0.98605
0.985624
1.00739
1.00604
1.01655
1.01364
0.993876
0.997828
1.00801
1.01046
0.98586
0.969547
1.00468
1.00416
0.993196
0.994826
1.0087
1.00816
1.00186
1.02566
1.00359
1.00133
0.992213
1.00227
1.02921
0.992622
0.982964
0.997838
1.00123
0.988451
1.00491
0.988574
0.993818
0.990278
1.01392
0.998104
1.01041
1.00526
0.998863
1.01252
0.987644
1.00084
0.991273
0.99596
1.01582
0.999909
0.979541
1.01212
1.01594
1.02197
0.994754
1.01076
0.982836
1.00354
1.01535
0.991361
1.00047
1.00513
1.00679
1.02306
1.00321
0.982483
0.990287
0.991865
0.996866
0.974466
1.00903
1.00076
1.00767
1.01186
0.991519
1.02396
0.995249
0.994456
0.994929
1.0046
0.994244
0.998271
0.987823
0.983288
1.01059
1.02048
1.00965
1.01916
1.00742
0.997773
0.986838
1.021
1.01699
1.00862
0.991735
0.99402
0.999384
0.989039
1.01696
1.01313
0.999156
1.02522
0.997132
0.980011
1.00053
0.986628
0.986576
0.968635
0.987097
1.00928
1.00811
1.01008
0.992643
1.00599
1.01338
1.00932
0.966767
1.01052
0.984227
0.989171
1.01528
0.987792
1.00944
1.00837
0.983621
0.999669
0.998377
1.00914
0.985631
0.99654
1.01731
1.02178
0.985303
0.988692
1.00788
1.01101
1.00813
0.988323
1.01726
0.998198
0.992631
0.991244
0.971395
1.00651
1.00791
0.994879
1.01301
1.00882
1.0129
0.982164
0.982783
1.0015
1.01044
1.02513
0.981525
0.997055
0.993549
1.00553
0.987478
0.9987
0.991011
1.00676
1.00115
1.01267
1.00657
0.992766
0.994959
0.980327
0.986948
1.00865
0.992642
0.992543
1.00883
1.01608
1.00216
1.005
1.00488
1.00597
0.982115
1.006
1.00591
0.976177
1.02871
0.991715
1.00239
0.99815
0.989875
1.014
1.00493
1.02718
1.01308
0.988086
1.00992
1.00416
1.01862
1.00423
0.99763
1.0117
0.991643
0.985537
0.996932
0.995517
1.0156
1.02067
0.999037
1.01671
0.986966
1.01
0.990019
1.00016
1.01609
0.989708
0.987951
0.988326
1.00068
0.984718
0.981956
0.993062
1.01346
0.993
0.984404
1.0014
0.992036
1.00694
1.00152
0.99992
0.995793
0.997149
0.99387
0.983537
1.01189
0.987484
0.988852
0.999487
0.999342
0.980124
0.994659
1.00058
0.997277
0.986191
0.992431
0.998779
0.99698
0.995965
0.980801
0.993936
1.00612
1.01334
1.01441
0.994514
0.987953
0.994887
1.01287
1.00763
1.00835
1.01251
1.02915
0.989938
0.988747
0.971996
0.987832
1.01379
1.01407
0.997651
1.0091
1.01531
0.99208
1.00822
0.979542
0.984598
1.00218
0.993763
0.999584
1.00594
1.01602
0.996311
0.99768
0.99404
1.00844
1.0101
0.992414
0.993738
1.00227
0.98764
0.992957
0.997734
1.01339
1.01421
0.997334
1.00471
1.00162
1.01597
1.01236
1.00229
1.00372
0.984636
1.0129
0.99235
1.00541
1.00635
1.00175
1.00729
1.02002
1.00935
1.00128
0.986847
0.998847
0.994426
0.995618
1.00066
0.986131
1.0025
0.985707
1.01672
1.01465
0.995469
0.970143
1.00377
1.00072
1.01673
1.00438
1.00163
0.992201
1.00855
0.995454
0.999618
1.0054
0.988014
0.996149
1.01779
0.986681
0.991633
1.00549
0.984566
1.00914
0.983559
1.00095
0.998445
0.997641
0.992599
0.978678
1.01203
0.99129
0.99186
1.00027
1.00192
0.991769
1.00636
0.986202
0.980619
0.990045
0.998326
0.993421
0.994923
0.975363
1.00451
1.00811
0.979471
0.998232
0.997969
0.989431
0.985546
1.01414
0.981143
1.00968
0.990128
0.993888
1.01065
0.994131
0.987889
0.995955
1.0184
0.983515
1.00373
1.01463
1.00875
1.00413
0.99235
1.00592
1.00073
0.997605
0.997426
1.00247
0.991063
0.998534
0.994487
1.00992
0.990606
1.01793
0.994835
1.01227
0.998582
1.00107
1.00194
1.00346
1.01823
1.01648
1.01976
1.01774
0.989573
0.994679
0.987689
0.977904
1.01541
1.01021
1.01508
0.996787
1.00222
0.99231
0.986743
1.00258
1.00488
1.00098
0.997207
0.997799
0.993003
0.987324
1.0074
0.984864
0.987223
1.00514
1.00543
0.98819
1.00573
0.979889
1.01774
0.996221
1.00946
0.999536
1.01202
0.997624
0.991325
1.00014
1.0013
0.989426
0.997284
0.994605
1.00487
1.0016
0.982344
1.00475
0.989949
0.993576
0.996431
1.01529
1.00647
0.997775
1.00266
1.00498
1.0079
1.00659
0.996027
0.981495
1.01218
0.998907
1.00593
1.01345
1.01661
1.00474
1.00885
1.01576
0.988749
0.983647
0.993066
0.999198
0.994395
0.997749
1.02002
1.01075
0.989754
1.01207
0.983447
0.991399
1.00754
0.997057
1.01477
1.01627
0.997644
0.99453
0.988484
0.992705
1.00535
0.989082
1.00041
1.01704
1.01488
1.00205
1.01426
1.00783
0.977807
0.987338
0.991804
0.986816
1.00205
0.988242
0.986036
1.01228
0.98664
0.992764
1.00454
1.01296
0.982237
1.00472
0.996424
1.01256
1.0006
1.01991
0.99544
1.00163
1.00579
0.993068
1.00205
0.993859
0.993545
0.992525
1.00858
0.998561
0.988908
1.00903
1.00828
1.01157
1.00655
0.998749
1.00396
0.983476
1.01087
1.0112
1.00739
1.01057
1.01093
1.00834
0.998334
0.994622
0.987718
1.01151
0.9878
0.982424
1.00498
0.992911
0.988649
0.990554
0.993361
1.00306
0.983006
0.986564
0.982435
0.990201
0.983378
0.992276
0.977486
0.983534
0.991723
1.00455
0.995027
1.01253
0.995168
1.00684
1.00435
0.979851
0.994784
0.98129
1.00044
0.993776
1.00042
1.00469
0.986743
0.983463
0.991725
1.00342
1.01002
0.989766
0.981401
1.0051
0.997305
1.01195
0.991858
0.98401
0.992554
1.01973
1.01013
0.993739
1.0136
1.00862
0.997299
1.00556
1.00358
1.00165
1.00259
1.00752
1.00108
1.00997
1.00551
1.01642
0.990029
1.00212
0.993784
0.996465
0.973487
1.01158
1.00867
0.995204
1.01338
1.00985
1.01687
0.995194
0.998973
1.00931
0.991753
1.00297
0.998717
1.01677
0.99353
0.99839
1.00903
0.990982
1.00891
1.00639
0.993292
0.995637
1.01987
0.999019
0.982278
0.999243
1.00836
1.00133
0.99074
1.0274
0.997227
0.987798
0.996469
0.997695
1.00008
0.999966
0.988715
0.994693
0.979741
1.01652
1.01957
1.0011
0.993951
0.996085
1.00987
1.0218
0.997722
1.00875
0.986836
1.0168
0.993308
1.00073
1.01203
1.0202
1.01258
0.986698
0.989041
0.959388
1.00093
1.00927
1.00631
1.00725
1.00936
0.993971
0.987431
1.00395
1.00527
1.00871
1.00656
1.01481
1.00974
1.00114
0.976021
1.0018
1.02912
1.00123
0.996973
1.00542
1.00084
0.993716
1.00292
1.01692
0.994811
1.02319
0.981198
1.00387
0.994861
0.991728
1.01284
0.991409
0.986199
0.995294
1.02646
1.00265
1.00096
0.982372
0.992251
0.978639
0.998344
0.981031
1.00363
0.988358
1.0129
1.00091
0.985331
1.01521
1.00135
1.00038
0.995595
0.999333
1.01643
0.992287
1.00838
0.998892
1.00383
0.99316
1.00384
1.0306
1.00021
1.01782
0.991716
0.992671
0.999033
0.99976
1.0188
1.00955
0.999854
1.0057
1.01804
1.00044
0.989209
1.01485
1.02181
1.01233
0.989535
0.984382
0.990816
0.995136
0.992694
0.992091
0.994653
0.98833
1.02539
0.994022
1.01384
1.00559
1.0124
0.996496
1.00716
1.0041
0.983398
1.00821
0.998658
0.991255
0.993717
1.0186
1.00602
1.01258
0.995725
1.01579
0.989774
1.00465
0.997069
1.00056
1.00543
1.00227
1.0079
0.992093
0.992072
1.00592
1.01438
0.992273
0.993613
0.999891
0.978324
1.02551
1.00872
1.00986
1.00311
1.01719
1.00363
1.00327
0.97971
0.989484
1.00603
1.00555
1.0095
1.00227
0.994851
0.991566
1.00953
0.988169
1.00208
0.995024
1.00319
1.00064
0.999032
0.997187
1.00341
0.999866
1.00498
1.00579
1.00242
0.984448
1.0133
1.01007
1.00491
1.00002
1.02407
0.998382
1.02373
1.00451
1.00805
1.01251
1.01867
0.998222
1.00205
1.01095
1.00693
0.993913
1.01289
0.990645
0.991469
0.985292
1.00181
1.01283
0.995448
0.984113
1.00076
1.01904
1.00666
0.9897
1.00123
0.998127
1.00469
0.994625
0.988223
1.00915
1.00754
1.00887
0.984939
1.01281
0.992189
0.996298
0.975758
1.01671
1.01396
1.01261
0.998324
1.00175
1.00048
1.01614
1.0106
1.01208
0.998872
0.994041
0.997096
1.00222
1.00754
1.01488
0.984168
0.992455
1.00295
1.00736
0.994281
1.00031
1.01712
0.996298
0.998037
0.996751
1.01651
1.00982
1.0142
1.01496
0.973868
0.998765
0.990502
1.00091
1.01743
1.01183
0.980323
0.995926
1.00546
0.98615
1.00922
1.00896
1.00129
0.989066
1.0139
1.00503
1.0121
1.0026
1.00204
0.988904
1.00659
1.00927
1.01863
1.01695
1.01214
0.988181
0.996328
1.00384
0.987402
0.993001
0.997355
1.00363
0.995248
0.993938
0.998636
0.998455
0.991525
0.995642
1.00029
0.991427
0.997637
1.0034
1.00549
1.01938
0.988805
1.00424
0.996602
1.00732
1.00213
1.02321
1.00889
1.00177
0.990123
1.00849
1.00439
1.00784
0.997747
1.00449
1.00807
1.0041
1.00005
1.00782
1.00719
1.00735
0.975326
0.996563
1.00383
0.979902
1.00198
1.0161
0.989023
0.993889
1.02268
0.990897
0.98519
1.02157
0.980567
1.02136
0.992882
0.999997
0.993738
1.01514
1.00462
0.990055
0.990124
0.983243
0.986051
0.987219
0.989268
0.995114
1.0059
0.995427
0.994456
1.00398
0.979079
0.988628
1.00179
0.989936
0.996461
1.0043
0.995488
1.0141
1.01481
0.981862
1.00858
1.00104
0.998638
1.0158
0.996271
1.00135
0.992219
0.986551
1.00657
0.992791
1.01453
0.990679
0.992342
0.975571
1.00661
1.00111
0.990556
0.998901
1.0013
0.984306
1.00777
1.00468
0.977697
0.989783
1.01227
1.0183
1.00646
0.993453
1.00425
0.993896
0.995034
1.00806
0.991731
0.996219
1.00065
1.00173
1.00005
1.00001
1.01508
0.996914
1.01282
0.996543
1.0085
1.00106
0.997795
0.997564
0.99981
1.00195
1.01527
0.981696
0.997416
0.996782
0.982495
0.991975
1.0052
0.997879
0.992972
1.02433
0.97908
0.992362
1.02722
1.00149
0.997316
0.993496
0.986219
1.01437
1.00699
1.00934
0.984755
0.996954
0.991937
0.990843
0.9988
1.00165
0.984056
0.997251
1.01079
1.00245
1.02435
0.995973
1.0047
0.984491
1.00855
0.983543
1.00196
1.01121
1.00532
1.01942
1.00816
0.990697
1.01028
0.983568
0.993938
1.02291
0.998421
1.01075
0.995701
1.01765
0.991721
0.99495
1.00336
0.99286
0.99885
1.00305
1.00516
1.00898
1.00614
1.0085
0.985396
0.989679
0.989566
0.992627
1.00298
1.00863
1.00063
0.99682
0.994332
0.996895
1.00245
0.989886
1.00035
1.00243
1.00154
0.996489
0.990819
1.00128
1.00141
0.98717
0.988329
0.996777
1.01183
1.01422
0.991742
0.986346
1.00936
0.992242
1.0084
1.01564
0.996049
1.00365
1.0049
1.00925
1.00123
0.997807
0.992741
0.99602
0.997226
1.0062
1.00319
0.980931
1.00344
1.00231
1.00328
1.00278
1.00108
0.999147
0.992473
0.980185
0.993269
1.00319
0.996157
1.00181
1.01977
1.00384
0.985493
1.01986
1.00247
0.99279
0.990012
0.999823
1.02467
1.00813
0.973259
1.01348
1.01521
0.998641
1.00247
0.991022
1.00253
1.01095
0.993584
1.00231
0.981931
1.0087
1.00876
1.01104
1.00596
0.992575
0.98902
0.996109
1.00094
1.00862
0.980288
1.02246
1.0135
1.00872
0.997981
0.992963
0.998119
1.00246
1.01588
0.994961
0.979619
1.00622
1.0014
0.99926
0.993049
1.0299
1.00805
0.999457
1.00808
0.993915
0.977431
1.00719
0.992683
0.98969
0.993843
0.977977
0.999909
1.00342
0.990758
0.998706
0.987744
0.99132
1.00715
0.988763
0.985792
0.992717
1.00083
1.00377
0.990106
1.00307
1.00011
1.00486
0.994892
0.97302
0.995529
0.98629
0.99534
1.01226
0.987415
1.00701
1.00252
0.997531
1.01855
1.00965
1.00551
0.978334
0.998913
1.02308
1.01189
0.988728
0.986437
0.97933
0.982048
0.999133
0.998009
0.995771
1.00252
1.01269
1.01677
1.00361
0.998871
0.989559
0.999035
1.02162
0.995098
0.982857
0.99168
0.987655
0.991522
0.996744
0.992002
0.995627
0.985343
0.999176
0.979816
1.0193
0.994821
0.993102
0.996257
1.01428
0.991714
0.986443
1.00046
1.00421
0.974867
1.00597
1.00288
1.00058
0.989308
0.990305
1.00473
1.00346
0.997829
0.999912
0.997665
0.98267
0.987525
1.00873
1.00538
0.984511
0.999628
0.985619
1.01742
1.02225
0.993798
0.998758
0.991861
0.996754
0.998335
1.00907
1.00026
0.999579
1.01532
0.999331
1.01652
1.00684
1.01472
0.989857
0.999304
0.996552
0.981746
0.988381
0.997066
1.00126
1.00118
1.00102
1.00162
0.989391
0.989258
1.00993
1.00377
0.991547
1.01074
1.02203
1.00573
1.00273
0.994885
1.0043
0.983407
0.993939
1.00067
0.999614
1.009
0.966167
0.994476
0.98926
1.01243
1.01378
0.996624
0.997415
1.0114
0.992458
0.98324
1.01569
0.99247
1.00993
0.997486
0.989244
0.99042
0.992703
1.0139
1.01618
1.02621
1.00889
1.00494
1.0012
0.984509
0.995472
1.00575
1.00183
0.993371
0.996004
1.00459
0.98655
1.01415
1.02445
0.999842
1.00379
0.984871
0.994199
1.0106
0.996693
1.0111
1.00532
1.0102
0.996974
0.986849
1.01115
0.991208
1.00542
0.992148
0.984071
1.00642
0.995461
0.987212
0.996792
1.00762
0.982161
0.99625
1.01853
0.997362
1.00097
0.986456
0.986144
0.996605
1.01074
1.01129
1.00462
1.00871
0.991385
1.01202
0.985196
1.00801
1.01764
1.00632
0.992653
1.00794
1.01893
0.994341
1.00751
0.984809
1.00398
1.00286
0.983499
1.00058
0.998599
1.0085
1.01123
0.981879
0.993588
1.00273
1.00161
1.01084
1.00593
0.988709
0.994493
1.00462
0.97437
1.00345
0.982618
0.995166
0.99271
1.0285
1.00928
0.972287
0.988944
1.00255
1.00548
1.00102
1.00726
0.994585
0.995868
1.01224
0.994563
0.987284
1.03699
0.996375
1.01112
0.995296
0.979113
0.969319
0.991279
1.00144
1.02664
1.00244
1.00546
0.99507
1.01578
0.983553
1.00872
1.00197
0.996229
1.00039
1.00092
1.00083
0.973189
1.00671
1.02162
0.993704
0.993895
0.996377
1.00855
1.01246
0.992276
1.0067
0.997284
1.0002
0.994961
1.02152
0.988478
1.0153
1.0046
1.00936
1.00096
1.00914
0.993808
0.996463
1.00251
0.978183
1.00483
0.994729
1.0048
0.994339
0.989243
0.988092
0.991334
1.00439
0.99015
1.00721
0.983648
0.998827
1.00318
1.01376
0.980302
0.998363
0.999415
0.998939
1.00504
0.996168
0.98356
1.00376
1.01222
1.01897
1.02873
0.999722
1.01062
0.989113
1.0134
0.983008
0.990327
0.997213
1.00595
0.997369
1.02453
0.98508
0.99515
1.00875
1.0045
1.02538
1.01339
1.01416
0.992182
0.993292
1.01009
0.998911
1.00916
0.998366
1.00451
1.00648
0.997665
0.994175
1.00735
1.01646
1.00201
0.986186
0.991118
1.01373
1.00642
1.00337
1.0016
0.982799
1.00339
0.969841
0.989627
1.00153
0.997958
1.01082
1.00263
0.996896
1.00914
1.00948
0.988033
1.01098
0.998549
1.00659
0.993755
1.00612
0.996963
0.995555
1.00326
1.00606
0.982638
1.00435
1.01073
0.993517
0.980915
0.99841
1.01449
0.985807
0.998238
1.02591
1.00414
0.99754
0.983421
0.998603
0.991743
1.01874
0.994332
0.991985
1.01443
0.978394
1.00018
0.994796
1.00222
0.988092
0.985347
0.999253
1.01023
0.991674
0.997146
1.01568
1.01917
1.00032
0.991854
1.01162
0.992553
0.999103
0.995091
0.997154
1.00272
1.00414
1.01136
0.996824
0.995768
0.981779
0.986346
1.00238
0.983316
1.00896
1.01333
1.00439
1.01744
0.989969
1.00792
1.0093
1.02407
1.01968
0.983517
1.01135
0.977564
0.992904
1.00032
0.992455
0.994041
1.00268
0.996324
0.981099
1.00339
1.01589
0.982139
1.01059
0.997863
1.00261
0.987256
1.00912
1.03025
0.988883
0.975435
1.01452
0.976195
1.00006
0.996132
0.981238
1.01757
0.999245
1.01296
0.994397
0.985486
1.01975
1.01113
0.999684
0.99671
0.984269
1.01318
1.00555
1.00529
0.993215
1.00329
0.994364
1.01121
1.00807
1.00425
1.00819
1.00176
1.00856
1.00901
0.999484
1.00889
1.0013
0.987596
0.987842
0.994376
1.01211
1.01059
1.00889
1.0013
1.00159
1.01642
0.996192
0.984039
0.991154
0.999296
0.976848
0.980169
1.00467
1.0086
1.01662
1.00946
1.00612
1.00353
0.988148
1.01243
1.01499
1.00259
1.00525
0.994892
0.989628
0.982309
0.98116
1.00573
1.00636
0.994023
1.00292
0.994655
1.00304
0.982887
0.994244
0.992788
1.00596
0.995989
1.00161
0.991286
1.00329
1.0007
1.01654
0.990012
1.00256
1.01296
0.993266
0.986055
1.00526
1.0166
0.985959
1.01777
1.00368
1.01114
0.996647
0.989429
0.997078
1.01707
0.999657
0.99123
1.0007
0.990538
0.985163
1.00172
0.99941
0.996303
1.00671
1.00797
1.01689
0.987652
1.00018
1.01405
0.996192
1.00957
0.982831
0.998711
0.99201
0.994518
0.995908
1.00972
0.996432
1.01487
0.994252
0.999447
0.993982
1.01187
1.00178
1.00509
1.00551
1.02444
0.988033
1.01126
1.00497
1.00028
1.00765
1.00124
0.990824
0.996469
1.00201
1.01201
0.987758
1.00806
1.01955
0.993083
0.98903
0.985132
0.994676
1.00209
0.991913
1.00933
0.999711
0.997812
1.00195
1.01548
1.00896
1.00466
1.01533
0.995609
1.01259
1.00354
1.01347
1.00499
0.993094
0.989503
0.997356
1.01982
1.02059
1.00659
0.990361
1.0063
1.0016
0.993231
0.996466
0.992217
1.00671
1.00179
0.965387
0.981304
1.00484
1.00076
0.997356
1.02561
1.01958
1.0009
1.01572
1.02123
1.00425
1.00134
0.977381
1.01979
0.988512
0.997411
0.986534
1.01926
0.99215
1.00573
0.979539
0.98289
1.00866
0.979949
0.994252
1.00728
0.996424
1.00145
1.01687
1.01427
0.990256
0.991412
1.00552
1.00274
1.01121
0.995751
1.00765
0.997745
1.00068
1.00648
0.981639
1.0001
1.0197
1.00237
1.01627
1.01441
0.991986
0.983722
1.00473
0.996396
1.00141
0.998273
1.01437
0.994573
1.01004
1.00782
0.993749
0.991244
0.999443
1.01344
0.997058
1.00058
0.999792
1.02292
1.00851
1.00832
0.981626
0.996404
1.0013
1.01669
1.00522
1.0022
0.991754
0.981562
0.998871
1.00644
1.00635
1.01165
1.02321
0.985178
0.975203
1.00109
0.995659
0.99747
0.998229
1.01912
1.0003
0.999751
1.00201
0.985814
1.00753
1.00027
1.01276
0.993155
1.0019
0.975032
0.994282
1.00056
1.00967
0.999251
1.02291
1.00749
0.988029
0.992264
0.992025
0.984924
0.98933
0.9909
1.00115
1.02116
0.997384
1.00466
1.01652
1.01225
1.00171
1.00937
1.00036
0.998263
1.01988
1.00701
1.02076
1.01361
1.01129
0.970358
1.00944
0.997246
0.974093
1.00978
1.00114
1.03
1.01054
0.998486
0.997885
0.99875
0.994613
1.01759
1.00042
0.997516
0.987072
1.00023
1.00057
0.997717
1.00387
1.01836
0.995065
0.999702
0.998505
0.992697
0.998528
0.99317
1.00773
0.992659
0.979451
0.982897
0.991087
0.989241
1.00289
1.02248
0.989159
0.999209
1.01954
0.995194
0.996366
0.996306
1.00039
1.00209
0.993836
1.01562
1.00412
1.00119
1.0189
1.00217
0.990133
1.00432
0.998153
1.00068
1.00635
1.02005
0.978731
1.01786
1.01545
1.01188
0.988573
0.982595
0.997349
0.994729
1.00624
1.00067
1.00932
0.984957
1.02222
1.00886
1.00411
1.01542
0.993761
1.01393
0.988528
0.997722
0.989504
0.994209
1.01284
1.02151
0.994875
0.989378
0.99735
0.988661
1.0022
1.00586
0.975194
1.00509
1.01197
1.01485
1.01264
0.998496
0.994008
1.01519
1.01044
1.00832
0.998013
1.0073
1.00404
1.00406
1.00119
1.00148
1.00824
1.00169
1.02034
0.999624
0.99038
0.995854
1.00589
1.00131
0.998565
1.00865
1.02147
0.991911
1.01878
1.0125
0.999247
1.00135
0.985426
0.992093
0.982179
1.01492
0.986183
1.00356
0.99989
1.02257
0.996322
1.00899
1.00934
1.01793
1.00815
0.994939
1.00749
1.00591
1.0038
1.00709
0.990909
0.987446
1.01252
0.995125
0.988764
1.0033
1.01547
1.01191
1.01558
0.990332
1.0056
1.01613
1.00526
1.0053
0.99531
0.996239
1.01444
1.00447
0.983812
0.994084
0.99838
1.00223
1.00049
1.00353
1.00457
0.997687
1.00859
1.00904
1.00045
1.01063
0.996776
1.01279
0.991422
1.00138
0.997097
0.997681
0.999276
0.998046
1.00927
0.979298
0.998238
1.01542
0.998025
0.994397
1.00108
0.991795
1.01056
0.992002
0.988456
1.01093
1.00619
0.991007
0.997057
1.0059
0.997406
0.99643
0.97724
1.00053
1.00364
0.987448
0.988825
0.993266
0.994413
1.00274
0.997584
1.00676
0.986773
0.999415
0.989316
0.975557
1.00704
0.991573
1.00485
0.995591
0.981935
0.990506
0.998652
0.969156
0.997813
0.993156
0.997165
1.00839
1.0137
1.00928
1.00181
0.99526
0.987204
1.0068
1.00947
1.00482
1.00353
1.00766
0.994482
0.988928
0.992545
0.997427
0.989921
1.00918
0.998559
1.0056
1.01521
1.0165
0.999959
1.02855
1.01689
0.98927
1.0086
1.00078
1.00607
1.02131
0.986109
0.988814
1.00766
1.01716
0.990552
0.981277
1.01196
0.985605
0.995177
1.00099
1.00489
1.00934
0.981975
1.00945
1.01792
0.996504
1.01605
1.00219
1.00272
1.0012
1.01244
0.981718
1.01368
0.99906
0.994996
1.00377
0.997333
1.00725
1.00026
1.01559
1.00658
0.993231
1.00762
0.997168
0.994721
1.01564
1.01479
1.00766
0.979702
0.990561
0.983633
1.00318
0.984998
0.993338
0.990234
0.99377
0.996945
1.00867
1.00368
1.00581
1.00233
1.00045
1.00268
1.00669
0.988723
0.995454
1.01039
0.977101
0.961929
0.987735
0.986514
0.993671
0.991746
0.998882
1.0024
0.994842
1.00689
1.02523
0.989142
1.00849
0.989154
0.994145
1.00247
0.991249
1.01399
1.00592
0.995344
1.01157
1.00016
0.997325
0.9775
1.01247
0.999374
1.00006
0.996716
1.00836
0.996279
1.00965
1.01291
1.01856
1.00804
0.99872
0.994364
0.998484
0.985019
1.01041
0.999261
1.00818
0.993331
1.01458
0.984727
0.986696
0.996067
0.997381
0.99846
1.00162
1.02389
1.01234
1.00253
1.00415
0.995316
0.984699
0.985701
1.01847
0.989911
0.999197
1.00441
0.973195
0.985031
1.01362
1.0117
1.00101
1.00951
1.0125
0.993321
0.98752
0.99413
1.00208
1.00312
1.00354
1.01429
0.995135
1.00019
1.01706
0.991897
1.01655
1.03327
0.972575
0.99941
0.993888
1.00179
0.98658
0.988835
1.00927
1.01864
0.991468
1.00181
1.01455
1.00543
1.01307
1.00047
1.00641
1.00575
1.00797
0.98234
0.995903
1.00004
0.999899
0.990019
0.968994
1.01389
0.991403
0.983827
1.00325
1.00055
1.01491
1.00379
1.00168
0.986378
0.985514
0.997046
0.99858
1.00483
0.983381
0.988194
1.01427
1.01854
0.993567
0.997726
0.988627
0.996709
1.00422
1.01942
1.0027
0.988376
0.995036
1.00517
0.990937
0.995381
0.999248
1.00555
0.986557
1.00237
0.993866
1.02029
0.993124
1.00189
1.01591
0.986609
1.00053
1.00529
1.01121
1.01591
1.01853
1.00409
0.994367
1.00711
0.989507
1.00955
0.998187
1.0018
0.985089
0.999193
1.01967
0.994967
1.0098
0.991912
0.993742
1.0098
1.00713
0.992169
0.998504
1.00666
1.01007
0.997132
1.00713
0.996706
1.00717
1.00679
1.01276
1.00314
0.981651
0.980477
0.983358
1.01715
1.01026
1.00619
1.00148
1.00115
1.02391
0.992892
0.997074
0.995754
0.985637
0.977205
0.999252
1.00761
1.01959
1.0005
1.00547
0.989302
0.989922
1.005
0.993308
1.00462
1.0033
1.00543
0.994806
0.999758
1.00856
0.977129
1.04021
0.982984
1.00157
1.01323
1.00997
1.00723
0.998749
1.00017
0.995785
1.00534
1.00202
0.991699
0.996288
0.993442
0.992326
1.00235
1.00747
0.999673
1.00648
1.0007
0.990116
1.00115
1.016
0.994698
1.01009
1.00514
1.00151
1.0118
1.00052
1.02086
0.9886
1.00644
1.00076
1.00668
0.996872
1.01578
1.00399
0.992885
1.00726
0.986853
1.0114
1.0087
1.01354
1.00026
0.998695
0.991554
0.998955
0.998004
1.01474
1.01013
1.00207
0.990226
0.977855
0.992862
1.00137
0.988952
1.01947
1.0133
0.990444
1.0013
0.985829
1.00818
1.00858
0.999771
1.00955
0.978614
1.01673
1.00429
0.981183
0.994212
1.00133
1.00203
0.994773
0.9949
1.00739
1.01084
0.992459
1.00296
0.99296
0.998915
1.00966
0.997909
0.989342
1.00773
1.00531
1.00083
1.01558
1.00098
1.01466
0.985727
1.00434
1.01487
0.981585
0.987053
0.984831
1.01981
0.989179
1.01632
1.00292
1.00219
0.981399
0.999684
0.986038
0.98304
1.00814
0.996764
0.994335
0.992287
0.989447
0.989772
0.997619
0.994908
1.00444
0.980928
1.00801
1.0021
0.995406
1.01651
1.00844
0.989287
1.01438
0.996557
0.986431
1.00864
0.991382
1.01113
0.989696
1.00633
1.00839
1.00423
1.00553
1.01297
0.998225
0.995339
0.999509
0.985553
0.9899
0.98091
0.989791
0.980559
1.00147
1.00842
0.984606
0.998655
0.981368
1.00169
1.00217
1.01351
1.01693
1.02223
1.00077
0.995525
1.00056
1.00317
1.01368
0.994477
0.971449
1.0042
0.997164
0.996389
0.995484
0.991875
1.00975
1.00812
0.988773
0.997589
1.00455
0.992454
1.00059
0.995808
1.00563
0.998458
1.00985
1.00025
0.992969
1.00438
0.983759
1.00567
1.01107
1.00143
0.990381
0.999321
0.999772
1.00165
0.995425
0.997433
0.993421
1.00639
1.00373
1.01106
1.01596
0.995497
0.984592
1.00626
0.985857
1.00879
1.01662
1.00176
1.00875
1.02599
0.998881
1.00553
1.00965
1.00035
0.992842
1.00497
1.00853
0.997488
1.00902
0.992069
1.01166
0.983084
0.99858
1.00082
1.00082
1.01165
1.01211
1.01137
1.00154
1.01112
0.98916
0.983663
0.999178
0.990668
0.997042
0.996667
0.980697
0.985737
0.995325
1.01251
1.01964
0.997025
0.982057
1.00697
1.00545
1.00373
1.00094
1.01721
0.998027
0.990486
1.01246
0.997593
0.99159
1.00865
0.993984
0.986548
1.00433
1.0105
0.989146
1.0238
1.00029
1.01778
1.01564
0.976972
1.01421
0.992098
0.995613
1.00617
1.03311
0.994273
0.992648
1.0129
0.993594
0.993424
1.00148
1.0033
0.999399
0.993398
1.00938
1.00438
1.00452
0.982928
0.999392
1.01581
0.998403
1.01669
1.02072
1.01514
1.01261
1.001
0.993228
0.994132
0.988226
1.0039
0.984803
1.00796
0.992639
1.02079
1.00085
1.00105
1.00957
0.97512
1.00433
0.999293
1.0022
0.998924
1.01055
1.01982
1.01847
0.998091
0.992806
1.01202
1.00571
1.02223
0.992171
0.999893
0.995888
0.989365
1.02395
1.00454
0.982304
0.979641
0.997491
1.0126
0.995178
0.982147
1.0047
1.00937
1.00466
1.00711
1.00967
1.00969
0.990708
1.00019
1.01544
0.978706
0.992437
0.998665
0.985464
1.01117
1.00403
0.986199
1.01465
0.997762
1.00184
1.02164
0.996524
0.985842
0.998086
1.00335
1.00737
1.00652
1.01977
0.998138
0.979593
1.00138
0.990579
0.99232
1.01259
1.00161
0.988855
0.981352
1.00796
0.989892
0.995924
1.01088
1.006
1.0026
1.00625
0.978378
0.990341
0.986543
1.02407
0.995922
1.00116
0.988894
1.00332
1.00481
1.00472
1.01291
1.0088
1.00159
1.00603
1.01033
1.00273
1.0014
0.980801
1.00141
1.01434
1.00328
1.0105
0.999783
1.00361
1.00594
1.00924
1.01669
0.995083
0.996075
1.00775
1.01359
1.00995
1.0167
0.977706
0.9789
1.00944
0.985975
1.00777
1.01335
1.00613
1.00591
1.0117
1.00325
0.988482
1.00173
0.990248
1.01779
1.02331
0.988279
0.999599
0.997322
1.00116
0.974434
0.988947
1.00607
0.99862
0.994215
1.0106
0.983361
0.982899
0.997677
1.01255
1.01404
1.00072
0.992667
1.0107
1.00717
1.01163
1.01304
1.00078
0.991346
0.999587
1.01426
1.01565
0.998679
1.0038
1.00374
1.02802
0.99434
1.0107
0.993132
0.99914
0.975125
1.02292
1.01187
1.01253
1.00602
0.993966
0.995888
1.01071
0.974659
0.999514
1.00055
0.98139
0.999138
1.01456
1.0191
1.00758
0.999305
0.985438
0.984763
0.992517
1.0079
1.00359
0.992147
0.996513
0.996767
0.989471
1.00643
1.00065
1.00242
0.9945
0.999112
1.01258
0.992323
1.01095
0.992209
1.00846
0.991257
0.998282
1.00042
1.03107
0.988989
1.01849
1.00197
1.01527
1.02421
0.985672
0.999578
0.984297
1.00303
0.999536
0.991077
0.996231
0.988642
1.01334
1.01202
1.01749
1.00934
0.991056
0.999793
1.00705
1.01451
1.0017
0.998397
0.987839
0.982172
0.997766
0.988759
0.996072
0.99085
1.01064
0.999162
1.0027
0.993993
1.01272
1.00392
0.980193
1.01022
0.995994
0.988094
1.00117
1.00805
0.997764
1.00377
1.00186
1.00464
1.00037
0.996625
0.991421
1.00584
0.993528
0.996618
0.997141
0.988837
0.988487
1.01459
0.999596
1.02025
0.993802
0.991546
1.01167
1.00774
1.0003
1.00168
1.01276
0.991832
0.988518
0.995082
1.00436
1.00345
0.972867
0.998625
0.995142
0.99727
0.982502
1.01634
0.994492
1.01105
1.00129
1.00978
1.01264
1.01397
0.997141
1.00587
1.0035
1.00605
0.992502
0.983325
1.00423
1.0002
0.996819
1.00611
1.00288
1.00738
1.00407
1.00275
0.987519
0.990209
0.990414
1.00346
1.00131
0.991895
1.0041
0.970543
0.994432
0.991076
1.00448
0.98175
0.998332
0.986184
1.00656
0.976968
1.00506
0.983655
0.988297
1.01159
0.977465
1.0109
0.975853
1.00796
1.00154
0.978044
1.01681
1.02652
1.0213
0.990119
1.00577
0.998118
0.983966
1.00518
0.993363
1.01397
1.00097
0.990706
1.0228
1.00302
0.997733
0.995016
1.02403
1.01579
1.00547
1.00449
0.990217
0.99513
0.999912
1.00678
0.988755
1.01574
0.99778
0.984831
1.00834
0.981596
0.998777
0.99284
0.995973
0.988722
0.992915
0.991722
0.996681
1.00572
0.978999
1.00491
1.00876
0.983393
1.01198
0.99692
0.977273
0.994685
1.00722
1.00724
0.987103
1.00731
0.995002
1.00163
1.01728
1.00956
0.994628
1.00105
0.999135
0.98676
0.987484
0.996747
1.00478
0.979047
1.00346
1.02672
1.00639
0.996464
0.987373
0.995016
0.992426
1.01809
1.01058
0.997279
1.00998
1.002
0.999378
1.02164
1.00262
0.998795
1.00586
1.01525
1.0123
0.996526
0.98955
1.01092
0.994309
0.99436
1.00261
1.01262
0.990193
0.998556
1.02344
0.992727
1.00426
0.988318
0.980323
0.982732
1.01285
0.984557
1.00977
0.987579
0.994357
1.00366
1.00116
0.995118
1.01054
0.990179
0.986304
0.994765
1.00211
0.996883
1.01444
1.00816
0.987345
0.993918
1.00829
0.96678
1.00211
0.999026
1.00097
1.00768
0.991658
1.00332
0.966295
1.00726
0.993148
0.990884
0.995789
0.992142
0.999471
1.00958
0.991401
1.0094
1.01377
1.00486
1.01292
0.993631
0.982626
1.00854
1.01055
1.03487
0.986658
1.01879
0.987585
0.995212
0.991558
1.00032
0.994207
0.998008
0.979224
1.00419
0.99382
0.995553
1.00452
0.98567
1.01516
1.01771
1.00318
0.985123
1.00285
1.0024
1.00379
0.98375
1.00249
0.995834
0.979658
0.978352
1.02837
1.01237
1.01178
1.00681
0.996449
0.989668
1.02908
0.990682
0.994097
1.00425
0.996139
1.01386
1.00739
1.0045
0.983087
0.99046
1.00997
0.998354
0.990359
0.98058
0.999078
0.999244
1.0087
1.0031
1.00556
1.00483
0.999746
1.00119
1.00461
0.999957
1.00533
1.01662
1.00394
1.01456
1.00074
1.00547
0.978053
0.992017
0.997547
0.997723
1.00408
0.999185
0.97498
1.00859
0.996977
1.01462
0.993955
0.980759
1.01222
0.99544
1.0117
0.983388
0.989451
1.00774
0.979023
0.998879
1.02099
0.99877
1.00554
1.00309
1.00556
1.00785
1.01469
1.00171
0.987328
0.995754
0.993229
0.992696
1.00542
0.990215
0.992589
1.00516
1.01248
0.982772
1.00281
0.98934
0.993914
0.989371
1.0147
1.01414
1.0078
0.997494
0.976018
1.00964
1.01104
0.979557
0.985167
1.00337
0.989772
1.00329
0.986389
1.00875
1.01694
0.994774
0.994074
1.00295
1.02552
1.00756
0.991851
0.998265
1.00261
1.00781
1.01096
0.997435
1.00272
1.02266
1.01028
0.989266
1.01719
1.0105
0.998715
1.02441
1.0046
1.0061
1.00462
0.994546
1.00024
0.986829
0.992149
1.01775
1.00775
1.01464
0.991421
1.00923
1.00059
1.0079
1.00905
0.991015
1.00128
0.998385
1.00361
0.991502
0.984348
1.0024
1.02092
1.00679
0.986152
1.01264
1.00438
1.00509
0.992678
0.995289
0.988904
1.00779
0.974814
1.00482
1.01083
1.01099
1.00631
0.989366
1.02351
1.00187
1.00464
0.996867
0.999496
1.00449
0.993116
1.01111
1.00048
1.00108
0.979685
1.02761
1.00271
0.985755
1.02514
1.01225
0.99755
0.987962
0.989207
0.996271
1.00641
1.01143
0.9769
1.01078
1.00047
1.0046
0.98128
0.994516
1.0172
1.00812
0.99131
0.991161
0.984145
1.01505
0.990292
1.01875
1.01175
1.01307
1.00417
0.989883
1.01052
0.992139
0.993658
1.0118
0.98775
1.0057
0.990501
1.00385
0.983565
1.01646
0.998271
0.99718
1.01858
1.00269
1.00205
0.986849
1.01201
0.989137
0.986431
1.01171
1.0076
1.0012
1.00018
1.01631
1.00542
1.00043
0.994678
0.995629
1.00518
0.987351
1.00682
1.00326
1.01203
1.00661
0.997961
0.99373
0.991804
0.99221
0.97237
0.989236
0.972408
0.989194
1.00068
1.00684
0.996562
1.01924
0.970775
0.992429
1.01202
1.01014
1.01056
1.00807
0.990445
1.00805
0.99171
1.00176
1.00837
0.982058
0.984641
0.999879
0.976291
0.988386
1.00414
0.988225
1.0211
0.999498
1.00646
0.987203
1.00442
1.00838
0.999249
0.983233
1.00829
1.01042
1.0035
1.0169
1.00219
1.00045
1.01148
0.988861
1.00494
1.0023
0.996846
0.982687
1.00152
1.00065
1.00168
1.01877
0.983975
0.992443
0.989249
0.984705
0.99667
0.995836
1.01161
1.0097
1.01311
0.999649
0.992007
0.988963
0.994059
0.992143
0.988341
0.990311
1.01207
1.00981
0.985591
0.998084
1.00347
0.998237
1.00633
1.00433
0.993262
0.995488
1.01258
0.991986
0.993823
1.01014
0.995415
0.992413
0.997221
1.00747
1.00623
1.01122
1.00704
0.984362
1.00313
0.993492
0.99605
1.00205
0.993787
0.982962
0.996983
1.00062
1.0065
1.01712
1.00288
1.00685
1.01214
0.997398
1.01463
0.998364
1.0048
0.999189
1.00503
0.991214
1.00412
1.00662
1.01146
1.01002
0.991358
1.00958
1.01334
1.027
0.999025
1.00359
0.998845
1.00225
0.998698
0.992013
0.989789
0.992144
0.983436
1.0134
1.02215
0.994616
1.00114
0.985123
0.983596
0.999318
1.00235
1.00632
1.0054
0.995387
1.01817
1.00716
0.997803
1.00183
1.0083
1.01167
1.00468
0.998203
1.00436
1.01372
0.984314
0.979661
1.00652
1.003
1.01961
1.0164
0.980406
1.01741
0.981364
0.995337
1.00239
0.989241
1.01366
1.01416
0.997889
1.00009
1.00376
1.01237
0.999894
0.988897
1.00862
0.977012
0.979261
1.00998
0.987397
0.980158
1.00638
1.00861
1.01816
0.995002
0.980771
0.993858
1.00547
0.994012
0.99747
0.993207
1.01014
1.00096
1.00596
1.01667
1.00214
0.999
0.990061
1.00444
1.00414
0.998624
1.00124
1.00765
1.00277
1.00222
1.00309
1.00392
1.00378
1.01221
0.987552
0.984547
1.01407
0.997535
1.00206
0.990769
1.01858
0.981922
0.997596
1.01832
0.989561
1.00226
1.00134
1.0066
1.00904
1.00606
0.99088
0.987087
1.00377
1.00776
0.991311
0.992562
0.999753
0.977483
1.01214
0.975347
0.984649
1.01354
0.992467
1.00242
1.00073
1.0135
1.00135
1.00791
1.02007
1.01646
1.01309
0.990353
1.00065
0.979429
1.0107
0.990874
0.98953
0.996585
1.00762
0.992393
0.999913
1.00837
0.988873
0.984888
0.997172
0.991716
1.00974
1.00244
1.00968
1.00944
1.00397
0.989652
0.994491
0.991609
1.00544
0.991283
0.994262
1.01161
1.00647
1.00028
0.993904
0.998034
0.991233
0.993456
0.997973
0.993015
1.01424
1.03327
1.00258
1.00128
1.00615
0.991532
1.00198
1.01558
0.998696
0.999633
1.01322
1.00783
0.998912
1.00304
1.00176
0.97958
1.00678
1.02084
0.995118
1.02569
0.998155
1.01225
0.992845
0.988583
0.998381
1.00651
0.996234
0.99426
0.996708
1.01054
1.00238
1.00586
1.00275
0.996036
1.02251
1.00629
1.00481
1.00525
1.01507
0.995248
1.02376
1.02028
0.983206
0.979776
1.01174
1.00037
0.992392
0.995127
0.996354
1.00539
1.00295
1.00637
0.98878
0.999183
1.01236
0.988817
1.01344
0.984799
0.995653
1.01635
1.00357
1.00846
1.013
1.00332
1.01274
1.0159
1.00738
1.00302
1.01824
0.995708
1.0048
1.00074
0.994596
0.994311
1.00185
1.00498
1.00346
1.01369
1.00039
0.986938
0.994249
1.00445
1.00987
0.979682
0.996393
0.994905
0.994842
1.00421
0.98961
0.983515
1.03086
0.994427
0.992016
1.00676
0.990768
0.998989
1.00934
0.992616
1.00298
1.00651
0.992699
1.0132
0.986731
0.994317
0.996484
0.984434
1.009
1.00804
0.987089
1.00374
0.995109
0.993902
0.988715
1.02666
0.990673
1.01481
1.01457
1.00777
1.03356
1.00559
1.00855
1.00156
1.01999
0.987942
1.00823
1.01308
1.00443
0.997606
0.998634
1.01177
0.995576
1.00931
1.00715
0.980494
0.997113
0.990661
0.993224
1.00894
0.986525
1.00749
0.997232
1.00217
1.01176
1.00468
1.00271
0.986627
1.00328
1.00425
1.0002
1.00478
1.00587
1.00377
0.994825
1.01592
1.01193
1.01192
0.997346
0.993984
0.99789
0.998654
1.01712
0.983727
0.994865
0.998499
0.993121
1.00718
1.00978
1.01981
1.00713
0.999177
1.00266
1.00042
0.995561
1.02646
1.00474
0.993297
1.0055
1.01104
0.998331
1.00335
1.00473
1.01344
0.99973
1.00483
1.00735
0.987958
1.0034
1.01373
1.01887
0.982692
0.991157
0.99697
0.997359
1.01108
1.01164
1.00766
0.978157
1.00098
1.0022
0.998121
1.00319
0.984838
1.00809
0.976474
0.994499
0.996545
1.00524
1.00518
0.997372
0.996653
0.978095
1.00246
1.023
1.0106
1.01094
0.986883
0.992833
1.00633
0.991809
1.00982
1.00241
1.00231
0.989914
0.995079
1.01193
1.02236
0.99307
0.999936
1.00041
1.00054
0.990289
0.998509
1.00276
1.00626
1.01272
0.989331
0.997099
0.986709
0.985822
0.986838
0.992556
1.01721
0.973836
0.99633
0.978567
0.984662
1.00313
1.00153
0.990848
1.00088
1.00255
1.00058
1.00867
0.994566
0.995715
0.998478
0.998608
0.99383
1.00258
1.01103
0.994077
0.988
1.00806
0.997242
0.993114
0.989937
0.994141
1.01749
1.01362
1.02856
0.994281
1.02951
0.993286
1.00237
1.02272
0.994716
0.999088
1.00118
1.01758
0.985223
0.999453
0.969862
0.999546
1.01088
1.00157
0.993289
1.01166
0.997548
1.01269
1.00125
0.989308
1.00802
0.975665
0.99475
0.982609
1.00337
1.00028
1.00013
1.01727
1.00038
0.981048
0.990966
0.999884
0.986656
0.992719
0.987293
0.993884
0.975825
1.02166
0.995625
1.01123
0.9921
1.0013
0.983869
0.999182
1.00697
0.992869
0.988447
0.979983
0.978469
0.998709
0.989296
0.991731
1.00267
0.989526
1.00969
1.00341
0.996733
1.00168
0.994103
0.978533
0.999428
0.981802
1.00919
0.984697
1.0074
0.997206
1.00643
1.01116
0.991624
1.00568
1.00809
1.01679
0.999348
0.999845
0.989074
1.0042
1.01195
1.01693
0.996968
0.987232
0.991836
1.01652
0.980306
0.976983
1.00528
1.01007
1.00535
1.00582
1.00032
1.01024
0.981643
0.989794
1.01152
1.01294
0.986596
1.01031
1.00418
0.999067
1.02438
0.994301
1.01082
0.985932
1.00974
1.0106
0.971474
1.00847
1.00332
0.99913
0.992234
1.00645
0.99479
0.999538
0.984698
1.00393
1.026
1.00375
1.00182
0.9963
0.993008
0.999537
0.99084
0.994181
0.994579
0.997073
0.994542
0.997733
0.997672
0.992781
0.996346
0.986018
0.99268
0.994967
0.991334
1.00918
0.988832
0.983146
1.01208
0.98418
1.01103
0.985342
1.01623
0.977216
1.0056
0.994975
0.995834
0.996345
1.00277
1.00733
1.01886
0.977642
1.00095
0.989004
1.00611
1.01388
0.989107
1.0162
1.01134
1.00425
1.00192
0.993709
0.992559
1.00006
1.01235
1.00674
1.0009
1.00116
1.00226
0.999202
1.00414
1.00252
1.00971
1.01017
1.0275
1.00672
0.997793
0.993704
0.996984
1.00777
1.002
1.01578
1.01037
0.991415
0.998767
1.01901
1.00075
0.98859
1.00768
1.00465
1.00511
0.989658
0.998908
0.988844
0.99491
1.00187
1.01873
1.00705
0.989253
1.01024
1.00467
1.01175
1.00698
1.00192
1.01166
0.978712
0.989818
1.00648
0.996596
1.00444
0.989395
0.998361
1.00178
0.98988
1.01302
0.99673
0.98878
1.00969
0.99537
0.998959
0.998363
0.981619
1.00224
0.997319
0.990486
1.00596
1.00151
1.00243
1.00457
1.00656
1.00559
0.996821
0.996864
1.00295
1.00158
1.00494
1.00353
1.0133
0.996322
1.00247
0.985789
1.00904
0.997446
1.0113
1.00634
1.00923
0.993612
1.00838
1.00382
1.013
0.998167
1.00265
1.00867
0.999129
1.01996
1.01581
0.973042
1.00421
0.99223
0.989293
1.01146
0.970165
1.02716
1.00568
1.00399
1.01257
0.986402
0.99734
1.00749
1.01362
0.994837
1.00533
1.00388
0.989011
0.995528
0.968968
0.9925
1.00575
1.00519
0.991353
0.992694
0.993559
0.997379
0.993833
0.983901
1.01024
1.00428
0.990781
1.02149
1.00007
0.985634
0.99668
0.98805
0.99357
1.006
1.00981
0.995603
1.00561
1.0009
0.99969
0.992421
0.993098
1.00425
1.0085
1.02906
1.00279
0.989454
0.982524
1.00524
1.00795
1.00798
0.986855
0.982258
0.991355
1.0023
0.997682
1.00317
1.00859
0.99305
0.977828
1.01336
1.00437
0.991438
1.00536
0.990157
1.00311
0.981868
1.0132
1.00086
0.990589
1.00591
1.01689
1.0045
0.998308
1.01332
1.00232
1.00861
1.02074
0.996234
1.00211
0.988795
1.00737
0.983842
1.00982
0.994488
0.982187
0.998115
1.00669
0.99894
0.997731
0.99815
0.988526
1.00466
0.987295
1.00261
1.00375
1.01442
1.00121
0.992816
1.00474
1.01399
1.01143
0.992921
1.00853
1.00516
0.985156
0.995745
0.987258
1.02335
1.00062
1.01015
0.996481
0.994328
0.981679
1.02083
1.01921
0.989881
0.995045
1.00516
1.01545
1.01039
0.972082
1.01087
1.00309
0.970914
1.00474
1.01509
1.01503
0.985325
1.00094
1.00227
0.993626
1.00879
1.00745
1.02463
1.00923
1.0027
0.989077
0.993146
0.99537
1.01017
0.983969
0.995967
0.999476
0.991881
1.00481
0.994884
1.00503
0.973274
1.01231
1.01115
1.01071
1.02062
0.978309
1.01679
0.989442
0.99648
0.994299
1.00714
1.00767
1.01204
1.00422
0.975598
1.01635
0.987798
0.985175
0.995555
0.981911
1.00488
1.00035
0.984687
1.02072
1.01064
1.00962
1.0026
1.01665
1.00356
1.0028
0.990936
1.00234
1.01094
0.983103
0.995529
1.00081
1.01835
1.00371
0.996794
0.99944
1.00258
1.0215
0.99317
1.02135
0.988246
0.987594
0.988625
1.00303
1.00119
0.981658
0.997421
0.984177
0.994379
0.996247
0.982889
0.999918
0.99538
1.00806
1.00139
0.986483
0.992429
0.992275
0.987659
1.00156
0.997696
0.995697
0.994928
1.02287
0.999496
1.01183
1.00459
0.999205
1.01063
0.986404
1.00692
1.0076
0.995992
0.990541
1.01102
1.01597
1.00006
1.01121
1.00128
0.993647
1.027
0.97943
1.00982
1.00875
1.00313
0.998969
1.01493
0.994266
0.995889
0.97913
1.00429
1.001
0.988643
1.01332
0.994813
0.99948
1.00392
1.02179
1.00667
1.00249
0.983662
1.00617
1.00347
1.01297
1.00204
1.01348
1.00401
1.01651
0.987285
1.00866
1.01166
1.02134
1.01577
1.00887
1.01725
1.00262
1.00634
0.993089
1.02234
1.00247
0.996483
1.00306
0.986422
0.991445
1.00843
0.997749
0.987667
1.01179
0.999975
0.981552
0.995666
0.982192
1.00405
1.01178
1.00092
1.01545
0.973936
0.996411
0.994466
0.990403
1.00182
1.00968
0.999379
1.01117
0.993604
0.991801
1.00745
0.969221
1.00437
1.00374
0.981754
1.0054
0.991315
0.981498
1.01038
1.00342
1.00472
1.00986
1.00388
0.981708
1.00926
1.00301
0.99606
0.979298
0.991628
1.02494
0.994102
1.00701
1.01055
1.00235
1.00358
0.989345
0.989575
0.991572
0.991902
1.00127
1.0055
1.00665
1.00763
0.979371
1.01324
0.998979
0.984599
1.00709
1.03299
0.998774
1.02007
1.0141
0.99758
0.978122
0.989305
1.00693
1.00648
0.986106
1.01652
0.994397
0.988941
1.00143
1.00837
1.00696
0.987661
1.0135
0.977737
1.00709
0.997056
1.0045
0.998756
1.00189
0.990357
0.999664
1.03075
0.997893
1.00428
1.01229
0.993645
1.00489
1.00489
0.995944
1.0084
1.0057
1.00732
0.994499
1.01303
1.01294
1.00263
0.99385
0.99031
1.01004
0.98329
1.0128
0.985643
0.992476
0.992883
0.998196
0.992319
0.989643
1.00249
0.977709
0.975257
1.01402
1.01526
1.01153
1.00378
0.997419
0.99276
1.0235
1.01172
0.997016
0.989125
1.01035
1.00515
1.00266
0.979881
1.00197
0.993799
0.994352
0.997792
0.985545
1.00296
1.00071
1.00582
1.0058
0.986865
0.987155
0.993624
1.01118
0.998831
0.991601
1.00835
1.01257
1.01119
0.992446
0.998426
0.995105
1.02033
0.998838
1.01517
1.00857
1.00705
0.998792
0.977718
1.00282
0.977627
1.01366
0.997571
0.993509
1.00355
1.00413
0.993709
1.00203
1.00989
0.986138
1.01313
0.975506
0.996382
1.01002
1.00471
1.01344
1.00622
1.01381
0.996665
1.01975
1.00358
1.00258
1.0129
1.01199
0.990686
1.00984
0.989566
1.02836
0.982421
0.984598
1.02008
0.999468
1.005
0.997829
0.987072
0.984249
1.00619
0.994362
1.00068
0.990524
0.994295
0.994257
0.989048
1.00839
1.01463
1.01433
1.01721
1.00943
1.00871
0.993861
1.00347
1.01082
1.00215
1.00946
1.00185
0.99081
0.99334
1.003
1.00636
0.990946
1.02153
1.00156
1.01003
1.00427
0.994924
1.00055
0.988179
1.00743
0.99149
1.00509
0.998914
1.00165
1.01338
1.00356
0.993987
1.01052
0.988782
0.996306
0.981811
1.00817
0.999262
0.99525
1.00458
0.985787
0.997665
0.987106
0.9885
0.995019
1.02337
1.0047
0.993405
0.990744
0.995867
1.00388
1.01191
0.99316
0.986707
1.00123
0.992414
1.01678
0.991986
1.00341
1.01283
0.988234
0.982033
1.00586
1.00725
1.00811
1.00201
1.0161
0.992582
0.986673
1.00531
0.991526
1.00355
0.993031
1.00232
1.00354
1.00537
1.01721
1.00369
1.00181
0.994218
1.0129
1.00338
1.01135
0.985429
0.99627
1.00696
0.988432
0.988439
1.00278
0.989197
0.987064
0.991856
0.987132
0.992735
1.00296
0.988913
1.00056
0.997489
0.995027
1.00483
0.984097
0.986458
0.994474
0.99669
1.00686
1.00521
0.992957
0.990565
0.99936
1.01036
0.993249
0.979758
1.0101
0.982254
0.989758
1.02235
1.00841
1.01636
0.999509
0.990603
0.973592
0.996041
1.00122
1.00757
0.988257
1.01902
0.996837
1.00424
1.00111
1.0124
1.00207
1.01788
0.993794
1.01775
1.00412
1.00853
0.99553
0.98858
0.998828
0.993774
0.994012
1.00983
0.975281
1.02231
0.998388
1.00282
1.00186
1.00099
0.996488
0.980765
0.997531
1.00217
0.992139
0.981763
1.00812
0.992443
0.99712
0.997015
1.00822
1.01437
0.985789
1.01075
1.01809
1.00271
0.986699
0.988953
0.974029
1.00103
1.00871
0.991597
1.00305
0.998638
1.00583
0.998546
0.99817
0.999935
0.99172
0.982143
1.00496
1.00137
0.992856
0.993887
0.991229
1.0003
1.01119
1.00567
0.980267
0.987255
0.983685
0.99293
1.01047
0.996362
1.01645
1.012
0.997328
1.00782
1.01397
0.981947
1.01459
0.998926
0.973067
0.995806
0.979713
0.991833
1.01397
0.99006
1.00858
0.999608
0.991457
0.993
0.989715
1.02
0.9792
0.988589
0.989526
1.01114
0.990921
0.999499
1.00618
1.02308
1.00632
0.995859
1.00868
0.993752
1.01208
0.988647
1.00783
1.0091
0.98023
1.00449
1.00668
0.999158
1.00878
0.992397
1.01399
0.987832
1.00993
1.00691
0.98587
0.996181
0.994748
1.01754
0.999928
0.995569
0.969853
0.995947
1.01385
1.00657
0.997016
1.00419
1.00215
1.02114
1.01011
1.00811
1.00407
0.997908
1.00088
1.00754
0.996687
0.986976
0.993534
0.996995
0.993026
0.979005
0.996675
0.993217
1.01137
1.00139
1.00928
0.994684
0.984298
1.00345
1.01536
0.986347
1.00036
1.01873
1.01128
0.992881
1.01055
1.00555
0.985411
0.993919
1.01655
0.992487
1.01024
1.00396
1.025
0.993831
1.00613
0.999532
1.00995
0.996653
0.984405
1.01513
1.00064
0.978723
0.997697
0.996803
0.991309
1.0127
1.00361
0.985908
0.987389
0.989357
0.99394
0.996316
1.02251
0.996254
1.01083
0.995234
1.00174
1.00084
0.991154
0.997392
0.995666
1.00446
0.981357
0.984193
0.989951
0.994445
1.00035
0.970482
0.996542
1.00512
1.00134
0.986589
1.00707
1.01351
1.00077
0.981312
1.00822
1.01064
1.01015
1.01323
1.001
1.01188
0.997565
1.02306
0.997584
1.01756
0.995409
1.0134
1.00017
0.98485
0.971087
1.00831
1.01397
1.01034
1.01432
1.01867
1.00877
1.00589
1.00689
0.993673
0.996464
0.989673
0.993656
1.00668
0.999639
0.99142
1.01173
1.01393
0.990061
0.992488
1.01984
1.01254
0.99761
0.994915
1.00046
1.01336
0.980022
0.991553
1.00275
0.982747
0.97747
1.00312
0.984269
1.01378
1.025
1.00958
0.977887
1.00146
1.00646
0.985825
1.00635
0.994892
0.9974
0.988923
0.990004
1.00457
1.00776
1.013
0.976289
0.981694
0.990138
1.00724
0.987036
0.976951
1.00943
1.00869
0.990698
1.00517
0.994604
0.997122
0.996069
0.986843
1.01124
0.988199
0.995384
1.01749
1.01211
0.998923
1.00125
1.00119
1.00415
1.01239
1.0072
0.992853
1.00805
0.988636
1.00326
1.00528
0.997581
1.00322
1.02392
1.00941
1.00258
0.988408
1.01257
0.997333
0.991616
1.01283
1.00885
0.985275
0.998665
1.01019
1.00746
1.01541
1.01115
1.00495
1.00485
1.0116
1.01144
1.00103
0.997389
1.01273
0.998816
0.988717
0.998108
1.01405
1.00907
0.984695
1.01183
0.994763
1.00018
0.986843
0.983845
1.0197
0.979595
0.999477
1.01958
0.996355
0.994639
1.00477
1.00366
0.991204
0.999618
0.990915
1.0035
0.996299
1.0099
1.00515
0.965871
1.00411
1.00844
1.02094
1.01545
1.01541
1.00261
0.981651
0.992866
1.00195
0.99528
0.995044
1.01216
1.01266
1.01373
0.999554
0.999945
1.00371
1.01015
0.996332
0.993559
1.01451
1.01055
1.00926
0.982491
1.00532
1.00284
0.997269
0.98836
1.00896
0.993278
0.999158
0.998658
0.993569
0.992278
1.00662
1.0303
1.01799
0.994515
0.98572
1.00827
1.00523
0.998551
1.00962
1.00029
0.979307
1.01014
1.00203
0.97984
1.02672
1.00543
1.02046
1.00279
0.985876
1.00087
1.00374
0.999073
0.990709
1.00357
0.992674
1.00341
1.00718
0.997445
1.00863
1.00195
0.988923
0.998843
1.00048
0.984551
1.01392
0.995401
0.996005
1.00764
1.01723
1.01444
0.97921
1.00692
0.978235
0.990913
0.996028
0.996014
1.00198
0.989351
0.994428
1.01025
0.989627
0.972263
0.992191
0.992424
0.992405
0.998706
0.999688
0.979288
0.989522
1.00642
1.00001
1.00044
0.990077
1.00644
1.01032
0.996173
1.01197
0.987361
1.00693
1.00111
1.03126
1.00649
1.01828
0.992028
1.01264
0.999158
0.982869
1.0117
1.00833
0.981419
0.999773
0.991964
1.0016
1.0089
1.0115
1.00546
1.0028
1.02173
0.98917
0.999735
1.00258
1.02363
0.994143
1.01614
0.999705
1.00349
1.00804
1.01471
0.996989
0.976671
1.0021
1.01996
1.00629
1.00674
1.00431
0.978601
1.01584
0.992581
1.00525
1.00771
0.974761
0.980745
0.995371
0.996923
1.00961
0.981107
0.993611
1.00145
1.01395
1.02011
0.995323
0.984532
0.995805
0.987249
1.00583
0.97019
1.01175
1.00908
0.987615
1.01242
1.0159
0.993452
1.00398
0.993105
0.996329
0.986927
1.00281
1.00486
0.995157
1.00429
1.01818
0.985774
1.01165
1.02104
0.984869
0.99438
1.01566
0.985482
0.981607
0.99755
0.995841
0.991785
1.01645
0.994357
1.00536
0.989402
1.00796
0.995688
0.97142
0.975604
0.993591
0.989363
1.00598
1.00875
1.0089
0.995795
0.983048
1.00456
1.00513
0.983789
0.98732
1.01025
1.00391
1.00088
0.986254
1.0195
1.0009
1.0026
0.995797
1.01525
1.00784
0.9883
0.999154
1.00703
1.0067
0.989774
1.00488
0.996587
1.00086
1.00784
0.99209
0.99738
0.996447
0.973826
0.995894
0.98936
0.998932
0.983743
0.996358
0.999059
0.985048
1.02404
0.991521
0.987097
0.970487
1.0206
0.98972
1.00027
0.990489
1.01827
0.998837
1.00447
0.995819
1.01673
1.00053
1.00004
1.00122
0.993132
0.998773
0.99894
0.979925
1.02532
0.990975
0.980979
0.999606
1.01033
1.00539
0.993952
1.01121
0.986271
0.999468
1.01209
1.01568
1.003
1.00593
1.00282
0.995206
0.983644
1.00129
1.00796
1.01638
1.0006
0.990897
1.01565
1.00039
1.01
0.989903
0.997804
1.00944
0.976817
0.995979
1.01423
0.998802
0.978628
1.01079
1.02117
0.987788
1.00125
1.01148
0.99386
1.0011
1.0044
1.003
1.00418
1.03208
0.9927
1.00505
0.990276
1.00976
1.0014
1.00237
0.990329
0.999998
0.995441
0.99258
0.994172
1.00565
0.987825
0.994243
0.993896
1.01441
1.02762
1.00568
1.01164
0.999196
1.00457
0.989113
1.00101
1.02558
0.99529
1.00665
1.00946
1.00867
0.99394
0.981528
1.00514
1.00438
1.00847
1.00284
0.988672
1.02065
0.981902
1.01897
0.997764
1.02431
0.986543
1.00159
0.978066
0.998858
1.01282
1.00858
1.0064
1.00523
0.994496
0.986554
1.01052
1.00689
0.991037
1.00484
1.00727
1.00488
0.983832
1.02795
0.996051
0.999734
1.0093
0.998945
0.993519
0.994201
0.998091
0.993775
1.02103
1.00869
0.997132
1.00024
0.989139
1.00875
1.01522
0.994912
1.02203
1.00354
1.01934
0.99559
1.01973
0.998495
1.00542
0.989918
1.00227
0.994947
1.00868
1.00351
0.992637
0.997337
1.00365
1.00627
0.980956
0.979817
1.00819
1.00119
1.00755
0.997285
1.00605
1.0053
0.983467
1.00019
0.998769
1.00793
0.998048
0.987513
1.00297
0.998983
0.989391
0.985721
1.01531
1.01378
0.977348
1.00864
1.00611
0.998082
1.00518
1.00656
0.997665
0.982907
1.00244
1.00826
1.01411
0.978725
1.0139
0.995446
1.01451
0.988169
0.999769
0.998272
1.00074
0.986322
0.998175
0.99038
1.01229
1.01139
1.00763
0.999876
0.988167
1.01322
1.01844
0.997267
1.03613
1.01043
0.992982
0.993107
1.00934
1.00327
1.00681
0.977599
1.00828
0.988946
1.01353
0.993187
0.995572
1.0011
0.981607
1.00111
0.997737
1.00749
1.00634
0.985906
1.00371
1.00926
0.996962
0.992165
1.00577
1.01356
0.973875
0.998613
0.989861
0.989953
1.02838
1.02267
0.995656
1.0074
1.0112
1.00887
0.973589
1.01313
1.00428
0.998615
0.9852
0.998074
1.01665
0.98842
0.999181
1.00731
1.0001
1.01147
0.979543
0.992722
1.00776
1.0095
0.987009
0.999744
0.996656
1.00951
0.984557
1.00827
1.01836
1.00089
1.002
1.01289
1.01899
0.99999
1.00374
0.976984
0.993896
1.00006
0.986608
1.00983
1.00685
1.00371
0.9839
1.00227
0.996139
1.0063
1.02079
1.011
0.998269
1.01398
1.00695
1.00173
1.01129
0.994365
1.011
0.988519
1.02009
0.98394
1.01416
1.00683
1.01932
0.996494
1.0066
1.00362
0.999522
0.997386
1.02606
0.991223
0.997214
0.995662
0.993008
1.00535
1.00399
1.00472
0.993752
1.01587
0.994301
0.986822
0.981249
1.02835
1.00879
1.01291
1.00529
0.980291
0.99071
0.988473
1.00678
1.00925
1.01319
1.00007
1.00554
0.992676
0.996144
0.987623
0.998608
1.00554
0.97033
1.01149
1.00368
1.00615
0.999012
0.986863
0.986424
0.990474
0.999685
0.991907
0.994323
1.00544
1.02936
1.00513
0.983897
1.01586
1.01026
0.994734
0.980685
0.999874
1.01378
1.01875
1.01378
1.01542
1.00356
1.00885
0.998394
1.0056
0.999534
1.00113
1.00542
0.969535
1.00021
1.01103
1.0022
1.01568
1.01522
0.994541
1.00482
0.998429
1.01085
1.00261
0.997435
1.00682
0.994689
1.00764
0.994495
0.994027
1.00298
0.999704
0.999437
1.0074
0.98225
0.993372
0.984201
0.998376
1.00094
1.00455
1.01284
0.995777
0.992847
0.984469
0.974538
0.99756
1.00704
0.975402
0.986341
0.993818
1.00538
0.993424
1.00326
1.00697
0.998386
0.996305
1.01286
1.00554
0.990718
0.991154
0.990141
0.995905
1.01111
1.01319
0.985361
0.99221
0.993424
0.987887
0.996122
0.990586
0.995683
0.991263
1.0037
0.992068
1.00089
1.01441
1.00008
1.0133
0.997044
0.985312
0.971344
1.01365
0.991104
1.0026
1.01211
0.99673
1.00172
1.00157
1.00336
1.00645
0.996327
1.00413
0.988759
1.00009
0.98549
0.989293
0.99304
1.01283
0.988188
1.00414
1.00446
0.998287
0.980332
1.00544
0.998501
1.00859
1.01205
0.986955
1.00836
0.996898
1.00659
0.991658
1.00445
0.994072
0.982832
1.00291
1.02832
0.998103
1.00405
0.986463
1.01168
1.00533
1.00806
1.0017
1.00364
1.01346
0.968183
1.00724
1.02086
1.00196
1.00845
1.00249
0.992915
0.98953
1.0101
1.00279
1.00032
1.00134
0.99377
1.00681
0.990863
0.979926
1.00537
0.990407
0.996866
0.984604
1.00605
1.00475
1.01023
0.999201
1.01813
1.00166
1.00812
0.989449
0.991358
1.01243
1.00418
0.999718
1.01263
1.00428
0.994739
0.987546
0.991655
0.990071
0.996125
1.00709
1.00571
0.986174
1.00426
1.00023
1.00668
1.01562
1.01082
0.98278
0.999089
0.992685
1.00592
1.00021
1.00352
1.01461
1.00495
1.01661
1.00943
0.988386
0.980626
1.00439
1.00766
1.00626
0.996835
0.980431
1.00248
0.984616
1.0027
1.00069
1.00751
1.00036
1.00412
0.988859
0.97495
0.977261
0.979948
1.00371
1.01252
0.985568
0.991084
0.999586
1.01273
1.00486
1.0077
0.9826
1.00432
1.0061
1.00521
0.976316
0.998629
1.00665
1.00075
0.99725
1.00815
0.989089
0.983178
1.01691
0.989822
1.01036
1.01204
0.995565
1.00062
0.992055
0.990152
1.01712
1.01213
0.981362
0.996826
1.00671
0.987311
1.00541
1.01843
0.983197
0.99487
0.994291
1.00125
1.00371
0.992377
0.994435
0.979316
0.996784
1.0074
1.00503
0.972919
1.00885
0.998487
0.997587
0.991021
1.00634
1.00177
0.995652
1.01411
0.999941
1.01848
0.997367
1.01626
1.00201
0.991589
0.996455
0.996261
0.987941
1.00053
0.998711
1.00438
1.00551
1.00314
1.01726
1.01481
0.987687
0.980298
1.00208
0.991654
1.00016
0.995896
1.02092
1.00135
0.986172
1.02288
1.00457
0.987924
1.00707
0.981824
1.0167
1.00237
0.984501
1.00213
1.0091
0.986618
1.01108
0.999753
0.998597
0.990197
1.00397
1.00175
0.997533
0.985658
0.99141
0.997899
0.980349
0.994559
1.00719
0.984813
0.997461
0.997204
0.986322
1.00934
0.984683
1.00884
1.01023
1.00797
0.977711
1.00703
0.998051
1.00867
1.02679
1.02882
0.997748
1.00901
1.00571
1.00633
0.99204
0.98657
0.983952
1.00159
1.03486
1.01641
0.978451
1.00745
1.0025
1.01954
0.993526
0.983716
1.00496
1.01714
1.00197
1.00948
0.983558
0.996915
0.99955
1.00775
0.988142
1.00303
0.990053
0.995074
1.01817
0.988007
1.00623
0.990666
1.0063
0.986778
1.01984
0.99336
1.00626
1.0037
0.997018
1.00655
0.992489
0.98898
0.981486
0.994242
0.991022
0.99076
0.995098
0.974442
1.00578
0.994476
0.995426
1.00629
0.994871
0.972727
0.996925
0.96937
1.01604
1.0087
1.00252
0.993348
1.01296
0.999882
1.00472
1.00361
0.977759
0.994362
0.999855
1.0013
0.979464
0.999507
1.01531
0.989325
1.0016
0.999866
1.00602
1.00368
1.02985
0.995029
0.997245
0.978255
0.98103
1.01001
1.00772
0.990119
0.996133
1.02234
1.00563
1.00229
0.980391
1.00455
0.990873
1.00419
1.00117
0.997648
0.988178
1.00624
0.990026
1.0034
1.01988
0.97928
0.989994
1.00851
0.985063
0.981727
0.992702
1.00456
0.998278
1.00394
0.982881
0.977673
0.990649
0.984233
0.996047
0.993173
1.01389
1.01778
0.990305
0.999977
0.998017
0.995771
1.00394
0.981716
1.01035
0.982306
1.00444
0.983352
0.998697
0.988515
1.01217
1.01083
0.98288
0.999292
0.996323
0.98894
1.00524
1.00844
1.005
0.982476
0.994266
0.996197
1.0019
0.99283
0.992061
0.991426
1.01072
0.987413
1.00719
1.01284
1.01135
1.01694
0.987176
1.00696
1.0142
1.0028
0.995717
1.00465
0.99305
0.995525
0.98046
0.994547
1.00524
0.979456
0.984361
1.00029
0.999234
1.02052
0.994574
0.989834
0.985786
0.979733
0.992317
0.994138
1.00616
1.01293
0.992769
0.987863
1.00747
0.989501
0.975098
0.984743
0.9921
0.98988
0.997702
1.01665
0.982971
0.998561
0.986318
1.02245
1.00337
0.982309
0.973532
1.00708
1.00845
0.986236
1.00089
0.998931
0.984722
1.0134
1.01336
1.00029
0.983163
0.988561
1.0072
1.00441
0.974251
0.997868
0.990903
1.00679
1.01188
0.997852
1.00138
0.999978
0.998152
0.98634
0.993839
1.01636
1.00604
1.01883
1.01359
0.9766
1.01125
0.997788
0.988351
1.00332
0.998294
1.00281
0.992143
0.989005
0.986332
0.999935
1.01319
0.994198
0.992697
1.00897
0.978617
0.995791
0.996923
1.00442
1.00919
1.00294
1.0099
0.980926
1.01526
0.98792
1.00658
0.991111
1.00955
1.00171
0.995139
0.977533
0.987885
0.989845
1.00693
0.98241
0.994589
0.996053
1.02489
1.01414
0.99862
1.01575
1.01105
0.992678
0.988333
1.00604
0.989109
0.998711
0.995781
1.0002
1.01499
0.995615
0.999605
0.97869
1.00386
1.00481
0.992166
0.99615
0.991165
1.00737
1.0083
0.990363
1.01315
1.00573
1.01249
1.00011
0.999946
0.991967
1.00754
1.00074
1.00208
1.00851
0.992229
1.01035
0.984881
0.985746
1.007
1.00603
0.994931
1.01177
0.985991
0.997423
0.996937
1.00076
1.0113
1.00402
1.00499
1.00502
0.99184
1.00695
0.992964
0.990557
0.991986
1.00364
0.995164
0.991513
1.02129
1.01391
1.00939
0.997033
0.982679
1.01942
0.98769
0.995386
1.0135
0.979514
1.00397
0.993044
0.994615
1.01219
1.01382
0.988678
1.00513
0.997947
1.00355
0.997712
0.997294
1.01175
1.00178
0.997799
0.999133
0.990645
1.0305
1.00992
0.993535
0.993995
0.994702
0.968725
1.00006
1.00109
1.00674
1.00242
1.02492
1.00984
0.974098
1.00966
0.989515
1.00493
1.00481
1.00054
0.99522
1.00719
1.01045
1.00724
1.00612
0.998917
0.998287
1.02186
1.00126
0.972269
0.989883
1.00691
0.993969
0.990091
1.00608
1.00011
1.00836
1.00318
0.991993
1.00724
1.01663
0.994177
0.987784
0.996631
0.986561
1.00551
1.00724
1.00676
0.986948
1.00311
1.01076
1.00663
1.00555
0.992534
0.99395
0.999907
1.00076
0.99626
1.01508
0.988545
1.00031
0.998804
1.00333
1.00157
0.991766
0.991225
1.01078
0.986216
0.996962
0.98578
1.00873
0.987458
0.998266
0.998721
1.00502
0.995999
1.01225
1.00365
1.0011
0.99124
1.01186
1.01625
0.994239
1.00113
0.990845
0.999072
0.996736
1.00788
0.991147
0.986971
1.00877
0.991617
1.01059
0.98316
0.997718
0.996248
0.994548
0.993696
0.997579
0.995029
0.991135
0.983705
1.00062
0.978603
1.00495
0.996403
1.00057
1.03181
1.02639
1.01048
0.988254
0.999597
0.99097
0.980311
1.00064
0.993119
1.00307
0.991059
1.00423
0.99027
1.01892
1.00489
1.00533
0.986631
1.00738
0.983458
1.01396
0.997996
1.00038
0.99174
1.00576
1.01307
1.00668
0.992099
1.0031
1.00554
1.00273
1.00702
1.01149
0.995879
0.993948
1.00244
1.00308
0.991713
1.01062
1.00897
1.01029
0.995522
1.01819
1.00431
1.00896
0.995882
1.00105
0.997235
1.00641
0.996306
0.995789
0.996378
1.00969
0.999908
0.986088
1.01035
1.02235
0.981516
0.990099
1.01034
1.00937
1.02105
1.02283
0.993454
0.998905
0.976312
0.991643
0.988324
1.01133
0.999982
1.00899
1.00684
1.00448
0.999041
1.00695
0.990808
1.00659
1.00266
0.979601
1.02391
1.00919
1.00674
0.985698
0.981221
1.01437
1.01802
0.998349
1.01441
1.00049
0.993473
1.01584
1.03119
1.00305
0.986941
1.00261
1.01173
0.987786
1.03229
1.00165
0.993997
1.00098
0.999427
1.00731
0.987072
0.999965
1.00435
0.977839
1.00808
1.0081
1.00984
0.988878
1.00437
0.986555
1.00193
1.01814
0.982594
0.998794
0.986814
1.0088
1.01332
1.00909
0.976853
0.998058
0.98742
1.00496
1.00191
1.01433
1.00315
1.01408
0.987925
0.988982
0.987316
0.990916
1.0102
1.00759
1.02811
1.00855
1.00678
0.999435
1.00572
1.00206
0.990169
1.01043
1.01221
1.01075
1.00097
0.992605
1.00373
0.988736
1.01835
1.01334
0.989625
0.998972
1.00784
0.989806
0.982528
1.00237
0.999156
0.98821
1.00454
0.979409
0.992181
0.989168
0.996668
1.00036
1.00139
1.01959
1.00788
1.00231
0.983595
0.989848
1.01402
0.982487
1.00347
1.00899
0.994975
0.989943
1.01165
0.998373
0.993947
1.00435
1.013
0.99975
1.01922
0.99513
1.01217
1.00692
0.994386
0.990945
1.02059
0.983799
1.00779
1.01476
1.00301
1.00456
0.984651
1.00469
0.999432
1.00819
1.00048
1.00407
1.02046
1.01217
0.995939
0.99071
0.973786
1.01169
1.00528
1.02329
1.03889
1.00814
0.999319
0.993287
0.959809
0.983853
1.00541
1.00376
1.00498
0.989621
1.00802
0.987384
0.992358
1.00665
1.02015
1.00209
0.998639
1.01644
1.00865
1.00009
1.01019
0.993987
0.99644
0.999452
0.983775
0.988398
0.995131
1.00288
0.983314
1.00577
1.00213
1.00873
1.01168
1.00367
0.99596
0.996668
0.981514
0.99391
0.998745
0.982031
0.984533
0.999135
1.00061
0.995814
0.993858
0.9972
0.983168
1.00841
1.01139
0.991076
0.992731
1.00276
1.00443
1.00779
0.99602
0.999108
0.983769
0.994769
0.993492
1.01758
1.00143
1.0055
1.00934
0.985276
1.01273
0.989837
0.99608
1.00984
0.986732
1.00238
1.01469
0.983235
1.00796
0.998239
1.0005
0.999141
0.999041
0.99139
1.01663
0.992538
1.01104
0.990402
1.02308
0.996959
1.01002
1.0028
0.998869
1.01427
0.997052
1.01147
0.996497
1.0019
0.984018
0.99373
0.989142
1.0006
1.0097
1.00538
1.01388
0.99912
0.994774
0.994109
1.02001
1.0105
1.02107
0.997434
0.988574
1.00567
1.0093
1.01045
1.00049
1.00996
0.997052
1.00513
1.00691
0.987914
1.00248
1.02571
0.997512
0.995547
1.02103
1.01887
0.983949
0.98659
0.997831
1.00847
0.993541
0.986536
0.983555
1.00929
0.996428
1.00118
1.01478
1.01231
1.01104
1.0009
1.00367
0.997364
1.00307
0.983723
1.00527
0.990929
0.998812
0.993285
1.0071
1.01639
1.01005
1.00603
0.989267
1.00335
0.993223
0.978783
1.02551
0.997901
0.972749
0.999192
0.99498
0.991805
1.00875
1.00604
1.00514
1.01732
1.01118
0.989127
1.00912
1.00414
1.0005
1.02425
0.996334
0.975034
1.0078
0.988944
1.00178
1.00612
1.01154
1.00814
1.01376
0.990292
0.990047
0.992607
1.00054
0.98601
1.02134
1.00632
0.994684
1.00794
1.00485
0.995921
0.987451
1.01172
1.00592
1.00158
1.01012
1.01198
0.990139
0.988923
0.990341
1.0118
1.00083
0.982365
0.997975
0.993199
1.01471
1.00329
1.01229
1.00489
0.981552
1.01324
0.990822
0.997708
1.00757
1.01924
1.00269
0.992986
1.01351
0.983501
1.00023
1.01279
0.993744
1.00374
1.00875
0.998988
1.01099
0.991558
1.00699
1.00564
1.00592
0.986135
1.00383
1.00471
0.986884
1.01192
1.01728
0.996612
1.00422
0.974385
0.983084
0.999853
1.00333
0.99439
0.982013
1.00077
0.979474
0.999232
0.995328
1.01405
0.997207
1.00445
0.992233
0.981544
0.998429
0.980676
1.01126
0.989165
1.00514
1.00196
0.99172
0.991561
0.997375
1.00766
0.988785
1.00755
1.00395
1.00865
1.00496
1.00331
0.999612
1.00209
1.00296
1.01826
1.01467
0.986867
0.997126
0.989933
0.990845
0.993334
0.998567
1.01006
0.988564
1.01147
1.00227
1.00071
0.984181
1.00731
1.01003
0.997283
0.989568
0.999103
0.993364
0.980876
1.00393
1.00228
1.00637
0.991284
0.99178
1.00351
0.986787
1.01387
1.01167
1.00546
1.00694
0.985133
1.00316
0.99756
0.998776
0.991286
0.99267
1.01081
1.0001
1.00631
1.00551
1.00565
1.00463
1.00521
0.990101
0.982308
1.02056
0.993362
1.00194
1.00538
0.993168
0.998923
0.99217
1.00342
0.992869
0.993269
1.01529
1.0003
1.00859
0.988029
0.996486
1.00052
0.993928
0.998442
1.0043
1.00787
1.00471
0.984249
0.990231
1.00772
1.01911
0.975399
1.02208
1.00907
1.00077
0.998585
0.971329
0.999
1.00972
0.995033
1.01431
0.999673
0.989956
0.9931
1.01755
0.989224
0.996022
0.992354
0.991334
0.993858
1.00006
1.02099
0.989385
0.990627
1.01739
1.00387
1.02782
0.988008
0.991845
0.986279
0.999791
1.00819
0.998013
1.01084
1.00066
1.0053
1.01505
1.0089
0.992554
0.996949
1.01848
0.996068
1.01282
1.00487
1.00193
0.992879
0.987224
0.986626
1.00646
0.999681
1.01548
1.00152
0.998272
1.01878
1.01315
0.986281
1.00341
0.995966
0.995913
0.984249
0.984703
1.01282
0.995204
1.00295
1.00047
0.989524
0.993912
1.0133
1.01162
0.999109
1.01068
0.993224
1.01285
0.992846
1.0115
0.998844
1.01638
0.997516
1.00306
0.99046
1.02896
0.997383
1.0075
1.0026
0.985464
1.00536
1.0155
1.00698
0.999951
0.988856
1.00043
1.02214
0.997422
1.01463
1.00522
1.02123
0.977703
0.997563
0.994767
1.00196
1.00145
0.999023
1.00109
0.996822
0.99523
1.00329
0.987437
0.993775
1.00178
1.00089
0.996363
0.993964
0.992294
0.98942
1.00033
1.00829
0.984158
1.02373
0.995523
1.00104
0.988662
1.01204
1.0138
0.976626
0.995935
0.991818
1.02054
0.991353
0.994934
0.995825
1.01505
1.0234
1.00358
0.984482
1.00141
1.00031
0.990783
0.992647
0.991693
1.00468
0.996194
1.00691
1.00824
0.997253
1.00725
1.01527
1.02446
1.00216
0.997007
1.02253
1.02194
0.990989
1.00245
1.02169
1.01018
0.965157
1.00036
0.996518
0.986939
0.990418
1.01731
0.999078
0.981539
0.990046
0.985485
1.01298
1.01626
0.996203
0.981754
1.00322
1.00798
0.978729
0.986594
1.00998
0.989249
0.991408
1.00584
1.00003
0.977949
0.991042
1.00941
1.00543
0.98284
0.988905
1.01355
0.997899
0.997052
1.00897
0.989337
1.01268
0.98143
0.979631
0.999428
0.981268
1.00398
0.985334
1.00489
1.00002
1.00837
1.00834
1.00272
0.996134
1.01924
1.01569
1.01892
1.0195
0.990487
0.983468
0.994883
0.974737
1.0074
1.00117
0.986001
0.979611
0.982746
0.992556
1.01295
0.995243
0.993427
0.995884
1.00171
0.991807
1.00257
0.994596
0.995948
1.01181
0.986971
0.992548
0.998973
0.993504
1.01867
0.980084
1.01152
1.01392
1.01635
0.992204
0.998053
1.00222
1.01396
1.00525
1.01648
0.998549
1.00583
1.00497
0.998661
0.992386
0.993966
1.0006
0.991215
0.997413
0.987365
1.01475
0.978282
0.992063
0.990828
0.98804
1.00782
0.98897
0.997758
0.992157
0.99418
1.00116
1.01763
0.997021
0.975812
0.990871
0.987622
1.00352
1.02577
0.994597
1.00927
1.00607
0.995354
0.990855
0.995162
0.996927
0.978224
1.01378
0.999079
0.998009
1.0016
1.02743
1.01182
0.995297
0.994355
1.02026
0.99592
0.998053
0.996878
0.999111
1.0087
0.995944
0.985817
1.00649
1.01083
0.984678
1.01181
0.993108
1.01103
0.986009
1.01225
0.988386
1.00505
0.99047
0.9983
0.984281
1.01055
0.993012
0.984573
1.01073
0.997708
0.995134
1.02364
0.984469
0.998618
1.00485
0.995497
1.00663
1.00193
1.01193
0.985919
0.987545
0.983646
1.01623
0.990757
0.982599
1.00403
0.995302
0.993826
0.999853
0.997736
1.00257
0.980882
1.01185
0.991404
0.992625
1.00653
0.998804
0.991134
0.984111
1.00336
1.00001
0.988563
0.99354
1.01174
1.00117
0.99805
0.979095
1.00677
0.986072
0.987028
0.973244
1.01966
1.02389
0.996084
0.999451
1.01413
0.992747
0.978932
0.998145
1.01182
0.999711
1.00622
0.990094
0.974055
0.98574
1.01827
0.995302
1.00446
1.02415
0.997175
1.00727
0.998047
1.00804
1.0161
1.02294
0.993501
0.986951
1.00678
0.989435
0.963562
0.9773
1.00393
1.00609
1.00641
1.00534
0.978658
0.990287
0.997363
1.00455
0.978487
0.996067
1.00523
0.999553
0.99871
0.981295
1.00639
1.0041
0.988287
0.996613
1.01361
1.00367
0.989723
1.00304
1.00733
0.979774
0.994599
1.00424
1.01616
1.00204
1.00342
1.00222
1.02094
1.01234
1.00492
1.01184
0.995603
0.981606
0.987644
0.99955
1.0049
1.00059
1.01266
1.01123
1.01645
0.99033
1.01409
0.978738
1.01616
1.0044
0.994873
1.00157
1.00318
1.01897
0.989704
0.992173
0.99813
1.00949
1.00289
0.995547
0.994292
0.988316
0.998505
0.987553
1.00476
1.01018
1.01289
1.00901
0.988926
1.00226
1.01546
0.994134
0.999766
0.995593
0.969278
0.98706
1.01252
0.997041
1.00281
0.997827
1.00983
0.99994
0.997985
1.00351
1.00234
0.984947
0.988411
0.999966
1.0077
0.996491
0.989367
0.985833
1.01129
0.997965
1.01131
0.990708
0.992731
1.003
0.99383
0.994902
1.00919
0.995716
1.00347
0.989957
1.01575
1.01049
0.992546
1.01342
1.01425
0.972907
0.988311
1.01912
0.996511
0.99407
0.991644
1.00232
1.00838
0.992205
0.988649
0.996808
1.00241
0.988909
1.00801
0.993898
0.987959
1.0105
1.02331
1.02339
1.00015
0.990097
1.01262
0.988488
0.993853
1.01815
0.970889
1.00768
0.996702
0.992462
1.01875
1.01726
1.00654
0.996226
1.0154
0.997142
1.01488
0.993713
0.988016
1.00542
1.01402
0.981928
1.01334
1.00042
0.996298
1.00368
1.01388
1.00197
1.00095
0.977641
0.990818
1.00439
1.00025
1.00996
1.00166
1.00973
0.996169
0.979543
1.00439
0.990709
1.01542
1.0027
1.00793
0.994529
0.978531
0.983536
1.00714
1.00389
0.997864
1.00196
1.00085
1.01479
0.999451
1.01021
0.981433
0.995066
1.02328
1.02029
1.01656
0.99816
0.983583
1.00817
0.997645
1.01585
1.03133
0.989885
1.0062
0.995777
0.99466
1.00158
1.0107
1.00561
0.972014
1.00706
0.990496
0.996013
1.00322
1.01017
0.986182
1.0097
1.00788
0.995059
1.00202
1.00155
0.996708
1.00242
0.990592
1.00103
0.982412
0.996017
1.01882
0.996491
1.00275
0.968255
0.995822
1.00441
0.998801
0.998218
0.9886
1.00326
1.00064
0.989805
0.9923
0.98516
1.00451
1.00753
0.986712
0.995979
0.987185
0.999674
1.01256
1.00539
1.0084
1.01363
1.00568
1.00354
1.00054
0.983842
1.00351
1.02022
1.01774
0.997466
0.991315
0.990078
1.01434
1.00606
1.0016
0.998681
1.00052
0.999842
0.979993
0.995282
0.985181
0.996199
0.986036
0.997777
0.986176
0.994804
0.988139
0.997132
1.00619
1.01472
0.98213
1.01213
0.994902
0.997309
0.995235
1.01448
0.994276
1.00378
0.985266
0.999711
0.991415
0.97852
0.990662
0.992585
1.00489
1.00454
1.01167
0.979086
1.00939
1.00514
0.994013
0.987165
1.00137
0.994305
1.00153
1.01556
1.00734
1.01084
0.998217
1.00752
1.00857
1.01745
0.994817
1.02045
1.00281
0.995465
1.00914
1.00907
1.00506
0.993467
0.992852
0.986459
0.990598
1.00001
0.989953
1.00225
0.988337
1.00148
0.99163
0.977914
1.0158
1.00575
0.988611
1.00717
0.991544
0.997938
1.00198
1.00946
0.990738
1.00191
1.00189
0.983205
1.01732
0.990968
0.98868
0.989439
0.998527
0.9991
1.00578
0.99202
0.997659
0.97313
1.00082
0.997474
1.01327
0.989555
0.982492
1.01646
1.01446
0.994445
1.01322
1.00748
1.02033
1.00854
1.00382
1.04029
0.997286
0.990439
0.99555
1.01259
1.00203
0.996201
0.99328
0.973363
1.00094
1.00165
1.01072
0.990537
0.987735
1.00104
0.997654
1.00101
0.997629
1.00071
1.00515
0.997055
0.999444
1.00012
1.00032
1.01531
0.98602
0.993598
1.01412
0.995354
1.00358
1.00948
0.995875
1.00475
1.00588
0.991341
0.967433
1.00812
1.0177
1.00525
0.98968
1.00951
1.01496
1.02012
0.99564
1.01176
0.987939
1.00822
1.00464
1.00847
0.989713
1.00955
0.988636
1.00082
0.99204
0.986687
0.991458
0.992125
1.00311
1.0054
0.989301
0.992201
1.00285
1.01871
1.0038
0.984765
1.00856
0.985585
0.973034
1.00868
1.00897
1.00451
1.00436
0.972155
1.01451
1.01295
0.994828
1.00692
0.99893
1.00904
1.00844
1.00666
0.9807
1.00412
0.997379
1.0099
0.976812
1.02381
0.993306
0.989909
1.0027
0.989711
1.00537
1.0078
0.994953
0.970652
1.02924
1.01366
1.0173
1.0085
1.01382
1.00814
1.00115
0.98499
1.00667
1.00016
1.02083
0.995681
1.0007
0.997352
1.02051
0.989691
0.990544
0.988492
1.00322
0.983968
1.00898
1.00984
1.00127
0.996792
1.00112
1.01257
1.00837
1.00167
0.995042
1.01924
0.99607
1.00202
1.01566
1.00654
1.0318
0.996444
1.00528
1.01128
1.00235
0.999194
1.01021
0.986451
1.00333
0.998954
0.992825
0.991414
1.00514
1.0043
1.00501
0.988803
1.01106
1.0039
0.994653
1.01228
0.994492
1.00552
0.989745
1.02032
0.993629
0.995533
1.01674
1.00947
0.997592
1.00606
1.01658
1.00551
0.996909
1.00561
1.0241
1.00827
1.00059
1.00024
0.984339
1.00317
0.982858
0.976548
0.989626
1.00354
1.01817
0.999027
1.00651
0.984434
1.02119
1.00777
1.0016
1.00753
0.984407
1.00542
0.999413
1.00569
0.997863
1.00936
1.00492
1.00551
1.01719
1.01267
1.0136
0.997115
0.99722
1.01208
0.995419
1.00915
0.986011
1.00157
1.00409
0.997891
0.977354
0.995035
1.00237
1.00057
0.987262
0.992066
1.00471
0.993233
1.01292
1.00928
1.02424
0.985763
1.0105
0.991051
0.996953
0.99118
0.995553
0.992658
1.00823
1.0064
1.00242
1.00461
0.997333
1.01077
0.992183
0.99809
1.00343
0.996801
1.00342
1.00444
1.02006
0.994163
1.00768
0.99262
0.997846
0.991688
1.02739
0.999367
0.992761
1.01131
1.0247
0.99277
0.984314
0.995587
1.00506
1.00666
0.998311
1.00288
1.01363
0.997856
1.0085
0.988685
1.00406
0.99439
1.01004
0.98762
0.991112
0.978618
1.0126
0.973653
0.998132
0.998664
0.973105
0.995593
1.02023
1.01805
1.00353
1.002
1.00289
1.00604
0.995606
1.01248
1.00355
1.00842
1.02288
0.99611
0.996322
1.02253
0.992097
1.00123
0.998453
0.993971
1.01975
0.980328
0.990296
0.974086
0.997705
1.00216
1.00739
0.986694
0.972859
0.997588
1.01399
0.977123
1.00132
1.00461
0.99088
1.00058
0.988659
0.993074
0.984563
0.999339
0.997187
1.00807
0.979383
0.993883
1.01108
0.991623
1.00817
0.979807
0.988296
1.00327
1.00743
0.992163
0.997834
0.998204
1.02056
1.00842
1.01283
1.00526
0.985996
1.0015
0.993094
1.01149
1.0172
1.02122
0.989439
1.00627
0.999203
1.00607
1.00529
0.984511
1.00058
0.998078
0.993199
1.01053
1.01494
1.011
0.998598
0.999075
0.992123
1.01461
1.00287
1.00919
1.00619
1.01124
0.995659
0.983801
0.985173
1.0115
0.998063
1.00609
0.994694
1.01157
1.00526
1.01369
1.00839
0.990988
0.995552
1.00018
0.995171
1.00693
0.975096
0.987914
1.01021
0.999032
0.980811
1.00673
1.01305
1.00513
0.988748
0.989731
0.996439
0.98671
1.01152
1.02288
0.987804
0.997898
0.996639
0.978539
0.986942
0.981128
0.984482
0.989289
1.01021
0.992584
0.999254
1.01249
1.00033
0.992361
1.01194
1.00014
1.00422
0.989872
0.995004
1.01143
0.980243
1.01609
0.994936
0.986048
0.982947
0.994644
0.981441
1.01154
1.00415
1.0181
0.978589
1.01304
0.984745
1.00008
1.01003
1.00349
0.992808
1.01379
1.01482
1.01773
1.00153
0.986013
1.01941
0.995214
1.01638
0.965762
1.00394
0.992883
0.979102
1.01211
0.980062
1.00088
0.986286
0.988239
1.01008
1.00129
0.989618
1.0148
1.009
0.996326
1.00642
1.00543
0.998344
0.989397
0.99274
0.984321
1.0202
1.0229
0.990247
0.986396
0.994501
1.00446
1.00512
1.01526
1.00094
1.00718
1.00598
1.00763
0.998402
1.00145
0.993427
0.999631
0.985642
0.992609
0.997794
0.984871
1.02007
0.992799
1.00376
1.01226
0.99603
0.985458
1.00395
0.992167
1.01525
0.990073
0.984635
1.0087
0.993292
1.01186
1.00839
1.01177
0.997898
1.00318
0.986657
0.993511
1.01514
0.992614
0.996663
0.982632
1.00314
0.976602
1.01148
0.992393
1.00103
0.99402
0.994943
1.00808
1.01422
1.00243
0.996193
0.982899
0.986813
1.00448
0.989822
1.00741
1.02002
0.997254
1.0165
1.00342
0.992837
1.00664
0.979709
1.00985
0.994484
0.990235
1.00019
1.00749
0.99209
1.00902
0.995412
1.02561
0.984544
1.01402
1.00999
0.985303
0.984729
0.99369
0.995382
1.00113
0.987945
1.0037
0.997026
1.00081
0.989152
1.00879
0.98976
0.996797
1.01233
1.00835
0.996304
1.01206
0.998929
1.01065
1.02123
1.00082
1.00436
0.987947
1.00818
0.985336
0.996763
1.01389
0.992508
1.00516
0.987393
1.00747
0.995934
1.00982
1.00419
1.01291
0.985199
1.0005
1.00603
1.00836
1.00335
0.999516
0.993324
0.996661
0.993219
1.00432
1.00618
0.996807
1.00425
1.00017
1.00828
0.984277
0.97808
0.999039
0.99765
1.00076
0.989169
0.982108
1.00549
0.992376
0.994393
0.990568
1.00138
0.986877
0.997004
1.01007
0.991602
1.00592
0.985853
1.01314
0.985925
0.98027
1.00862
0.987421
0.99856
1.00845
1.00159
1.00938
0.994756
1.00962
0.987445
0.983099
0.99432
1.00191
0.998882
1.00892
1.00595
1.02318
1.00951
0.980654
0.997555
0.996193
1.00666
0.988439
0.997276
1.01058
0.99117
1.00921
0.978909
0.987458
1.00704
1.01147
0.992518
0.995505
0.994134
0.992692
1.00229
0.998096
1.01068
1.00549
1.01399
0.989596
0.999343
1.0147
1.00753
0.996604
1.00255
0.974986
1.00506
0.993888
1.00032
0.996591
1.00393
1.0027
1.00641
1.01176
1.0038
1.01395
0.985802
1.00873
1.00389
1.00487
0.984475
1.02565
0.976545
1.00452
1.01274
1.01709
0.991811
1.00659
1.0032
1.00787
0.99148
0.974213
1.00324
0.997515
1.01031
0.999948
0.996098
0.996494
1.00906
1.01307
0.999995
0.987651
1.001
0.984359
0.996629
0.991972
0.99471
0.99613
0.992529
1.01099
1.01859
0.995906
0.998757
0.989067
0.988118
0.997073
1.0141
0.995945
1.01471
0.994979
1.01593
0.986658
0.976082
1.01763
0.991835
0.999946
0.989652
0.991397
1.01303
0.986076
0.986596
0.985627
1.0035
1.01519
1.01214
1.0095
1.01145
1.02465
0.989538
0.987032
0.98545
1.01064
1.0087
1.01931
0.979822
0.993807
0.981637
1.01613
0.996134
0.990079
0.986721
1.00898
0.989568
0.984862
0.985547
1.00049
1.01969
1.01117
0.993609
0.994944
1.00172
1.0174
0.993879
1.00196
1.00486
1.01055
0.990364
1.00877
1.00195
0.997329
0.988154
1.00997
0.995173
0.994696
0.991573
0.999317
1.03046
0.988298
1.00647
0.997266
0.989464
0.999423
1.01972
1.01247
1.00802
1.00183
0.989364
1.01038
1.01083
1.00609
1.01713
1.00725
1.01145
1.00455
1.00146
0.990878
1.01094
1.00833
0.996643
1.00363
1.00412
1.00013
0.980721
0.988781
1.00274
1.00551
1.00242
1.00353
0.988585
1.00098
1.00729
0.992931
1.00177
1.00617
1.01866
1.00119
1.01099
1.00911
1.00165
0.996679
0.990512
0.985729
0.996146
0.975856
1.00378
0.999247
1.00027
0.994974
1.00902
0.971802
0.986416
0.997098
1.00335
0.987475
0.990783
1.00749
0.991675
0.9934
1.01352
0.988936
1.00406
1.00772
1.00909
0.993386
0.987324
1.00162
1.00089
0.999827
1.00463
0.991257
1.0114
1.0095
0.986933
1.01183
0.994992
1.01215
0.990906
0.988539
0.984441
0.996577
0.98236
1.00875
0.993981
0.987866
0.999058
1.01073
0.99093
1.00343
1.00204
0.988439
0.984625
1.001
0.988533
1.00483
1.00168
0.998655
1.00464
0.984572
0.988621
1.01111
0.989338
1.00137
1.00043
1.01372
0.998269
1.01642
1.01488
1.00185
1.01388
1.00827
1.00623
1.00186
0.979518
0.989223
1.00873
1.00421
1.01605
0.997755
1.00711
1.00858
1.00624
0.996659
0.998488
1.0129
1.00046
1.0056
1.0005
0.996658
1.01408
1.00694
1.01182
0.992014
1.00324
0.991057
0.999815
1.00039
0.995876
1.00384
1.00808
0.998805
0.995233
0.984956
0.996814
0.999991
1.00964
0.987878
1.00683
0.982083
0.981661
1.00762
1.01087
0.992143
1.00341
1.00484
1.00824
0.999851
1.00105
1.02082
1.01342
1.01523
0.986783
1.02557
0.993428
1.01135
1.00542
1.01986
1.00941
1.0097
0.991297
1.01755
1.0058
0.99261
1.00053
0.995748
1.00475
1.01504
0.991936
1.02818
0.993231
1.01773
1.00206
0.986521
0.996117
0.998301
1.00584
0.993143
1.00142
1.00891
1.01517
0.997415
0.983037
1.00218
1.00962
0.987868
1.00089
0.991286
0.98937
0.982218
0.992014
0.990751
0.994379
0.991101
0.985958
1.01312
1.01016
0.992277
0.990666
1.0076
1.01217
0.997941
1.00066
0.998902
0.977953
1.00454
0.988223
0.992982
1.01733
0.998589
0.99099
1.00233
1.00713
0.995243
0.992299
0.998107
0.982196
1.00636
1.01311
0.995605
0.992972
0.998631
0.985006
0.988133
0.996107
1.00413
1.01311
0.992198
1.01583
0.990528
1.00909
0.994346
1.00953
1.00002
0.989171
0.996295
0.991483
1.00394
1.01231
1.01345
1.02074
1.00815
1.01782
1.01822
0.982197
1.00489
0.995574
1.00277
1.00104
0.98857
1.00359
1.00069
0.996682
0.988861
1.00288
1.00156
1.00017
1.007
0.990259
1.00169
1.01188
0.995456
0.997058
1.0128
0.989406
0.986703
0.988928
0.991732
0.998846
0.986645
0.993182
1.00594
1.00462
1.00513
1.01228
0.989672
0.993513
0.980535
0.990764
0.980582
1.00618
0.973528
0.99393
0.988014
0.996079
0.996976
0.997896
1.00204
1.00278
1.00432
1.00077
1.00539
1.00453
1.0035
0.984901
0.987587
1.0106
1.00041
1.00203
1.01731
0.997548
0.995961
1.01014
0.992464
1.00245
0.994759
1.00612
1.0009
1.00747
1.00006
0.992806
0.996033
1.00981
0.995054
0.979883
1.00281
0.999801
0.997014
0.991962
0.992664
0.994353
0.9856
1.00051
0.989849
0.97199
1.00068
1.01199
0.973671
0.988763
1.01046
1.02211
1.00291
0.998293
0.999653
1.00573
0.988407
1.00214
0.998348
0.991605
0.987865
0.979446
0.99368
1.00514
0.991754
0.987935
1.01101
0.977079
0.996147
1.00611
0.981546
1.01185
1.00929
0.985685
0.999858
1.00619
0.984658
1.00761
1.00239
1.01195
1.01983
0.978737
0.990478
1.00478
1.01361
1.01142
1.01683
1.01859
0.987342
1.02691
1.00447
0.990374
0.993544
0.999784
1.01191
1.01295
0.993422
1.00872
0.991578
1.01891
0.999349
1.00227
0.997745
1.00196
0.980628
1.01378
0.986935
1.00581
0.99968
1.00586
0.996059
1.01061
1.00575
0.99917
1.02519
1.01002
0.999657
1.01299
1.00609
0.999074
0.991985
0.982681
0.986759
1.0206
1.00298
0.989537
1.01795
0.985524
1.01132
1.01128
0.982936
0.997268
0.999611
0.996423
1.00107
1.00256
0.979611
0.99311
1.00435
0.988933
0.986875
0.990819
1.01481
0.984496
1.01165
1.01564
1.0152
1.01756
0.995204
0.976391
1.00911
1.01643
0.988465
0.998396
1.01403
0.995202
0.990317
1.009
0.990802
0.983508
0.991995
0.988086
0.995051
1.01827
1.00291
0.975154
1.00141
1.0009
1.01021
1.01272
1.00061
0.992812
0.996359
1.00811
0.987565
1.00696
1.01022
1.00258
0.998743
0.975297
0.983693
0.996357
1.02167
0.981807
0.996141
1.00365
1.00691
0.996717
1.00123
0.991635
0.975161
1.01306
0.996678
0.998187
0.993605
1.00021
0.996109
1.01997
0.998406
1.01025
0.987764
0.987787
0.993923
1.00085
1.00452
1.00766
0.988756
1.00543
0.987128
1.00485
1.00604
0.98908
1.00567
0.998518
1.00999
1.00395
1.01313
0.999534
1.00011
0.990314
0.992808
1.00278
1.00307
1.00544
1.00749
0.987533
1.00179
1.0029
0.975176
1.00398
0.991592
0.976422
0.99087
0.996118
0.996726
0.979238
1.00143
0.981572
0.987251
0.980603
1.00939
0.993104
1.00073
0.991501
1.02286
1.0002
0.999048
0.994607
0.993314
0.988159
1.00346
1.01623
1.01586
1.00041
1.01449
0.992495
0.992342
1.00896
0.97921
0.989203
0.999519
1.01441
0.999104
0.998854
0.993303
1.00506
0.992461
1.00355
1.018
0.979688
0.987852
0.988762
1.00066
1.02181
1.00737
1.00462
1.00074
0.997168
0.999298
1.0091
1.00161
0.995337
1.01693
0.99662
1.00122
1.00569
0.99435
0.989511
1.01312
0.990464
0.989568
0.998939
0.995384
1.01677
0.986909
1.01555
1.0104
1.00826
0.98731
0.992442
0.983542
0.993303
0.994867
1.01989
0.993507
0.994903
0.99051
0.995008
0.998881
1.01284
1.00829
0.991351
1.00514
1.00303
0.9995
0.983722
1.01023
0.999099
1.01142
1.0135
1.00412
1.00095
0.993808
0.99925
0.986149
0.993868
1.00709
0.992138
1.00802
0.996904
1.00696
0.998318
1.01776
0.993727
1.00666
1.00415
0.990818
0.994541
1.01129
1.00961
1.00691
0.996512
1.00606
0.998444
0.98594
1.00393
0.989128
0.986912
0.992684
1.01887
1.00359
1.01592
0.993506
0.990781
1.00244
0.995062
1.00474
1.00973
1.0031
1.01623
0.992014
0.990803
1.00037
1.00576
1.01609
1.00046
0.991924
0.99762
0.991079
0.989227
0.989674
0.997512
1.00736
0.999688
0.988271
1.00302
0.99996
1.02035
0.983917
0.997998
1.00899
1.0061
0.994468
0.997476
1.00197
0.995771
0.99808
1.00671
1.01101
1.00397
0.990499
1.0128
1.00458
1.01668
0.977198
1.01656
1.00183
1.00109
1.00208
1.02675
1.01666
0.99438
0.997287
1.01978
1.00985
0.990912
1.00286
1.01115
0.991696
0.996274
1.00096
1.00476
0.996333
1.00045
0.989919
0.993984
1.02814
0.98075
1.0135
1.00379
1.0078
0.994637
0.994135
1.00203
0.992112
0.976725
1.02071
0.990301
0.981086
1.00048
0.983767
0.984526
0.994113
0.99179
1.02268
1.01549
0.991548
0.98771
0.995298
1.00659
1.00253
0.977836
0.989508
1.01392
1.00528
0.978169
1.01364
0.997841
1.00879
1.00114
1.00723
0.986997
0.994643
0.986764
0.994854
0.995354
0.996751
0.997155
1.0081
0.989397
0.995473
0.991123
0.98298
1.02632
1.00803
1.00033
1.00877
1.01194
0.991302
0.998595
0.995019
0.997475
0.984423
0.999074
1.00946
1.02769
0.988196
0.993125
0.991695
1.00759
0.996286
0.999404
0.995053
0.998465
0.989687
1.01202
0.997611
0.999794
1.00326
0.984202
1.00496
1.01467
0.987381
1.01479
1.00512
0.990125
1.00128
0.994695
1.01278
1.00046
1.0006
0.999891
1.0117
0.995996
1.01101
0.98218
0.997793
0.999762
1.01763
1.00431
1.00354
0.998788
1.00521
0.999454
0.999199
0.995781
0.991934
1.00402
0.994528
0.996965
0.988988
0.995663
1.0084
0.994352
1.01499
1.00252
0.992554
1.00467
1.0095
0.986824
0.983253
1.00802
1.00499
0.994367
1.02105
0.990269
0.990347
1.00074
1.0049
1.01876
1.01737
0.983471
0.999385
1.00275
0.987996
1.0088
1.01337
1.0017
0.999562
0.994357
1.01322
1.00753
0.995463
1.01964
0.999947
1.01303
0.977717
0.997319
0.999543
0.976587
0.99316
0.994391
1.01473
0.988035
1.00141
1.02764
1.00161
0.977068
1.0055
0.987557
1.00027
1.02457
1.01049
0.979941
1.02087
0.995962
1.02326
1.00234
1.00322
0.990325
0.995574
1.00922
0.992442
0.996809
0.995159
1.02188
1.01154
1.01925
0.987737
0.98934
1.02398
0.995223
0.989567
0.994023
1.01831
0.995972
0.999731
0.985965
1.00341
0.995417
1.0172
1.00969
1.00781
1.024
0.971397
1.00982
0.995178
0.997596
1.00326
1.02136
0.990797
1.00468
0.996315
0.987099
1.00572
0.999005
1.00321
0.998582
1.01269
0.996422
1.02089
1.00539
0.994645
0.982959
0.995654
1.01281
0.990725
0.998063
1.00149
1.0135
1.00935
0.983877
0.99309
1.0046
0.97582
1.00364
0.996326
0.997626
0.99619
1.01259
1.00564
0.989863
0.991559
0.999785
0.992958
0.996355
1.01083
1.01438
1.00713
0.995815
0.994304
0.999272
0.983814
0.982782
0.986009
1.00026
1.01368
1.00251
1.0069
0.99547
0.99393
0.99299
0.993571
1.01377
0.989424
1.01484
0.993068
0.991104
1.00648
1.00276
0.995164
0.996878
0.992655
0.996847
0.997521
1.00868
1.00085
1.00695
0.99529
0.98343
0.994172
0.979964
1.00057
0.991006
1.00198
1.00133
0.987172
0.985147
0.998269
1.01154
0.991398
0.986463
0.995039
0.978975
0.98764
1.01537
0.995907
1.02357
0.992845
1.00648
0.998298
1.00141
0.999277
0.995288
1.00228
0.983382
0.99093
0.985421
0.985302
0.995899
1.00002
0.996368
1.00567
0.98554
0.979027
0.999069
1.01443
1.02786
0.990337
0.997053
0.98113
0.980831
0.970601
1.00349
0.98593
0.995392
0.981369
1.00107
1.00127
0.98104
0.989775
1.00878
0.983136
0.988039
0.994647
1.0021
1.00951
0.997905
1.0023
1.001
0.991325
0.995081
0.986491
0.992341
0.980587
1.01468
1.00804
1.0022
0.98525
0.995516
1.00332
0.974131
1.00878
1.00785
1.00746
1.00847
0.996262
1.01225
0.994523
1.01335
0.994343
0.99462
0.989557
0.99534
0.979165
0.997234
1.00492
0.986497
1.02749
1.01137
1.01901
0.99862
1.00378
0.979606
0.993502
1.001
0.99301
0.977256
0.983878
0.988351
1.00019
0.98633
1.00644
0.993893
0.992212
0.999482
0.995492
0.97666
1.00516
0.987351
1.01048
1.0086
0.984538
1.00162
1.00042
1.00692
1.00356
1.00014
1.00597
0.99275
1.01414
1.00743
0.992181
1.00977
1.02075
0.990277
0.998781
1.00088
0.98969
0.993942
0.990182
0.982585
1.0203
1.00097
1.01819
0.972054
0.991624
0.997345
0.997129
1.01342
1.00156
1.00803
1.00098
1.00334
0.993019
1.01125
1.00963
0.998089
0.988679
1.00428
0.983992
1.00693
1.0136
0.990503
0.995085
1.00471
0.99281
1.01699
1.0028
0.985096
1.00028
1.00339
