1.03351
1.01962
1.01729
0.899898
0.992332
1.03081
0.937858
0.996159
1.0199
0.97511
0.989434
0.952167
0.985515
0.958765
0.981203
1.00899
1.04512
1.05228
0.976147
0.96096
1.0127
1.04107
1.04077
1.02033
1.03551
1.04315
0.953313
1.03645
0.99591
1.00093
1.02097
0.928603
1.03913
0.946387
1.00139
0.947458
0.973165
1.03273
1.03313
0.952855
0.938552
0.943943
1.04385
0.990422
1.03349
1.00462
1.00518
1.04121
0.981679
0.890396
0.992632
1.03199
1.06794
0.963562
0.996809
1.00282
0.949041
1.01616
0.988154
0.977152
1.01198
1.05451
0.994456
0.912344
0.98584
1.03614
1.01168
0.962995
0.951517
0.972607
0.995736
0.992955
0.975035
1.1101
0.987532
0.981651
0.954023
0.973782
1.02373
1.00613
0.990241
1.0324
1.03531
0.944884
0.976642
1.02372
1.10061
1.04402
0.989078
1.02174
1.00877
0.950745
0.974923
0.998341
0.929389
0.950478
0.957157
0.990299
0.99858
1.05755
1.03624
1.01884
0.973165
1.03961
1.11042
0.952993
0.898136
0.971323
1.05154
0.994337
1.06987
1.05156
1.0253
0.972247
0.999125
1.06674
0.960748
1.00632
1.0218
1.03967
1.03257
1.03826
1.05558
0.967441
1.02205
0.993031
0.976689
0.993557
0.973862
1.00569
1.04915
0.973128
0.92196
0.968946
0.956649
1.0188
1.05469
0.978574
1.06216
1.01835
0.98191
0.990378
1.01122
1.01927
0.971828
0.960143
1.09237
1.0199
1.04589
1.03328
0.944484
1.0458
0.962755
0.964886
1.01646
0.966094
1.0493
0.995031
1.04124
1.03005
1.04242
0.975203
0.999399
1.0559
0.981961
0.941872
0.961925
0.990033
0.991836
1.01304
1.05389
0.952214
1.02958
0.937391
0.966779
1.0169
1.11428
0.958744
1.04733
1.03388
0.994554
1.02838
0.981174
1.01582
1.01671
0.989816
1.02685
0.927371
1.05357
0.941056
1.03808
0.994681
0.9838
0.983765
0.982982
0.990978
1.05468
0.951853
0.98956
1.04427
0.987795
0.998214
1.01735
1.03023
0.96796
0.986149
1.06516
1.01831
1.01725
1.01658
0.996645
1.02014
0.943884
0.989496
0.99258
1.01898
1.01392
0.979825
1.00815
1.046
0.976727
1.02753
1.01897
0.972404
1.05347
0.968074
0.971498
1.04298
0.984137
0.958499
0.972796
0.973928
1.01558
0.916943
0.976866
1.00638
1.06318
1.03353
0.971002
1.03614
0.971871
0.966448
1.0308
0.952342
1.02472
1.05274
0.988401
1.01669
1.00238
0.956867
0.983367
1.0897
0.996372
0.96747
0.958978
1.01359
1.04382
1.01026
1.0053
1.05529
0.953691
0.983416
1.0349
0.998229
0.891183
0.981628
0.977527
1.006
0.989541
1.0522
0.979376
0.96967
0.996184
1.045
0.999565
0.942498
0.994081
1.0002
1.02012
1.01355
1.02717
1.01365
0.965181
0.965609
1.03959
0.961454
0.997251
0.993145
0.947841
1.03403
1.01917
0.927571
1.0241
0.9762
1.05099
1.02374
0.99353
1.00349
1.06323
0.961628
0.982702
0.984968
1.03474
1.01042
1.06765
1.00639
1.011
0.985396
1.00659
0.9842
0.934177
0.957085
0.978449
0.957461
1.0068
1.03439
1.02915
1.03745
1.06481
1.01499
1.08862
0.953874
0.995129
1.01206
1.03293
1.06416
0.990107
0.924282
0.967787
0.997905
1.03571
0.992744
1.00196
0.983951
1.0217
1.03553
1.07587
0.993636
1.06647
0.947682
0.976568
0.962557
0.937504
1.04228
1.01212
0.9929
0.969895
1.02022
0.94698
0.946608
1.03269
0.98033
1.05498
1.01335
0.994013
1.02882
0.975487
0.962487
1.04686
1.01162
1.03364
1.04061
0.982695
1.04299
1.00182
0.901565
0.968376
1.03111
1.00128
0.932711
0.969788
1.01865
1.02364
1.03542
0.956384
0.955035
1.01733
1.00409
0.983971
0.994496
1.00015
0.997149
0.963578
0.9017
1.0433
0.96974
0.968991
0.930123
1.01097
0.998617
0.991062
1.02548
0.963123
1.08047
1.01517
0.993851
1.04778
0.976139
1.05384
1.02923
0.984693
1.00229
1.01271
0.967878
1.06065
0.927762
1.01603
0.980992
0.945717
0.963675
1.00626
0.963333
0.995558
0.995345
1.03033
1.02144
0.974234
0.977919
1.0284
0.960986
1.03407
0.945871
0.995843
0.993707
0.972647
0.942136
1.02596
0.964584
1.02809
1.021
0.961254
0.972006
0.989585
1.03471
1.03489
0.997541
1.04731
1.02985
1.0191
1.0118
1.01104
0.99216
0.995478
1.03286
1.01046
1.02975
0.96655
1.04826
0.98893
0.955564
1.01136
0.99939
0.952746
1.00026
1.00583
0.969437
1.04958
0.949423
0.973549
1.07084
1.03453
0.96621
1.08553
0.996586
0.993965
0.919545
0.946116
1.01446
1.02068
0.966753
1.00442
1.07803
0.965971
1.03825
0.974315
1.01103
1.0094
0.990904
1.0684
1.00572
1.02586
1.00331
1.01214
0.983207
1.00141
0.999205
0.97469
1.01482
1.03784
1.0784
0.973951
1.04849
0.969613
1.05268
1.00248
1.02317
1.06739
0.982359
1.01839
0.974452
1.01136
1.09212
0.959454
1.02396
1.03544
0.969838
1.03666
1.01451
0.939375
0.968004
0.99007
1.00465
1.02557
0.962923
0.994341
0.97788
1.07474
1.0007
1.02888
0.965205
1.02221
0.996485
0.980011
1.02818
1.0427
0.984417
0.948019
1.00846
1.01947
0.975484
0.966995
1.06313
0.98442
0.990024
1.04093
0.964254
0.940212
0.983063
1.00924
0.988528
1.02949
1.00789
0.960571
1.05736
1.00118
0.972802
0.97053
1.00594
1.00221
1.05878
1.01866
0.987064
1.08529
0.948738
1.01194
0.969354
0.98564
0.937087
0.911505
1.04803
0.988714
0.935706
0.957554
1.00933
0.987617
1.00063
0.926534
0.986209
0.983354
1.03208
0.991928
0.988709
1.00571
0.973127
0.997978
0.97887
1.02545
1.00051
1.02231
0.998307
1.00691
0.94992
1.00564
0.926781
0.960909
1.0136
0.984248
0.984857
1.00304
1.05737
0.979305
0.99068
0.946732
0.986839
0.98737
0.981017
1.00143
0.97224
1.04465
1.0119
0.926828
0.993058
1.0575
1.02194
1.05437
0.944208
1.02923
0.970387
1.09246
1.00849
0.9518
0.981897
0.964343
1.02168
1.09157
0.951118
0.981454
0.960293
1.02408
1.01239
0.986091
0.966685
0.978851
0.977821
1.04985
1.03653
0.960514
0.944488
1.02448
1.05972
0.981864
1.06025
0.960989
0.998319
1.00267
1.05336
1.04837
1.02298
1.05455
0.990821
0.96533
0.974158
0.989933
0.933099
0.981615
0.946487
0.95057
1.0484
1.02694
0.961087
0.995544
1.02187
0.999345
1.00254
1.02045
0.912102
1.03415
1.02221
0.976501
1.0385
1.02428
0.979663
1.00719
1.04231
1.00486
0.985566
1.02048
1.02135
0.99781
0.948403
1.05262
0.935301
1.03631
1.00886
1.00085
0.997671
1.0264
1.03609
1.00175
1.02002
1.03773
0.984508
0.935255
0.993563
0.958243
0.990232
1.05219
1.08917
1.08526
0.96286
1.00761
0.933734
0.999021
0.95939
0.999478
0.944949
1.03383
0.983432
1.07259
1.02065
0.974299
0.999236
1.04018
1.04118
1.01291
1.02246
0.997337
1.00211
0.989248
0.991544
1.00625
1.0435
1.02581
0.980051
0.930877
0.99308
0.989578
1.00249
0.999381
0.998975
0.9387
0.974333
1.01444
0.9855
0.961045
0.9723
1.0301
0.973187
0.999525
1.003
1.06124
0.978591
1.03011
0.978006
0.924629
0.986219
0.991695
1.00148
0.999524
1.01542
1.0187
1.0432
1.07333
1.03659
0.98989
0.94982
1.03014
1.03315
1.0009
0.976836
1.07
1.00849
1.02492
0.990384
0.974874
0.983287
1.07375
0.95051
1.0033
1.00728
1.02167
1.01876
1.00289
0.952274
1.03072
0.956364
1.00301
0.993711
1.00355
0.971483
1.01464
0.990809
0.989873
0.994588
0.987513
0.972114
1.04332
0.967058
0.977147
0.972363
0.966578
0.98792
0.975025
0.995348
0.967477
0.988594
0.977624
0.977257
0.966971
1.02579
0.982862
0.993054
1.01544
1.02091
1.02148
0.995822
1.02269
1.01434
0.924493
1.04479
0.996277
0.961948
1.03734
0.962501
1.00583
1.00884
0.997031
0.939288
1.03991
0.952533
0.995645
0.998004
1.02179
0.982421
0.962038
1.01748
0.965062
0.99974
1.02795
0.986591
1.0019
1.06568
1.00516
1.00753
1.05252
1.00751
0.989805
0.986712
1.07794
1.01365
1.022
0.999053
0.952598
1.09088
1.07659
0.982377
0.940131
0.986636
0.968082
0.992213
0.975888
0.953207
1.04455
1.01963
1.00253
1.01296
0.937669
1.0293
0.981837
1.02685
0.909013
1.08334
1.04085
0.9501
0.964585
1.03932
1.00202
0.986306
1.03712
1.03358
0.975569
0.969086
1.00853
1.03944
0.975596
0.995195
1.01626
1.00763
0.948191
1.02463
1.00254
1.02307
0.947188
0.894473
0.994882
0.928513
1.04602
1.0233
0.975432
0.894486
0.996018
1.03109
0.969012
0.982981
0.955059
1.01989
0.940673
0.96634
0.955816
0.994255
0.995023
0.996895
1.0153
1.00822
1.02311
0.963679
1.02454
0.986085
1.02243
1.00118
0.973506
0.980464
1.02371
0.959184
0.973719
0.967799
0.994617
1.04672
0.92377
0.965053
0.979914
1.0078
0.987325
1.03784
0.978377
0.998899
0.987639
0.99378
1.01488
0.986066
0.963319
1.00771
1.03971
1.06044
0.977225
1.04193
0.999859
1.02882
0.952342
0.927269
1.03415
0.98769
0.973651
1.05623
0.988468
0.920469
1.0284
0.981664
1.03019
1.02129
0.954724
1.06556
1.04866
0.995628
0.991615
1.06724
1.0595
1.023
1.01483
1.00101
1.04462
0.936792
0.92944
1.03146
0.992333
0.995989
0.952197
1.06311
1.04452
1.01483
1.00546
1.01124
1.09148
1.01813
1.03348
1.01695
0.958656
0.989802
1.00723
0.997181
0.99078
1.02467
0.981715
0.955608
1.06402
1.00286
0.989777
1.02207
0.963657
1.01481
1.01985
0.935393
0.952168
1.01403
1.03406
0.983742
1.00761
1.01199
0.979271
1.0334
1.09068
1.00795
1.02949
1.00772
0.988752
1.01583
1.02634
0.988743
1.02611
0.966805
0.996556
0.979528
0.993191
1.00161
0.993656
0.957133
0.997775
1.00772
0.954422
1.05582
0.983924
1.04473
0.938839
1.02239
1.05278
1.00905
1.06367
1.01554
1.00006
1.07038
0.999896
0.985328
1.01989
0.996916
1.01948
1.0467
1.11657
1.05761
1.0102
1.05067
0.96891
0.98145
0.948633
0.997532
1.01513
1.04896
1.04752
1.09911
1.02578
1.02175
1.00693
0.986853
1.06111
1.00345
1.03741
0.982649
1.0152
0.941606
0.984249
1.03865
1.00881
0.971964
0.99353
0.967371
1.02194
0.975415
0.986136
1.00094
0.973545
1.03326
1.07315
0.970816
0.987343
1.00336
1.00217
0.938862
1.01079
0.975668
1.00881
0.996576
1.02661
1.00704
1.01496
1.01482
1.05509
0.996017
1.03494
1.05455
0.977833
1.01915
0.973172
0.970276
1.00598
1.00824
1.0655
0.989458
1.00252
0.963794
1.02214
0.969824
0.998679
1.04179
0.949921
1.01411
0.995949
0.932191
1.03196
1.02047
1.02297
1.00348
1.05846
1.00834
0.994811
1.13133
0.940972
0.987507
1.00804
0.986365
1.05571
0.99568
0.992894
1.01679
0.937714
1.02648
1.0361
1.00172
1.03595
1.01578
0.998347
1.00886
0.974137
1.04929
0.994995
1.05567
0.994988
1.05868
1.00186
1.02737
0.993295
1.0317
1.00783
0.979455
0.915212
0.947861
1.01542
0.991063
0.997827
1.0185
1.02265
1.00559
0.974419
0.975657
1.0237
1.02457
1.04241
1.0306
0.970758
0.980119
0.934588
1.00554
0.950056
1.06571
0.993452
0.985011
1.07688
0.983617
0.999091
1.04256
1.00263
1.01103
0.968127
1.01621
0.995072
0.985642
1.02601
1.03884
1.03489
0.961798
0.976249
1.01307
1.01979
1.01857
0.974847
0.992736
1.02911
0.912078
1.00496
0.934797
0.974437
1.00223
1.00437
1.03362
0.990845
0.964988
0.98364
1.03839
1.02888
0.962108
1.07859
1.1032
1.01784
1.00725
1.08494
0.957034
0.949164
1.01901
0.970103
0.948222
1.06436
1.00312
0.992661
0.985383
0.971236
1.02568
1.08099
1.02943
1.00769
0.966732
0.922458
0.96684
0.971672
0.903502
0.979988
0.968411
0.990817
1.01409
0.973556
0.991051
0.938005
0.992281
1.02598
0.968767
0.989432
1.08629
0.972271
1.02953
1.03798
1.01903
0.968259
0.999356
1.04583
0.909802
1.00183
0.986544
1.03206
0.963839
1.02528
0.993164
1.00026
0.979923
0.951556
1.01894
1.01644
1.05755
1.02599
0.987386
0.981153
0.981746
1.00277
0.941691
1.01413
1.01736
0.966949
0.999416
1.01231
1.00995
1.0107
0.979195
0.995097
1.09441
0.929366
1.05389
1.04166
0.991759
1.0538
0.974003
0.959576
1.06718
0.948247
1.06151
0.9479
0.977854
0.997932
1.02671
0.981052
1.03493
1.01231
0.943371
0.945356
0.948575
0.999432
0.89926
0.934561
1.06266
0.927689
0.950706
0.986874
0.997079
1.05457
1.05397
0.966044
1.01169
1.09116
0.998304
0.948498
1.06725
0.996498
1.02863
1.05177
1.07302
0.935675
0.982829
1.02251
0.979511
0.965566
1.0421
0.917
0.933339
0.977398
1.00584
0.943846
0.956185
1.01305
1.02781
1.01539
1.03605
0.971993
0.978148
0.994814
1.01777
1.0194
0.926126
1.01236
1.04982
1.03173
1.03881
1.02904
0.977099
1.02375
0.978373
1.02167
0.951553
1.01561
1.00773
0.977774
1.03972
1.01534
1.00706
1.04286
0.912682
0.98144
1.0402
1.04054
1.01834
0.963601
1.00348
1.01599
0.991083
1.02941
1.11844
0.952412
0.947153
1.08249
1.04327
0.944542
1.00927
0.959522
1.01129
0.952759
1.01685
1.03905
1.025
0.99927
1.03744
1.06005
0.975144
1.01623
1.02233
1.03706
1.0007
1.0093
1.00838
1.02011
1.0139
1.01277
0.955669
0.950842
0.954197
1.03975
1.0043
1.0696
0.980099
1.07607
1.01338
1.0201
0.993698
1.02867
0.969255
1.00045
1.02408
0.969605
0.992005
0.963835
1.02736
1.00037
0.942765
1.05857
0.993218
0.997816
0.967609
0.941915
1.01699
0.979885
0.947996
0.993233
0.928624
0.981737
0.959591
0.998168
1.06116
1.01165
1.01361
0.991841
1.00489
0.966429
1.04946
1.00196
1.00216
0.999006
0.972194
1.05814
1.00678
1.031
1.00815
1.05314
1.02939
0.997595
0.960528
1.02321
1.04029
1.03623
1.07069
0.978025
0.971973
1.0212
1.00972
0.923179
0.970942
1.02317
1.02532
1.00954
0.902271
1.04155
1.0032
1.02348
0.980265
1.07617
0.999654
1.01242
1.01124
0.991028
0.924903
1.07237
0.959939
0.989649
0.966698
1.02356
1.00967
1.02428
0.954867
1.02062
0.97359
0.987605
1.07793
1.03685
0.978176
0.989535
1.00978
0.97609
0.995818
0.999487
0.972155
1.00046
0.955664
0.972058
0.979325
1.01767
1.0245
1.0133
0.960134
1.00856
1.04482
0.979078
1.02108
0.956305
1.05641
0.944828
1.01682
1.05044
0.997754
0.952029
0.963498
0.938575
0.977995
0.972883
0.962812
0.914845
1.06302
1.01564
1.0377
1.05697
0.997951
0.977856
0.958263
0.958596
0.984416
0.928518
0.967998
0.990646
1.00255
0.986744
1.00895
0.98198
1.00226
1.0922
0.982939
1.00221
1.0007
0.962523
0.998122
1.07361
1.01213
0.957282
1.01027
0.986164
1.05325
1.02394
0.988594
0.984638
1.02868
1.01955
0.970772
0.980181
0.97205
1.01837
0.976565
0.974594
0.99563
0.938116
0.992024
0.915381
0.985017
0.971642
0.940528
0.992488
1.04022
1.0356
1.00394
1.06409
0.99815
1.06665
0.936039
0.966344
0.995909
1.05724
0.898537
0.957319
1.04968
1.00104
0.955819
0.954168
0.992826
1.02095
0.981345
0.955314
1.00344
1.02394
0.982135
0.994217
1.0125
0.98791
1.06392
1.03063
0.980464
0.954323
0.974877
1.01968
1.05901
1.03017
1.00272
1.07157
0.984923
1.05649
1.00965
1.00286
0.957165
0.981161
1.0112
1.04418
0.984227
0.96917
0.972256
0.986386
0.984563
0.952176
1.00372
1.02139
1.04688
0.992699
0.990723
0.986388
0.988604
1.01029
0.955025
1.01984
1.01355
0.997575
1.04397
1.08318
0.999996
1.01142
1.0498
0.962512
1.05532
1.00232
1.039
1.01351
1.06888
0.980105
1.02082
0.989753
1.01522
0.993059
1.03484
1.00949
0.990237
0.953261
1.07029
1.01375
0.986649
0.99147
1.01586
0.995278
0.976561
0.978579
0.954769
0.952438
1.01005
0.98394
1.03613
0.967903
0.909536
1.01761
0.993477
0.97506
0.953509
1.03324
0.965274
0.882486
0.945396
0.998683
0.971744
0.994028
1.02218
0.983856
1.00618
1.07242
1.02613
0.978856
1.03412
0.980344
0.921301
1.03511
1.04971
0.976749
1.01407
0.920303
0.973072
0.978097
0.988241
1.0237
0.96417
1.05411
0.980084
1.00171
1.02754
1.0353
1.05355
0.977081
1.01687
1.01796
0.989036
1.02719
1.00286
1.01579
0.952674
0.965659
0.985168
0.999467
1.05094
0.973452
0.939964
1.01061
0.919489
1.04336
0.966385
0.995093
1.0468
0.967365
1.03088
0.997185
0.980293
0.953738
1.04222
0.966902
0.991059
0.928917
0.997758
1.04252
1.04557
1.04495
0.983651
1.01576
1.008
0.947954
0.944977
0.983715
0.983452
0.922502
1.02187
0.973487
0.971988
0.91491
1.00765
1.00561
0.982622
0.981736
0.983783
0.983301
1.0289
0.999429
0.982673
1.00482
0.957636
0.981062
1.01072
0.963345
1.06283
0.990035
1.05078
0.986833
0.977676
1.05254
1.02086
0.92456
1.03542
0.996895
0.987927
1.02871
0.985791
1.02143
1.07119
0.941674
1.00678
0.966346
1.00824
1.05467
1.02366
1.01598
0.978103
1.00573
1.00742
1.03941
0.999054
0.988457
0.977155
1.01925
0.993811
1.00331
0.993367
1.01422
0.977786
0.987765
1.01124
1.04554
0.973458
1.01415
1.01795
1.05247
0.981612
0.992071
1.01617
0.93097
0.924616
0.94865
1.03491
0.979449
1.01231
0.995422
0.999958
0.99308
1.02301
0.974435
1.0025
1.02583
1.04182
0.997646
1.00439
1.05211
0.965928
1.0047
1.02583
1.06188
1.06297
0.979537
1.04944
0.977223
1.02296
1.01863
0.989166
1.03115
1.00697
0.972479
0.941577
1.04178
1.02962
1.00783
0.995066
0.971338
0.983248
1.01552
1.00747
0.982912
1.03671
0.966279
1.04258
0.979346
0.977166
0.998609
1.04474
0.958481
0.984482
1.02499
0.96017
0.991422
1.05408
1.04426
0.959026
1.04286
0.92843
1.04521
0.98434
1.03655
0.960828
0.977175
1.00355
1.01402
0.978441
0.979498
1.04631
1.04997
1.07875
0.992646
0.993499
0.985205
0.981384
0.933954
1.09595
0.984539
0.97267
1.07383
0.947561
1.02581
0.994163
1.03184
1.00159
0.959124
1.01423
0.992535
0.977208
0.979136
1.01881
1.02077
1.05617
1.01277
0.993981
1.0169
0.992343
0.955227
1.00466
1.0468
1.01105
0.97971
0.971872
1.02295
1.00357
0.996179
0.949541
1.03576
1.01935
0.963699
1.00311
1.02463
1.0196
0.992681
0.969273
0.970909
0.986777
1.02838
0.950807
1.06399
1.0385
0.988107
1.02477
1.04281
0.991678
0.957705
1.00287
0.948917
1.01635
0.942187
1.02744
0.948973
1.01779
0.963976
1.01539
0.983807
1.06182
1.03325
1.06042
1.00622
0.997439
1.01087
0.959263
1.02569
0.999714
1.0569
0.989979
1.04256
1.01426
1.03104
1.02262
0.977437
1.04671
1.02546
0.91762
1.07508
0.966439
0.977217
0.993644
0.902759
0.986212
0.936477
0.997082
1.00559
0.969182
0.962241
1.01388
0.978472
1.01923
1.02076
0.98286
0.995178
1.02277
0.999074
1.00486
1.05699
0.979974
1.04203
1.02482
0.982946
0.977392
0.938256
0.948323
1.03226
0.951024
0.923773
0.967217
1.0447
1.00998
0.98457
1.00347
0.980682
1.01625
0.937788
0.970082
0.946367
1.02159
1.00824
1.03146
1.01848
1.04117
1.02439
1.03922
1.11299
1.00889
0.91297
0.980835
0.961059
0.985486
0.985649
1.09337
0.943342
1.00783
0.976405
0.929995
0.999414
0.977489
0.970867
0.968553
0.944479
1.00455
0.993852
1.03501
1.00287
0.972595
1.00122
1.02368
1.0223
1.05318
1.0159
0.983451
1.0621
1.05458
0.948146
0.998884
1.00705
0.950118
0.976374
1.03519
0.95013
0.968942
0.963032
0.935778
0.995403
1.02951
0.977879
1.00764
1.03507
1.00208
0.98285
1.01527
1.00733
1.02859
1.0429
0.988166
1.00252
0.9618
1.04703
1.04343
0.996642
0.998656
1.0178
1.07821
0.937603
1.01084
1.03712
0.99726
0.950485
1.04981
1.08208
1.0013
1.08991
0.973167
0.998961
0.965918
1.00361
1.04523
1.0122
0.972901
0.983779
1.07275
0.970098
1.04682
1.00637
0.95904
0.957684
0.970659
0.976675
1.04165
0.961485
0.990861
1.0043
0.990981
1.04676
0.985912
1.00305
0.964296
0.99598
0.974318
1.02607
1.01196
0.949448
1.01669
1.0334
0.993775
1.01817
1.00081
0.983021
0.940326
1.02327
0.999956
1.00822
1.00507
0.970831
0.988164
1.01967
0.983675
0.966649
0.973614
0.968807
1.01553
1.02582
0.996577
0.955269
0.954068
1.01458
0.957876
1.05956
0.952136
0.916811
0.920904
1.01511
1.02553
0.954074
0.978881
1.02569
1.03529
0.986137
0.987661
0.922183
1.02028
1.01426
1.02501
1.02422
0.99461
0.982049
1.03263
1.01497
0.993404
1.00217
1.02603
0.967447
1.01306
0.988062
1.0754
0.969413
1.01906
1.00805
1.01545
1.01692
1.03492
0.990999
1.03819
1.01407
1.01794
0.933897
0.964884
0.951777
1.01548
1.01779
0.988077
0.974118
0.999017
0.990913
1.01244
0.994794
0.97314
0.99737
0.998228
0.96896
0.983482
1.03899
1.0279
1.04702
0.963997
1.03221
0.981642
1.01928
0.980333
1.01579
0.989094
0.940766
1.02904
1.04964
0.965024
0.997206
0.98295
1.00405
0.956845
1.00363
1.00811
1.0377
1.02222
0.970474
0.990052
0.909204
1.02589
0.984284
1.06884
1.01789
1.0562
0.975489
0.954371
1.05903
0.993764
0.994832
0.948565
1.03583
1.01323
1.01625
0.946309
0.95098
1.02065
1.02966
1.02343
0.97037
1.00302
1.00178
0.980342
0.96093
0.936503
1.02679
1.03885
1.01367
0.999684
1.0219
1.01253
0.975732
0.970604
0.988991
1.01897
0.956018
0.944276
0.961288
0.975554
1.06441
1.03356
0.957015
1.04764
1.01851
0.997226
0.990628
0.933034
1.01896
1.02668
0.980205
0.94132
1.05836
0.96796
1.00573
1.03684
0.991116
0.992187
0.949046
1.06946
1.02273
1.00414
1.03932
1.0271
1.00655
0.951804
0.974508
0.983445
0.954394
0.960837
0.994105
1.03806
1.02989
1.0289
1.03471
1.01061
1.04604
0.999706
0.983254
0.997968
1.00022
1.02174
1.07724
0.921622
0.968685
0.965279
0.946003
1.01949
1.02803
1.03637
1.03309
1.01257
1.02192
0.99861
0.996888
1.01291
0.991186
1.05723
0.978207
0.985922
1.00284
0.994376
0.945604
1.01494
1.01423
0.943816
1.02758
0.939163
0.972086
0.994765
0.991101
1.01626
0.973087
0.99786
0.982565
0.968771
1.01226
0.953683
1.02935
0.983645
1.00783
0.967531
0.997448
0.997784
0.995543
0.999766
0.969567
1.04547
0.953822
1.02414
1.06262
0.989874
0.993717
1.02737
1.01995
0.977508
0.988836
1.05781
0.966028
1.04437
0.952422
0.966641
1.01217
0.951696
0.995398
0.975579
1.04258
0.990864
1.00279
0.934545
1.02895
1.06043
1.01712
1.02941
1.021
0.979527
1.02339
1.00389
1.01793
0.9276
1.00115
0.941421
1.04148
0.961959
1.0428
0.953176
0.947102
0.986606
1.00023
0.98499
0.992152
0.980015
1.02822
1.03014
1.04286
1.00915
1.01484
1.05355
1.01443
1.03522
1.006
0.924866
1.01757
1.03551
0.981099
1.00965
0.974365
1.04244
1.04338
0.964667
1.01684
0.985104
1.01344
0.988337
1.01954
0.999136
1.01407
0.982426
1.08688
1.03869
1.01923
1.0353
0.951874
1.1344
0.971531
1.01043
1.06847
1.05759
1.03692
0.960012
0.998297
1.03208
0.959402
1.03765
0.98301
0.973402
0.953629
1.02128
0.959197
1.02063
1.02843
1.00656
0.943739
0.913389
1.08585
0.962669
1.05547
1.03024
0.975692
1.03854
0.97324
0.965362
0.981514
1.07439
1.01592
1.07029
1.03256
1.03238
0.924005
0.983789
0.943744
0.979697
1.03862
0.991396
1.05689
0.998505
0.986579
1.04359
0.956661
0.943955
1.05705
1.0757
1.00964
0.987371
0.979743
1.03681
0.989806
0.948063
0.96191
1.03304
0.968102
1.04019
0.998269
0.991109
0.99697
0.973586
0.953793
1.01224
1.00241
1.07604
0.992258
1.01124
0.962185
0.983604
1.07431
0.995199
1.06972
0.932274
1.0156
0.979622
1.02702
0.987808
1.05091
1.03434
0.941448
1.01527
0.942796
0.928648
1.03528
1.03617
1.00916
0.956618
0.996833
0.970993
0.953414
0.994854
1.00383
0.963078
0.981846
0.997797
1.0064
0.979231
1.01729
1.04742
0.989096
0.951711
0.97828
0.960342
0.981254
1.01817
1.00927
1.03493
0.969735
1.0081
0.977775
1.01956
1.0635
0.988768
0.980954
1.03819
0.944004
1.08033
0.954664
1.01132
1.00941
1.05364
0.906647
0.985838
0.986011
1.02476
0.966748
1.07559
0.927548
0.975434
1.01304
0.999
0.979812
1.08899
1.00015
1.02565
1.03867
0.958748
0.96025
1.02675
1.01493
1.06183
1.01869
0.993611
1.0259
0.964885
0.959976
0.983632
1.01382
0.995254
1.00692
1.04205
1.02441
1.0816
1.00108
0.959669
0.976558
0.959057
1.01625
0.948257
0.976527
1.02842
1.05577
1.00284
0.991283
1.01631
1.03312
1.07004
0.991205
0.979061
1.00981
0.962845
0.989588
1.024
0.948749
1.01691
0.973353
0.957526
0.947576
0.962279
1.03216
0.978193
1.03372
0.966086
0.986983
1.02523
0.947006
1.05165
0.978602
1.03436
0.991603
0.996609
0.957985
1.03156
1.02913
1.02783
0.965086
0.946064
1.03891
1.00382
1.03077
0.992518
0.973278
1.00165
0.982102
1.03389
1.03225
1.05848
0.980716
0.986485
0.996726
0.993572
0.994101
1.05136
1.10113
0.990748
1.02004
0.99918
0.98065
0.991709
1.01174
1.035
1.02642
1.00829
0.972526
0.999816
0.985575
1.02736
1.01285
1.01759
0.962011
0.992612
0.905182
0.989507
0.999507
1.06095
0.995322
1.02435
0.995725
1.03297
0.993112
0.959304
0.992774
1.03842
1.03022
0.996712
1.03314
0.99769
0.989597
1.04756
0.964288
0.955405
1.0006
1.03084
1.07045
0.96542
0.954005
1.04585
0.991647
0.99504
1.04611
1.05772
1.0096
1.01472
0.967309
0.993634
0.938446
0.964928
0.979389
0.995216
1.01973
0.967732
1.01199
1.01164
0.992721
1.04052
1.03338
1.02708
1.03404
1.00653
0.984832
0.917993
1.01977
1.02513
0.973309
0.981322
1.02079
0.996407
0.988208
1.04797
0.981621
1.00273
0.988126
0.935965
0.953592
0.965953
1.00195
1.02837
1.06947
0.974599
0.96539
0.996052
0.969547
0.969083
0.992918
1.02418
0.961609
0.942057
0.979934
1.06736
0.945698
0.973658
0.981436
0.96445
0.985299
1.00777
0.973327
1.03446
1.01352
1.02375
1.02255
0.959097
1.00531
0.997162
0.958132
0.988049
0.969582
1.06296
1.07049
0.987725
0.991752
1.01819
0.967814
1.0206
0.978488
1.01007
1.04907
0.959811
1.02011
1.01688
1.02426
0.951331
1.00517
0.995692
1.02005
1.01377
1.03181
0.938516
1.03765
1.0072
1.02776
0.954846
0.944394
0.964461
0.974934
0.974682
1.02073
0.899093
0.994285
0.956665
0.962607
1.06306
0.949759
0.950462
1.02495
1.00327
1.04989
1.01318
0.978817
0.966803
0.996521
0.99189
0.987565
1.01398
1.01412
0.969642
1.00126
1.00765
0.999116
1.03357
0.967176
1.0564
0.934989
1.01542
0.935953
0.965464
1.03823
0.998266
1.03753
0.995725
0.989297
1.0632
1.02903
0.929933
1.02294
0.995031
1.00913
1.00692
0.973783
0.991374
1.07433
0.979976
0.994989
1.05194
1.03137
1.00918
0.971257
0.967733
0.975789
1.06741
1.02202
1.01244
0.96535
0.946576
0.947818
1.03727
1.06359
1.00836
1.05305
0.976952
0.98264
0.939198
0.945136
0.970905
1.0249
1.01956
0.990786
1.00798
1.01925
0.997035
0.999854
1.01128
0.97624
0.994035
0.938395
0.96792
0.974176
0.981322
0.984338
1.05643
1.0003
1.01338
1.00301
1.04964
0.997109
0.981264
0.983883
1.00941
0.928293
0.996797
0.943562
0.975625
1.01191
0.993708
1.01228
1.00366
0.971677
1.04329
1.01848
0.977159
1.01771
1.02544
0.966356
0.988031
0.979689
0.941579
1.0265
0.976654
1.00434
1.03177
0.996521
1.02995
1.06698
0.968374
1.00511
0.935438
0.970857
0.977932
0.959838
0.98843
1.01123
0.946541
1.01895
1.01054
1.00751
1.01946
0.962844
0.966785
1.04891
1.00664
1.00365
1.03714
0.949915
0.952846
0.983756
1.01022
0.967968
1.05445
1.07249
0.984572
1.00836
1.02571
1.02295
0.983631
0.980151
1.01374
1.02542
0.940802
0.930466
1.00275
1.05578
0.961745
0.982074
1.01317
1.02546
0.979018
0.975125
0.919634
0.959609
1.03822
1.02512
1.05175
0.995839
0.99087
1.08844
1.05538
0.98031
0.974368
1.00291
0.990724
0.995593
0.956388
1.05729
0.996804
1.03048
0.951324
1.03434
1.03542
1.0114
1.03725
1.00382
0.92675
1.05301
0.945882
1.03
1.04876
1.07788
1.01938
1.01502
0.947997
1.0335
1.03649
0.925861
1.00053
0.953716
1.01457
0.952314
1.0405
0.976914
1.0146
0.990782
1.06573
0.923529
1.00118
0.998101
0.964413
1.03098
0.992254
0.9835
1.0282
1.04577
1.03365
0.960109
0.975395
1.00521
0.928801
0.974362
0.94919
1.04503
0.974031
1.01959
0.984532
0.931877
1.01743
0.995245
0.991033
0.934927
0.995313
0.956674
0.980313
1.01388
0.998774
1.00616
0.948946
1.04741
0.976363
1.02265
0.953177
1.03762
0.950837
1.04627
1.00028
1.06509
0.966158
0.987454
0.991036
1.00909
0.948855
1.08128
0.976681
0.98359
1.01726
0.97601
1.0132
0.977034
0.97826
0.983511
1.01294
1.00972
1.02577
1.00167
1.04754
0.995374
1.03928
1.00081
0.966181
1.02908
0.953621
1.04443
0.999403
0.996476
0.995183
0.974366
1.035
1.04847
1.01328
1.00863
1.07584
1.01732
0.969669
0.983782
0.915175
0.974395
0.991164
0.951433
0.970375
1.00766
1.00213
0.971098
0.963811
1.032
1.03679
0.981661
0.993177
0.977914
0.995812
0.993868
1.08361
1.00096
0.968007
1.05511
1.02131
1.04494
1.06498
1.03059
0.979449
0.99342
0.948244
1.00235
1.03629
0.971364
0.972419
0.971299
0.968279
1.03183
1.03122
0.965707
1.00421
0.979999
1.04599
1.015
1.01197
0.934483
1.01926
0.991268
0.982824
1.03524
0.95016
1.01895
0.982649
1.00855
1.00243
1.00349
0.997658
0.98278
0.977642
0.953338
0.956993
0.987436
0.936897
0.984391
1.02864
0.962119
1.02034
0.953383
0.952544
0.976435
0.99763
0.986455
0.998564
0.986861
1.02652
0.961499
0.984799
0.97791
1.01187
0.940613
1.03123
0.952495
0.982438
1.03203
1.04705
1.00991
0.994635
0.95094
1.01869
1.02536
1.01973
0.970254
1.00533
1.05557
0.987528
0.971275
1.02692
1.05049
0.987835
1.01653
0.9919
1.00028
0.972101
1.05539
1.02728
1.00887
0.984259
0.968988
1.06122
0.992619
1.01327
1.04551
1.00812
1.00549
1.03804
1.07311
0.981531
1.00395
1.01248
0.989787
1.0047
1.02594
1.00141
1.01471
0.954509
0.924814
1.02426
0.969016
0.968665
0.996243
1.06576
0.995793
1.02499
0.991002
1.02415
1.0028
0.958216
0.980217
1.02486
1.0464
0.914625
0.993608
1.0424
1.02501
1.0328
1.04115
0.942649
1.01795
1.01385
0.972233
1.02262
0.991623
1.02027
1.00795
1.01748
1.01591
1.02448
1.01174
0.969894
1.00825
1.01551
1.02987
1.00352
1.00483
0.973014
1.04757
1.00912
0.935065
0.988298
0.977451
1.00085
0.969717
0.952692
1.02836
0.962108
0.948137
0.974675
1.02249
0.944561
0.943052
0.979962
0.974122
0.918001
0.972089
0.984473
0.942321
1.03414
0.9867
0.98824
1.03732
1.06064
1.01619
1.02466
0.983858
1.05589
0.979845
0.978679
0.996174
0.998897
1.03147
0.992088
0.945062
1.07963
1.01014
1.01987
0.949574
1.01001
0.98793
0.943371
1.00461
1.0375
1.01287
0.956084
1.03434
1.00923
0.998099
0.952797
1.02237
0.985461
0.95144
0.933797
1.02821
1.03252
0.9524
0.948501
0.980598
1.0134
1.01787
1.00463
1.04125
1.0122
1.03159
1.0846
1.01939
1.02392
0.966815
0.982148
1.09444
0.952973
1.01551
1.00657
1.00365
1.0162
0.990196
1.01229
0.994805
1.0417
0.995602
1.00163
1.01006
0.974356
1.01738
0.980544
1.0152
0.992472
1.02813
0.955816
1.04804
1.06211
1.0396
1.00858
1.04272
1.06389
0.933937
1.06465
0.977903
1.00783
1.04391
1.08954
1.01551
0.927578
0.978213
0.996782
0.943214
0.990679
0.991543
1.03077
1.02848
0.987371
0.996523
1.01886
1.02213
1.00371
1.01206
1.02819
0.991111
1.05054
1.00799
1.00036
0.964359
0.948996
0.931651
0.986888
1.00426
0.994216
1.06283
1.04891
0.953695
0.960099
0.983288
0.982771
1.01543
1.01723
1.0099
1.0345
1.05803
1.03414
0.987967
1.08637
1.02641
1.04458
1.00338
1.00679
0.964207
1.06425
0.958902
0.981257
1.00618
0.993061
0.975769
0.976627
0.992281
1.01369
0.98977
1.00502
1.00491
0.928786
0.972173
0.964258
1.02611
0.933959
0.994922
1.00973
0.984165
0.941533
0.96265
0.982744
1.02311
1.09206
0.999783
0.971338
1.02198
0.999022
1.00498
1.01133
1.02137
1.00272
0.954596
1.00287
1.00962
1.04834
0.999282
0.957246
0.969514
1.01085
1.00333
0.982806
0.961911
0.965303
0.98554
1.0161
1.04073
0.948417
0.95526
1.01619
1.02073
0.987497
1.06144
0.999331
1.05558
1.0036
0.990562
0.958866
0.956693
0.940082
0.969875
1.05899
0.989349
1.05859
0.95812
1.00113
0.927171
1.02574
0.95858
1.10484
0.972338
1.02052
0.915351
1.0258
1.01653
0.959605
0.976201
0.988413
1.02991
0.956982
0.948716
0.972247
0.963331
0.96689
1.03521
0.998013
0.981819
1.04967
0.994386
0.982015
1.00499
1.055
0.965658
0.931764
1.03669
1.06775
1.05506
1.04588
0.988377
0.953402
0.970129
1.00478
0.992713
0.975834
1.07442
0.953441
1.03599
1.03197
1.01029
0.997999
1.00394
0.989714
1.00289
1.03391
0.975353
1.0014
1.09624
0.992372
1.02693
1.01593
1.03998
0.954153
1.02534
0.994796
0.990341
1.00376
1.03647
0.964927
0.982916
1.01432
1.01431
1.03831
0.988355
1.01271
1.00465
0.974412
1.03586
0.922799
1.01192
1.04867
0.975887
1.04379
0.99077
1.028
0.988545
1.01521
0.950428
1.07193
0.943098
1.02302
0.930674
1.01841
0.990898
1.01565
1.0064
1.00412
0.976515
0.967653
0.995295
1.03611
0.973588
1.00817
1.01281
0.99949
0.959392
1.01162
1.00362
1.0083
0.993806
1.0187
0.987549
1.01283
0.990941
0.982403
1.00796
0.996409
0.915133
1.007
1.00814
0.997068
1.02831
0.918053
1.03885
0.969983
0.980381
1.00633
0.951367
1.06111
1.00713
1.02182
0.989506
1.0137
1.03134
0.991817
1.03283
0.995326
1.05557
1.01918
0.974543
0.972071
1.00259
1.01515
1.02596
0.965261
0.990563
1.04367
1.03454
0.974754
0.965996
0.950104
0.922497
0.913537
1.01281
1.01979
0.974616
1.03942
0.943743
1.05289
1.00448
1.00033
0.999302
0.997654
1.00691
0.977741
1.01513
1.00093
1.0338
1.08496
1.07913
1.09046
0.984881
0.970943
0.967683
1.05915
0.991032
1.00492
1.04616
0.964995
1.0541
1.01398
1.01953
0.99802
1.10458
0.96823
1.00787
1.02658
0.968275
1.0585
0.982272
0.971112
0.98106
0.989964
1.00768
1.03945
1.00303
1.01337
1.01868
0.940922
0.967147
0.973835
1.03919
1.02404
1.06361
0.972063
1.01873
1.02155
1.02916
0.998248
0.981413
0.952016
1.02671
0.939823
0.991677
0.994777
0.992288
0.988188
0.949131
1.01234
1.00873
0.995498
0.990728
0.98068
1.04605
1.07396
1.01451
0.993363
0.974418
0.957463
0.989933
1.0236
0.958655
0.953889
1.04818
1.02196
1.01611
1.01403
1.08234
1.04477
0.999784
0.998846
1.00211
1.00095
0.924246
1.03024
1.00843
0.965939
0.965295
1.01777
1.00029
1.05441
0.996351
1.03924
1.00802
0.979324
0.980763
0.967628
1.01678
0.961914
0.983307
0.987807
1.05024
1.0044
1.03253
0.943303
0.991133
1.04222
1.03118
0.9852
1.04365
1.01919
0.967364
1.03562
1.00908
0.948024
1.00998
1.02493
1.01526
0.994774
1.00378
1.01973
1.00175
0.984679
0.991123
1.04038
1.03892
1.02384
1.01064
1.11577
1.00253
0.984414
0.986223
1.02857
1.00912
0.930915
1.0032
1.037
1.00744
1.0427
0.962565
0.954439
1.0161
0.919893
1.01772
1.02092
1.01459
0.945651
0.989299
0.983657
0.975755
0.993015
0.995195
0.978753
1.00625
1.01982
0.991307
0.936548
0.991894
1.01434
0.958016
1.02828
1.05019
1.00083
1.00709
1.00225
0.976739
0.927484
1.00123
0.966554
0.983124
1.01382
1.03549
0.948156
1.0136
1.00766
0.95415
0.985966
1.03023
0.996473
1.00488
0.989028
0.931213
0.938212
0.930444
0.964035
0.989544
1.04216
0.986973
0.968173
0.973406
1.03456
1.09544
0.977293
1.02125
0.970875
1.04118
0.941707
1.06194
0.97263
0.98928
1.01797
0.975935
0.969927
1.0216
0.975605
1.07994
0.997045
1.00804
0.972225
0.99267
0.938836
0.9788
0.977265
0.992406
1.04775
0.9875
1.05412
1.05893
1.04847
1.08991
1.039
0.98624
0.932342
1.0915
1.043
0.955549
1.0062
0.966227
1.00862
0.955653
1.00801
1.00114
1.02358
0.975133
0.958475
1.05297
1.01705
0.951881
0.971302
1.0248
1.07996
1.01616
1.08303
0.959332
1.00713
1.00671
1.0877
0.999975
0.974805
1.03033
0.936328
0.986646
0.993395
0.975687
0.989559
1.01171
1.05866
0.981432
0.988744
0.996303
0.961525
1.03134
0.930992
0.972767
0.983924
1.06265
1.00895
0.983821
1.01229
1.05592
1.04288
1.03541
0.969502
0.952578
1.04601
0.954663
0.937781
0.964853
0.989694
1.03174
0.990428
0.968427
0.941286
0.998239
1.09045
0.944547
1.0022
1.06737
1.0113
1.02031
0.987219
0.987563
0.984084
1.03261
0.99668
0.992804
1.01048
0.972876
0.957815
0.979279
1.00722
0.921318
1.02963
1.02474
1.06248
0.982679
1.00931
0.983367
0.982679
0.958092
0.989968
0.985427
0.991513
0.96113
0.95438
1.0124
1.01723
0.982451
1.02563
0.97072
1.03573
0.987522
1.00646
1.00732
1.00465
0.911572
0.961688
0.962419
0.984798
1.02959
0.998726
1.00744
0.964432
1.03607
1.01081
0.999935
0.997372
1.04507
1.01649
1.07336
1.01976
0.975021
0.986275
1.02342
1.061
1.05339
0.967402
1.00055
1.04462
1.01295
1.0474
1.02835
0.936705
0.987236
1.00738
1.00254
0.933897
1.06855
1.07149
1.04831
1.05625
0.998438
0.973859
1.01837
1.03859
0.986599
1.05231
1.04309
0.975756
0.992624
0.992518
1.00171
0.977276
1.00563
1.0076
1.038
1.00349
1.03184
1.02351
0.977654
1.03168
0.989028
0.980055
1.03715
0.972862
0.982142
1.00445
1.02872
0.973994
0.970487
0.996377
0.983796
1.00095
0.968226
0.923858
1.05029
0.968413
1.05307
0.952914
0.963729
1.01852
0.993556
1.04414
1.01918
1.01809
1.00685
1.05988
1.03947
1.04662
1.05194
1.03187
1.00584
1.01263
1.06928
1.01698
0.95964
1.01909
0.986381
1.01628
0.99065
1.01261
1.01645
1.07361
0.965383
0.938023
1.01661
0.999409
1.03431
1.0391
0.982839
1.05917
0.972079
0.972153
0.934157
0.998726
1.03282
1.02072
0.969232
0.97545
0.985534
1.07631
0.990431
0.986208
0.986686
0.924315
0.998847
0.998854
1.00786
0.98515
1.00488
1.05336
1.00107
0.989667
0.988348
1.00258
0.998582
0.952812
0.998582
1.00395
0.992254
0.939214
0.991754
1.00943
1.02143
0.997982
0.997257
0.976333
0.962711
1.00202
1.03288
1.01268
1.04821
1.0477
0.955884
1.09161
0.968112
1.00335
0.988678
1.02046
0.988464
1.00024
1.02457
1.03136
1.07809
0.993965
1.05198
0.948654
0.996018
1.01799
0.999551
1.08194
0.963021
0.949678
0.970681
1.00825
0.953022
0.980414
1.08317
1.00184
1.02355
1.04105
1.03039
1.05807
1.0188
1.00742
0.999258
0.99202
1.02491
1.05677
0.994036
0.992302
0.978179
1.03219
1.02978
1.02334
1.00071
0.96055
1.00262
0.957617
0.913273
0.97087
1.01372
1.01538
0.971023
0.968656
0.975002
1.01046
1.01053
0.951192
0.974145
0.995787
0.991361
1.01734
1.00854
0.99192
0.977989
1.01525
1.05883
0.974179
1.03767
0.961762
1.04703
1.01208
0.949065
0.938253
0.991613
1.04681
0.9626
0.919388
0.972672
0.982264
0.972362
0.95709
0.987765
1.01314
0.995722
0.978977
1.04928
0.956489
1.001
0.981542
1.00228
0.966466
0.938827
0.980097
0.951847
0.945031
0.994426
0.924833
1.04013
0.967511
0.931812
0.97162
1.00175
0.990765
0.976795
0.990462
1.0354
0.964722
0.968834
1.01144
1.061
1.03071
0.991037
1.02162
1.02311
1.01758
0.969218
0.998226
1.00832
0.990998
1.03028
0.946592
0.980032
1.07082
1.01251
0.981066
1.07757
0.982908
1.03399
1.02893
1.01264
1.0463
1.02167
0.970025
1.0214
0.969661
0.999604
0.996527
1.00167
1.04378
0.994851
0.961053
0.934287
1.05666
0.985371
0.99234
0.982998
0.973415
0.950347
1.02182
1.06231
0.967883
1.04023
1.01426
0.994515
1.0199
0.966851
1.02182
1.08712
1.028
1.00237
1.02674
0.956641
1.03552
1.00432
1.05882
1.00619
0.92812
1.06719
0.973442
1.01663
0.986366
1.02705
1.02762
0.945967
1.03162
0.99832
1.01894
0.97522
1.04201
0.950232
0.966298
0.923419
0.91514
0.996825
0.993896
0.929043
0.975591
1.04275
0.993711
0.996669
1.05294
1.00704
0.968574
1.05325
0.952078
1.05233
0.985877
1.00047
1.01363
1.00223
0.999699
0.938715
0.950209
0.980291
0.929439
1.00139
1.0262
0.976783
0.936632
0.944877
0.994589
0.994315
0.947103
1.05248
0.964214
1.02474
1.05598
1.0257
0.979738
1.01186
1.03438
0.973101
1.03087
1.02871
1.05613
1.03201
0.980291
0.980461
1.02709
0.993753
0.908825
0.999705
1.03877
1.03482
1.01202
0.940907
0.941567
0.924024
0.981267
1.04209
1.02684
0.998993
1.02094
1.02562
1.06312
0.99116
1.02037
1.02047
1.05582
0.968832
1.02736
1.08473
0.995883
0.959997
0.998057
0.982604
0.989991
0.938832
0.980584
0.979787
1.03963
0.938235
0.999278
1.00708
0.996112
0.901959
1.05472
0.983257
0.986341
0.99131
0.994629
0.99253
1.04874
1.06412
0.959433
1.0174
0.958923
0.934759
1.03795
1.00413
0.936587
1.04878
0.983658
1.01548
1.0045
0.987769
1.03016
0.97624
1.02755
1.04057
0.936662
1.07065
1.00168
1.01866
1.00245
1.03501
0.981928
0.909187
0.991336
0.989805
0.947708
0.985723
0.995864
0.965022
1.06124
1.03143
0.979005
0.997786
0.93386
1.05562
0.946224
1.02771
1.00389
0.996786
1.00116
0.997162
1.0052
1.03817
0.987942
1.05549
1.01664
1.04103
1.04458
0.99694
0.995397
0.974695
1.02224
1.08052
0.966731
1.03313
1.05305
1.02606
0.987795
1.01811
0.995455
1.092
0.964924
0.974764
1.03576
1.00899
0.962791
0.929756
1.02272
1.01361
0.965977
0.95291
0.985755
0.944647
1.04187
0.937577
0.997072
1.01021
0.954556
0.975314
0.980246
1.01665
1.02877
1.04718
0.931594
1.10232
1.03625
1.08713
1.01126
0.967505
1.02525
0.909748
0.96054
0.984589
1.08654
1.01807
1.07
0.995928
0.974859
0.98899
0.934123
1.06243
0.994556
1.02572
0.98574
1.00713
1.03747
0.990682
1.01074
1.0605
0.95535
0.981049
1.02695
0.989072
0.99552
1.00529
0.896355
1.0158
1.01053
0.979334
0.986773
1.01022
0.994329
1.02418
0.982886
1.01248
0.940195
1.0289
0.984307
1.05198
1.0772
1.04715
1.02332
0.991937
0.958039
0.987425
1.02745
1.02981
0.960364
1.03091
1.01074
0.996001
0.989295
1.01893
1.00624
1.01938
0.980116
0.944491
0.983558
1.01258
0.957792
1.03361
0.969602
0.944614
0.949801
1.01115
1.09062
0.953231
1.03989
1.02701
0.995633
0.966781
0.933705
1.01104
0.945295
0.956065
0.939548
0.902406
0.965604
1.03957
1.04651
0.917785
0.990129
1.02547
1.05377
1.01096
1.01346
0.991467
0.977763
0.995556
0.985744
1.03936
0.971508
1.01618
0.970351
1.01667
1.00959
1.0053
1.01936
1.0199
0.971773
0.979029
1.0709
1.03826
0.963494
0.952176
1.01033
0.964771
1.01137
1.00179
1.03696
0.975097
0.994548
1.01993
1.0021
1.02514
1.01424
1.03035
1.06283
1.02244
0.981536
0.97761
0.993898
0.990658
0.99441
0.970578
1.01595
1.02302
1.01372
1.01401
1.05258
1.00602
1.00727
1.06711
1.0259
1.00716
1.00281
0.964391
0.997922
0.962996
1.06793
1.03659
0.996187
0.969337
0.948743
1.02932
0.986757
0.992735
0.969672
0.997856
0.97939
0.927402
1.02043
1.0075
0.994332
0.991349
0.971002
0.933064
1.05815
0.999912
0.935511
1.00792
0.929083
1.04307
0.992487
1.01785
0.974222
0.983582
0.948619
0.99422
1.05388
0.999309
1.00773
0.988905
1.00318
1.00855
0.929828
1.01683
1.01385
1.03914
1.02836
1.06436
1.01141
1.00159
1.01589
1.06531
1.04483
1.10168
1.00039
1.05572
1.03207
0.96609
0.96771
0.987132
0.963461
0.971286
0.967047
0.961805
0.954609
1.03022
1.00492
0.963268
1.0115
1.03825
1.01596
0.962798
0.964473
0.948497
1.04139
1.02463
0.964333
1.0122
0.99802
0.995358
0.989393
1.005
1.02239
0.937591
0.970214
0.981846
1.07505
0.992626
0.966018
0.998473
1.0355
1.07952
1.02907
0.981323
0.960056
0.996395
1.02185
0.974564
0.978588
0.987881
1.01494
0.971914
1.00024
0.990479
1.02342
0.938862
0.992423
0.965341
0.989286
0.978524
0.952929
0.933591
1.05194
1.03768
1.03328
0.907008
1.06973
0.990539
1.03178
0.990723
0.993544
0.950172
1.0346
0.937621
1.02409
0.979042
1.02672
0.995812
0.977797
0.992953
1.05114
1.05082
1.02348
0.980993
0.980708
1.02466
0.995867
0.972026
0.994915
0.968505
1.02106
1.00018
1.00282
1.01422
1.00521
1.0215
1.01019
0.998165
0.969615
0.984391
1.04894
0.966218
1.01164
0.967358
1.00727
1.00417
1.03333
1.06802
1.03534
1.01254
0.997008
0.971855
1.04255
1.03526
0.989196
1.02576
0.986058
0.992105
1.01334
1.00838
1.0043
0.987093
1.01693
0.95236
0.983707
0.962139
1.01178
1.00481
0.996156
1.01604
1.00941
0.979306
0.981948
0.981407
0.96019
1.01499
0.976091
0.984699
1.04551
0.985679
1.00546
0.964482
0.973971
0.945197
0.978525
0.973589
1.0083
0.970974
0.997103
1.04016
0.936968
0.990489
0.932189
0.998266
1.01684
0.905173
0.974417
1.04215
1.03282
1.0246
1.04588
1.02931
1.0028
0.956096
0.972643
1.0463
0.981353
1.01026
1.01723
1.0199
0.97491
0.972746
0.998451
0.970627
1.02126
1.00111
0.960671
1.00085
1.0059
0.955971
0.977916
0.985057
1.04072
0.989734
0.99353
0.95833
0.99452
1.05877
0.970885
1.01363
0.988074
1.04154
0.993103
1.0171
1.01567
1.02093
1.03966
0.96631
0.992312
0.982597
0.976746
0.992043
1.06194
0.982038
1.01762
1.04561
1.07548
1.01015
1.01656
1.00824
1.05563
1.00084
0.999167
0.979885
0.986176
1.02017
0.983486
0.979398
1.00865
0.980882
1.01675
0.983519
0.92416
1.02746
1.05011
1.07327
0.971224
1.01187
1.01074
1.02092
0.997475
0.990719
0.961995
1.02342
1.00156
1.03537
0.99386
1.01348
1.00998
1.03236
0.977656
0.97904
1.01067
0.976438
1.01674
0.982172
1.01783
1.0538
1.01295
1.04947
0.995957
0.984659
0.945586
0.994458
0.975297
0.963946
0.976267
0.981338
0.954175
1.0557
1.01079
1.0012
0.999687
0.978495
1.05729
1.04396
0.934755
0.94467
1.03342
1.03079
0.981283
1.05753
1.02892
1.00253
0.97038
0.985582
1.01571
1.02185
0.964548
1.00508
0.934139
0.938599
0.951413
0.991459
0.951691
1.04856
0.999487
0.980627
0.960717
1.05796
1.01358
1.01586
0.961232
0.995344
0.996198
1.03853
1.0645
1.06235
1.0815
0.978931
0.964374
0.997257
1.00766
0.987458
0.978759
1.00515
1.03438
1.0266
0.936586
0.970044
1.02119
1.01673
1.06011
0.970165
0.983747
1.00081
1.06085
0.99598
0.944293
1.03936
0.964567
1.04294
0.991971
1.04969
1.01287
1.02033
0.946305
0.996922
0.916537
0.992295
1.05579
0.958301
1.00511
1.01053
0.942447
1.00118
0.928859
0.981811
1.02243
1.0536
0.99274
1.01357
1.02497
1.0441
0.971167
1.03588
1.00598
1.02671
0.971252
0.968893
1.0012
1.03585
1.05092
0.962913
1.00898
1.05519
0.956827
1.01306
0.995464
0.999835
1.05574
1.02071
1.01837
0.964565
1.0702
1.04129
1.10289
1.02484
0.973397
1.05251
0.986609
0.963762
1.03842
0.973718
1.09028
0.975801
1.00268
1.03742
1.00965
0.982735
0.959247
1.0037
0.974583
1.00276
0.972808
0.984803
1.00292
0.970296
1.02701
1.00796
1.01929
1.05299
1.01307
1.00158
1.02346
0.993194
1.00523
0.93671
1.04567
0.954214
1.03241
1.02364
0.970944
0.968736
1.07646
1.01777
1.02751
0.998447
0.971422
1.06185
1.02693
1.02848
1.04189
1.05119
1.01856
0.992622
1.05826
0.96573
0.940716
0.981411
1.07739
0.999083
0.990812
0.964579
0.969892
1.00454
1.0189
0.997614
1.03807
0.963271
0.95854
0.994051
0.981029
1.02407
0.978857
0.9742
0.990526
1.00872
1.10303
0.964769
1.0417
1.05024
1.03797
0.989371
0.9968
1.04967
0.981741
0.986448
1.01825
0.992398
1.03958
1.0295
0.987073
0.974523
0.947384
0.994015
1.01713
1.00043
0.934403
0.960851
1.05541
0.979217
0.991409
0.975529
0.963832
0.946364
0.96871
0.957644
1.0564
0.945654
1.01184
0.991848
0.977866
1.0506
1.0201
0.992528
0.967927
0.997539
1.01341
0.936312
1.03304
1.00529
1.0283
0.952297
0.995834
0.975512
1.04196
0.991084
0.995533
1.00173
1.0733
1.05945
1.01726
1.07829
0.965255
0.941595
0.994589
1.00318
1.02131
1.021
0.985557
1.05289
1.07379
1.00772
0.998786
1.03207
0.990252
0.994411
1.05019
1.01346
0.954727
0.966818
0.978238
1.08222
0.96667
1.04514
0.963698
0.971363
1.04802
1.0133
1.02099
0.988615
1.07148
1.04813
1.00824
0.990677
1.04074
0.993485
0.991486
0.98666
0.954094
0.983871
0.994264
0.956311
0.965743
1.10816
1.00921
0.976297
0.935052
1.0495
0.937144
1.03211
1.04254
1.03506
1.03373
0.938603
0.975005
1.01627
1.04006
1.0354
0.98927
0.990537
0.986972
0.965834
0.996369
1.03366
1.0209
0.951046
0.930212
1.02778
0.969014
0.995758
0.999496
0.974727
1.0292
1.02182
0.990475
0.991517
1.00182
1.01882
0.997404
1.06133
1.03825
1.06373
0.969523
1.00266
1.04611
0.993867
0.96925
0.92214
1.00799
0.907869
1.03089
0.981218
1.01087
1.0324
0.998825
0.984419
1.02046
1.01974
0.939371
0.99013
0.965906
0.989594
0.948279
1.0161
1.00766
0.972354
1.03037
1.0398
0.981702
0.997302
0.989276
0.985706
0.950353
0.96905
1.03164
0.963813
0.974614
0.974027
1.00018
1.03592
1.03241
0.997987
1.0235
1.0064
0.957661
1.02472
0.953975
0.999165
0.931403
1.03754
0.95062
0.985967
0.993646
0.997947
0.933587
1.0064
1.0109
1.01537
0.998074
0.964616
0.999684
1.01585
0.962937
0.940424
0.981315
0.974495
0.966797
0.956636
0.997055
1.05352
1.00917
0.993942
1.00461
1.01312
0.939068
0.987669
0.975828
1.04384
1.06948
0.919629
0.987065
1.01435
1.01529
1.0054
1.0197
1.04776
1.01211
0.992409
1.00683
0.938553
1.00306
1.00643
0.998132
1.01186
1.01994
0.972316
0.980469
0.949463
0.988267
0.960116
0.975909
0.993265
1.05153
0.961906
0.939552
1.00486
1.01918
1.00841
0.967048
1.02734
1.02134
1.00588
0.953033
1.04017
1.01863
0.954844
1.01735
0.959826
1.0149
0.970892
0.987257
1.08823
1.02062
0.92646
0.989936
1.04407
0.918176
1.04721
1.02802
0.95902
1.02964
1.00608
0.983662
0.994603
0.965476
1.02324
1.03249
1.00403
1.03633
1.00397
1.03118
0.991122
0.938172
0.996755
0.982961
0.97849
1.05224
0.980352
1.05325
0.980539
0.960117
0.986516
1.00754
1.02091
0.978394
1.00962
1.02195
1.01874
1.01025
0.951232
0.988971
1.05447
0.994842
0.982366
1.01793
1.01045
0.928672
0.911985
0.990674
0.994647
1.00487
0.978803
1.0285
0.991184
1.0341
1.06509
0.971634
1.02362
1.00309
1.01778
1.00568
1.01926
0.937808
0.942623
1.00627
0.990624
0.991943
1.00143
0.941945
0.97546
1.02762
0.999137
1.03776
0.94992
1.00393
0.92197
0.976201
1.00454
0.982247
1.01252
1.0079
1.00879
1.04722
1.04773
0.984878
0.999536
1.02351
1.00714
0.982324
1.01899
1.03203
0.939194
1.03631
0.98881
0.962903
0.91592
0.991212
0.996888
0.967157
0.977527
0.910973
1.01021
0.948478
1.04345
0.979803
1.04602
1.00801
0.997844
0.970363
0.97093
0.976003
1.04115
1.01562
0.997768
1.08355
0.984537
0.957101
0.956593
1.00766
0.970751
1.02329
1.01165
1.03661
0.997588
0.960533
1.03124
0.997517
0.961272
1.01335
0.933906
0.944679
1.0189
0.93273
1.02711
1.00349
0.977033
0.98877
0.941509
1.0456
1.03988
1.00112
0.986217
0.960724
1.01558
1.03094
0.958984
0.966046
0.969987
1.01863
0.984517
0.958961
1.00115
1.04561
1.0331
0.94146
1.01994
1.03249
1.03307
0.974575
1.00942
0.997806
0.937619
0.991784
1.04253
0.975088
0.981136
1.02974
1.00343
0.929682
0.993618
1.01437
1.00618
0.952726
0.96848
1.00919
0.956255
1.02797
0.965444
1.00746
1.01621
0.958108
0.95869
0.984324
1.01179
1.0533
0.985226
0.983761
0.911345
1.00049
1.00796
1.04632
1.02838
1.00554
1.02342
0.974025
0.976789
1.01352
0.972005
1.01155
0.980937
1.00745
0.985691
1.00388
0.997426
1.01789
1.00413
0.988844
1.02183
1.00002
1.00754
0.990533
1.00609
0.961539
0.927643
1.07991
0.986019
0.978519
1.01312
0.952706
1.02068
0.965753
0.989774
0.977211
0.921544
0.997443
1.00989
0.959886
1.00654
0.957714
0.946714
0.977439
0.983629
1.02901
1.02216
0.948304
1.05256
1.01529
1.04826
0.978847
0.985563
0.998149
0.990131
1.08359
1.0115
0.975761
1.01118
0.978187
1.01556
1.02669
0.974481
1.02645
0.972252
1.01294
1.01851
0.995184
1.05507
1.03625
0.942659
1.06065
0.952871
1.07622
1.0186
1.00637
1.02693
1.00766
1.00309
1.04908
1.01769
1.08779
0.944028
0.970294
1.02637
0.964933
0.988818
1.01627
0.954675
0.974265
1.0153
0.996454
0.993245
0.992603
0.993978
1.00017
0.920549
0.98688
0.989397
0.99095
1.0039
1.04245
0.926986
0.999885
1.02275
1.03213
0.98848
0.993834
0.945647
0.992816
1.00915
0.986435
1.03109
0.975294
0.993637
1.05243
1.01259
1.01364
0.969109
1.08527
1.03589
0.977108
1.03046
1.01661
1.02118
1.02101
0.962357
1.00417
1.00066
1.0069
1.03899
0.978607
1.03649
0.960381
0.981363
1.11495
1.01077
0.944363
0.99109
1.02654
1.04084
1.03589
1.05223
0.951049
1.0455
1.09727
0.976655
0.966903
0.951106
1.00766
1.00711
1.00948
1.02939
1.06791
1.02787
1.0096
1.01018
1.07664
1.04636
1.00692
1.04797
1.02093
0.992683
0.95176
0.961985
1.02539
0.927354
0.974738
0.988373
1.0082
0.973699
0.899362
0.957935
0.960094
0.984408
1.02009
1.02144
1.04024
1.01807
1.01214
0.939815
0.975624
1.01317
0.951467
0.970673
0.953693
1.03978
0.967774
0.99477
0.913193
1.04113
0.995662
1.02479
0.941267
0.952765
0.951038
0.978519
0.997185
1.00746
0.988493
1.01195
1.09392
1.02625
0.961923
0.980917
0.978934
0.973624
1.0241
1.03219
1.05414
0.99297
0.991575
1.03502
1.02678
1.05112
0.975055
1.03006
1.035
0.963546
1.03956
0.94623
1.01161
0.978261
1.03173
1.02797
0.976089
0.966167
1.00073
0.981588
1.05614
1.08642
0.945309
0.969229
1.00688
1.00418
0.991148
1.05041
1.04498
1.03706
0.955393
1.01836
0.978934
1.04872
0.945203
1.01529
1.01429
1.07148
1.03374
1.02549
1.00162
1.05469
1.00848
0.923946
1.00383
0.936124
1.00715
1.00233
1.0123
0.980421
0.991528
1.05441
0.919262
1.01068
1.05209
0.988945
1.00698
1.00612
0.985793
1.06712
0.990774
1.00371
1.03681
1.00123
0.980497
0.944305
1.02121
0.937513
0.982155
0.95784
0.930141
0.975534
0.978244
1.00129
0.924763
0.973768
0.975846
1.02778
1.01168
0.97819
0.998877
1.00013
1.01215
0.982318
1.06701
1.02039
0.945735
1.04369
0.979209
0.989581
0.98163
0.932099
0.962598
1.02888
1.00939
1.02986
0.964512
1.02594
0.986221
1.01288
0.985255
0.995076
0.999941
1.00955
0.920465
1.09705
1.01695
0.973888
1.00197
0.990003
0.990954
1.03885
1.04594
1.0188
0.976285
0.999914
0.982129
0.957125
1.03671
1.02089
0.982755
1.01586
1.04084
1.04434
1.05017
1.04601
0.948818
0.99672
1.02665
0.998083
0.992707
1.0024
1.00508
0.918305
0.986384
0.981188
1.00867
1.00691
1.00479
0.971879
1.07751
0.990827
1.04219
1.00395
0.985411
1.02021
0.954119
1.0247
1.02073
1.02624
0.908421
1.05329
1.03167
1.01581
0.983675
1.00557
0.955786
0.997195
0.935615
0.936969
1.02483
1.02926
0.946609
0.960481
1.07564
0.959411
1.02034
1.0452
1.0556
1.00876
0.983141
0.969425
1.04064
0.996329
1.01204
1.02386
0.970902
1.01395
0.98121
1.02072
1.07191
1.02652
0.93318
0.967809
0.971119
1.03458
0.945924
1.025
0.977453
1.0129
1.02965
1.01529
1.08837
0.998841
0.933163
0.977714
0.981124
1.01362
0.972654
0.997921
0.958691
0.955631
1.0774
0.972981
0.977584
0.978351
0.958793
1.06914
1.02994
1.03324
0.969676
1.01193
0.977005
1.00868
0.962174
0.939425
0.993001
0.989674
1.01809
0.996468
0.97995
0.915434
1.0088
0.99322
1.03795
0.971702
0.992322
0.995144
0.966844
1.01566
1.03248
0.992959
0.939112
0.984714
1.04873
0.975655
1.04706
1.04127
0.993629
0.961128
0.993078
1.03512
1.05311
0.997413
1.01138
1.03678
1.01007
0.986203
1.02902
0.946423
1.02835
1.05124
0.97474
0.997559
0.996804
1.07786
0.989986
1.03264
0.99768
0.990254
1.03335
0.96241
1.02896
1.05209
0.972728
1.05283
0.987361
1.00197
0.93572
1.0116
0.967675
0.985651
1.07272
1.042
1.09961
0.927109
0.958426
0.974532
0.994262
1.02711
0.96568
1.08756
1.01503
0.979679
0.994846
0.964767
1.02769
0.996408
1.02313
0.985848
0.941211
1.00703
0.982257
1.01916
1.08529
1.06149
1.02231
1.02942
0.936147
0.995113
1.02148
0.94227
1.00779
1.07361
1.04645
1.02974
1.03461
0.924303
1.03126
1.01287
1.02071
0.955493
1.03736
1.04391
0.947784
0.944758
1.00083
0.998696
1.00534
1.04026
1.04846
0.988672
0.915696
1.03971
1.04042
0.981064
1.04303
1.03477
0.97776
1.03352
0.982581
0.942217
1.05
0.924835
1.00876
1.00623
0.989182
0.977503
1.10477
0.926456
0.916406
1.04501
1.011
1.0149
0.980511
1.00064
1.03467
1.04068
1.04685
0.919023
1.03573
0.991176
0.983357
0.991117
0.995918
0.979963
0.995222
0.989998
0.994893
1.01319
0.988672
1.00802
1.03712
0.96835
0.997658
1.03591
1.03634
0.962995
0.978307
0.985511
1.04386
0.929152
1.01722
0.999034
1.02768
0.984753
1.04637
1.02541
1.00723
0.989168
1.03751
1.003
1.04987
1.02042
0.925503
0.986304
0.999054
0.982222
0.999047
1.04022
1.01189
0.975474
0.975617
0.974114
1.03848
1.02356
1.07451
0.970211
0.977439
1.06004
1.00341
1.04611
1.00958
1.042
1.03414
1.01971
0.939172
1.07164
0.968162
1.044
1.0257
1.08221
0.997809
0.983018
1.06178
0.979972
0.97365
0.990543
1.05404
0.996006
0.974456
0.985697
0.977301
1.02752
0.972993
1.04592
0.966825
0.995524
1.04012
0.985922
1.01497
0.974012
0.994609
1.03667
0.992382
1.0013
0.979229
0.990542
0.981275
0.946497
0.971953
0.974637
0.989583
1.00062
0.940663
1.05893
0.97541
0.988047
0.989596
1.07098
1.00001
0.968158
0.952185
0.974643
0.960503
1.02166
1.00715
0.975597
0.983706
1.07972
1.02093
0.993166
1.00043
0.997602
0.996036
0.949839
1.02577
0.984016
1.03772
1.03368
0.937918
1.02713
1.04323
0.94343
0.993771
1.06343
1.00424
0.96057
1.02153
0.969549
0.97972
0.975643
1.00844
1.03373
1.04787
0.949419
1.01311
0.977417
0.929751
0.906565
1.01937
1.0571
0.979354
0.900947
0.947525
1.00986
1.02352
1.05363
1.05712
1.02694
0.969037
0.934467
0.988184
1.02573
1.00603
0.932372
0.989169
0.945482
1.03196
0.996321
1.00736
1.06518
1.03522
0.995119
0.951152
0.973985
1.02049
1.02984
1.02163
1.04966
1.02495
1.0308
1.02092
1.01403
0.982717
1.00896
1.03824
0.97988
1.05297
0.96823
1.0498
1.07164
0.97187
0.938437
0.943412
1.04462
0.990877
0.991785
1.00407
1.03801
0.959964
1.00771
0.968969
0.963237
0.98651
0.967297
1.00991
0.919655
0.886907
1.00925
0.981984
1.00199
1.03089
1.02547
1.03037
1.03176
1.02468
1.00118
0.990274
0.96001
0.941052
0.9787
1.01309
1.075
1.02434
1.0226
1.04655
0.965365
0.941722
0.988047
0.951816
1.02397
0.947678
1.01052
1.0381
1.05273
1.01761
1.02859
1.09006
1.02795
0.93012
1.04888
1.02388
0.955432
0.9812
1.03396
1.0085
1.00899
1.03269
1.00176
0.948472
1.03
0.978206
1.01884
0.997329
0.91584
1.01373
0.990175
0.994746
1.04554
1.03187
0.993521
1.01557
0.954127
0.979665
0.973402
0.990419
0.983478
1.02056
1.01032
1.00095
0.991191
0.991772
0.98599
0.937747
1.02415
1.0207
1.04057
1.01617
1.02579
1.05145
0.92775
0.972614
1.02835
1.03699
1.04304
0.996952
1.018
0.962534
0.962191
1.00612
0.971094
1.02267
1.05554
1.02812
0.956611
0.995668
0.987708
0.965835
1.01762
0.995305
0.983443
1.02733
1.02521
1.01391
0.982062
1.00023
0.987501
1.0555
0.96909
1.00973
0.940096
0.999673
1.01148
0.990007
1.01609
1.02158
0.935741
0.976324
0.9999
0.989254
0.93304
1.00502
0.960903
1.01753
1.0053
0.964561
1.01716
1.05747
0.98599
1.01452
1.00961
1.02043
0.905556
1.07844
0.971421
1.06541
1.05284
1.05266
1.0781
0.943479
1.03421
0.956287
1.00632
0.996713
0.976798
1.03827
0.931835
0.949514
0.961811
1.01505
0.9875
0.982366
0.933399
0.951677
0.983014
1.0132
1.01113
1.00426
1.03201
1.01777
0.980792
0.990579
1.01668
0.986393
1.02004
1.02276
1.04223
0.998501
0.998926
0.997999
1.04113
0.989852
0.912249
0.962143
1.00108
0.985542
1.01074
0.921932
1.01084
1.01014
0.998184
1.02267
1.00861
1.05645
1.01498
1.0028
1.02441
1.06283
0.987774
0.912677
0.93257
1.00695
0.984901
0.967791
0.948431
0.976359
0.992722
1.02105
1.00934
0.995473
0.987548
1.04516
1.02935
1.03188
0.991488
0.998505
0.96351
0.990446
0.939658
1.03195
0.993678
0.965726
0.990934
1.0305
1.02479
1.01665
0.948882
1.00107
1.02465
0.987563
0.981752
0.995438
0.976674
1.00865
1.0373
0.96791
1.03493
0.976337
0.932278
1.06514
1.01416
1.0521
0.990133
0.9536
0.928328
0.987374
1.01425
0.959417
1.0311
0.995531
0.96204
1.03931
0.986633
0.937275
0.941878
1.0077
0.95193
0.963279
1.03402
0.962726
0.982435
1.03596
1.04869
0.965908
0.995595
0.992257
1.00265
1.03873
0.998797
1.0593
0.984014
0.98406
0.952977
1.0179
1.00284
0.992808
0.942875
1.00676
0.9975
1.03117
0.975609
0.964178
0.952978
1.04755
0.966916
0.976251
1.01496
0.976974
0.985056
1.05813
0.966842
1.04783
0.973616
1.05745
0.955183
0.985252
0.971829
0.971414
1.02363
1.0497
1.01966
0.989304
0.991573
0.988976
1.02164
0.916106
1.0594
0.957637
1.00137
1.07355
0.938281
1.04591
0.918562
1.0267
1.04016
0.95027
1.00208
0.982966
0.982067
1.03068
0.970684
0.957671
1.03983
0.969129
1.02206
1.02271
1.00371
1.01254
1.05794
1.00736
1.00104
0.961286
0.993491
1.02082
0.939489
1.00876
0.938516
0.994667
0.992973
1.01097
0.958846
0.998029
0.983379
0.986133
1.03449
0.936756
1.03276
0.961193
0.998921
0.915677
0.942203
1.05907
1.04185
0.944507
0.922061
1.0015
0.969649
0.974435
1.03743
1.00775
1.02472
1.05257
0.975323
0.953434
0.93404
0.975817
1.02699
1.02303
0.993297
1.02403
0.927047
0.975122
0.952645
0.979372
1.00648
0.981073
1.04787
1.04794
1.03682
0.979844
0.964011
0.969487
1.01399
0.965823
0.986826
1.03769
0.922751
1.06698
1.04986
0.971807
0.948408
0.987782
0.987555
1.00422
1.02779
0.899495
1.01665
0.945113
0.992965
0.943654
0.967647
0.99613
1.02671
1.0054
0.988127
1.00597
1.01599
0.984666
1.02701
1.0275
1.06953
1.01575
0.979844
1.04555
1.06114
1.02637
0.939802
0.99634
1.0023
0.944463
1.04063
1.06311
0.908709
0.927596
0.968453
0.957344
1.0048
0.940156
0.987781
0.996137
1.03825
0.996672
1.05388
0.925543
1.02011
0.973627
0.974062
0.987866
1.01227
1.00004
0.988528
0.955728
1.02284
0.982568
0.946866
0.964698
1.07624
1.05368
1.04255
0.945994
0.990164
0.976687
0.979323
0.979641
0.953682
0.977589
0.994337
1.04891
0.999727
0.994248
1.00186
0.966
1.00096
0.999406
1.0356
0.944064
0.984331
0.98906
0.958646
0.975542
0.997988
1.03831
0.949048
0.934383
1.05963
0.985053
1.05759
1.0193
1.08799
1.01214
1.02126
0.983238
1.0042
1.0154
0.928301
0.992737
0.943529
0.963852
0.973405
0.985499
1.02905
1.04089
0.957367
1.00186
1.04731
0.959157
1.01918
1.01473
1.02952
0.997685
0.997338
1.01211
1.01323
1.03172
0.977769
1.00558
0.930137
1.04
0.900573
0.992806
0.914683
1.0336
0.978793
0.963802
1.02996
1.04814
0.964489
0.969858
1.05654
0.979016
0.993528
1.05035
1.08457
0.977834
0.999352
0.984507
1.05199
0.995733
0.987391
0.981208
1.01953
1.0106
0.925593
1.01979
0.92414
1.00873
0.986426
0.971798
1.03652
1.03818
0.993862
0.999146
0.951476
0.975035
0.995022
0.960475
0.991919
1.08863
0.944316
0.97901
0.955831
0.960588
1.05438
0.99756
1.0525
0.933382
1.02095
0.981666
0.985339
1.01736
1.06198
1.02297
1.00908
1.03385
1.04157
1.00392
0.990827
0.967201
1.03155
1.02104
0.992426
0.982144
0.983441
1.04502
1.02647
0.947446
0.900832
1.00323
0.987781
0.966364
0.978713
0.994158
1.03281
1.03294
0.987768
1.07326
0.969744
1.01765
0.943629
1.0066
1.017
1.03526
1.0556
1.01267
0.984248
1.01825
1.04727
0.976907
1.02479
0.974311
0.962178
1.01532
0.969121
1.03651
1.00408
1.03841
1.00111
1.07118
0.980249
1.00932
0.989134
1.00589
0.961671
1.03903
0.996469
0.965731
0.995373
1.00966
1.04
1.03831
0.967272
1.0387
0.985578
0.951562
1.03761
0.918917
0.966849
1.07387
0.997605
0.985534
0.993685
1.01246
1.01713
1.00629
1.04936
0.958901
1.05948
0.979916
1.00694
0.975086
1.02572
1.09033
0.99538
0.98597
0.978656
1.04137
0.946973
0.955887
0.98894
0.998066
1.02304
0.962897
0.966405
1.0065
0.952806
1.04742
1.04804
0.967238
1.02289
0.978822
0.989213
0.96451
1.03056
1.05034
1.00728
1.0154
0.989798
0.979875
0.984417
0.962872
1.00098
1.01031
1.02422
1.07359
0.986302
0.989525
0.965181
0.912445
1.02891
1.03323
0.992254
0.99742
0.940979
1.00433
1.06669
1.00096
0.942467
0.981609
1.02556
0.958375
1.01942
0.999096
1.03143
0.976094
0.966206
1.04001
0.989919
0.98893
0.958316
1.01592
1.04076
0.97802
0.96237
1.01295
1.0239
0.927928
0.996936
0.980133
1.04534
0.976534
0.996933
1.02858
1.05267
0.984212
1.03932
0.982402
1.00239
1.01275
0.956736
1.04317
1.01469
1.05582
0.975689
0.968071
0.959296
1.01298
0.942584
0.958523
1.00839
1.01002
1.06283
1.04463
1.01177
0.993432
1.05005
1.02744
0.984841
1.00644
1.05483
0.943075
1.01322
0.9902
1.00864
0.933968
1.01478
0.993114
0.99608
1.0005
0.976152
1.0217
1.05794
1.08556
1.01373
0.990278
1.02253
1.05309
0.954179
0.995708
0.990417
0.959225
0.999819
1.03441
1.00785
0.969643
1.05062
0.954041
1.08204
0.957782
0.985279
0.944329
1.00064
1.01053
0.94972
1.09166
0.983825
0.984377
0.941419
0.970727
1.01364
1.06421
0.995462
1.0655
1.02181
1.02504
0.933919
1.00511
0.971891
0.969114
1.03748
0.99403
0.967163
0.881705
0.960493
1.02472
1.05172
0.983817
1.0261
1.02762
1.01047
1.10076
1.03874
1.06573
0.976436
1.00243
1.02769
1.03346
0.981843
1.03464
1.00585
1.01547
1.05469
0.986943
0.986796
0.977576
0.996506
1.06713
1.06821
1.01507
0.985582
1.02629
1.01391
1.0483
1.02661
1.02549
1.00118
1.03339
1.02862
1.05028
0.970465
0.999315
0.947003
1.00267
0.981022
1.09576
1.01085
1.06801
0.97762
1.02244
1.06208
1.00991
0.959233
0.949074
1.0293
0.976634
0.969972
1.02831
1.02256
1.02032
0.975298
0.965021
1.01877
0.960587
0.93631
0.978941
1.01116
0.993354
1.03309
1.06148
0.9915
0.9616
0.971922
0.952003
0.97864
1.04106
0.987695
1.00145
0.985622
1.02609
0.894832
1.03758
0.976063
0.933935
0.96742
0.936459
1.03768
1.04684
1.01033
0.957009
0.981927
0.931381
1.04027
1.00584
1.00922
1.00401
1.04908
0.964091
1.00206
1.02556
1.03785
1.01607
0.98667
1.07754
1.02708
1.00339
1.01318
0.988522
0.999601
1.011
1.06938
0.925725
0.998224
1.03441
0.978235
0.993527
1.05245
1.04418
0.958605
1.0411
1.06473
0.985355
1.00717
0.989376
1.0269
1.03206
0.981421
0.954285
0.956927
1.03809
0.959346
1.0223
1.02085
0.952554
0.982325
0.957127
0.993739
0.980578
1.02751
1.05101
1.02542
1.03108
1.07206
0.995356
0.948857
1.01925
1.00266
1.04106
0.93008
1.0086
0.961385
0.943797
0.982615
0.949758
0.964096
1.02406
1.01391
0.992256
0.968989
1.03153
0.991886
0.948327
0.964351
1.00263
0.977745
0.989931
1.0163
1.02758
0.988321
1.03144
1.04917
0.978326
0.967257
1.07545
1.00368
1.02863
1.04014
0.988051
1.02114
0.998735
1.00013
0.925619
0.984644
1.01
1.00328
1.01422
0.996951
0.999471
0.970149
1.0146
1.00078
1.0157
1.02114
0.987528
1.01572
1.03206
1.00168
0.933919
0.985348
0.959194
0.939644
1.09583
0.971379
0.995172
1.00551
0.987166
1.05788
1.01037
0.999244
0.952462
0.989539
1.00927
0.980231
0.938552
1.03197
0.963882
0.952468
1.01901
0.976203
1.04481
1.06702
0.955878
0.972069
0.96039
0.940134
0.95058
1.00504
1.01183
0.98012
1.03122
1.02115
1.00072
1.02427
0.981981
1.01624
0.997564
0.999937
0.968804
1.01025
1.10235
1.02289
0.949748
1.00219
0.947208
1.03525
1.01401
0.971435
0.945135
0.93112
1.02085
0.993364
0.988066
0.981128
0.926915
0.963944
1.03395
0.978481
0.950547
1.01016
1.04204
1.00639
0.978687
1.03535
1.03991
1.01298
0.957011
0.980788
1.02345
1.02354
0.98958
0.90809
1.08074
0.995906
1.02279
1.04338
1.00303
0.998159
0.962173
0.94784
1.04288
1.03805
1.00011
0.969961
0.960827
0.974139
0.962958
0.970321
1.03389
0.977307
0.992492
1.02698
1.01303
1.02742
1.03487
1.00623
1.03984
1.01107
0.942139
1.00811
1.08049
0.955514
0.951589
1.0641
0.939149
0.966464
0.90007
1.04598
0.948413
1.01191
1.01207
0.965352
0.945384
1.05119
1.02505
0.9565
0.995462
0.976696
1.04096
1.02947
1.01775
1.02267
1.06162
1.06839
1.05856
0.932036
0.980126
0.997722
0.984895
0.995832
0.983719
0.96715
0.993775
1.03079
1.03523
1.04428
1.03706
1.00622
0.942609
1.008
0.937265
1.04752
1.00556
1.03064
1.00391
1.00179
0.975685
1.00099
0.988848
0.955069
0.980405
1.04049
1.01754
1.01462
1.01038
0.9709
1.01384
0.995019
1.01178
1.08166
0.987576
0.99452
1.03988
1.07191
1.02591
0.993236
0.931522
1.03037
1.00356
1.01919
0.966716
0.972423
0.961411
0.997858
1.02464
1.02344
0.993133
0.914627
0.969397
0.977709
1.041
0.981979
0.989459
1.0072
0.969495
1.01643
0.986367
0.942395
0.936881
1.032
1.06701
1.01872
1.02489
0.958298
0.999555
0.99487
1.00293
0.99325
1.0341
0.97713
1.00923
1.03746
1.00619
0.97994
1.03088
0.977722
1.00942
1.02113
0.956225
1.04213
0.984279
0.951369
0.941155
0.970888
1.00985
1.05672
0.932865
1.01239
1.00457
0.956858
0.964349
1.03035
1.03399
0.948687
1.00066
1.02181
0.974755
1.04845
0.984741
0.9541
1.00809
1.06121
0.943551
1.04389
1.04156
0.98432
1.01787
0.994798
0.995416
0.993826
0.950999
1.02298
1.00301
0.995848
1.04761
0.994494
0.994363
0.981174
0.987678
0.943072
1.03113
0.990721
1.04995
0.989846
0.992988
0.950117
0.938225
1.01244
1.01457
1.05653
0.987227
0.945136
0.936368
0.993023
0.977077
1.01192
1.02936
0.955182
0.988978
1.00906
1.0537
1.01323
1.01598
1.00775
0.98841
0.980541
0.959528
0.989096
1.02595
0.957656
0.981126
0.998869
1.01056
1.03101
0.987812
0.967956
0.98631
0.983603
0.967295
0.980001
1.03525
1.00177
0.994749
1.04102
0.988507
0.961573
1.0189
1.01402
1.00293
1.0162
0.995328
0.928576
0.99726
0.985687
1.0082
1.02907
0.972225
1.04297
1.05172
0.983108
1.00249
1.0265
1.05098
1.02944
0.969835
0.979632
0.990812
1.05469
1.04541
1.08212
0.926377
1.01326
0.973081
0.99379
0.983302
1.02539
0.960247
1.04251
0.976196
1.05547
1.0444
0.975002
0.921442
1.06821
0.991341
0.933324
1.05882
1.00562
0.924615
1.04198
1.01628
0.986016
1.00042
1.01704
0.998647
1.08561
0.992954
0.927984
0.999421
0.991999
0.984087
1.04477
1.00731
1.05318
1.03031
1.00174
0.973884
1.06822
0.947795
1.04501
1.00403
0.948407
1.00646
0.984785
1.00983
1.01834
1.03372
1.03893
0.949236
1.01748
0.971639
1.03052
1.01145
0.997901
1.01524
0.947797
1.00058
1.01351
1.02581
1.00568
0.978403
1.00255
0.972789
0.967098
0.910647
1.01973
0.980018
0.9816
1.0247
0.983969
0.969285
1.01719
0.96071
1.09262
0.979801
0.952785
1.05138
1.03967
0.977168
0.979154
1.02246
1.04679
0.980021
0.982551
0.986914
0.994143
1.03995
1.03871
0.996023
0.958622
0.97322
1.01513
1.0038
1.00929
1.01718
0.992995
0.967401
0.987703
1.02296
1.04153
0.983942
1.02978
1.00652
1.00472
1.02544
0.982831
1.00311
1.01976
1.05387
0.981485
0.971633
1.05449
1.0372
1.04657
0.983639
1.01968
1.04542
1.01967
1.01124
0.963371
0.992806
1.04387
1.0398
1.00204
0.967098
1.00267
1.01978
1.0661
1.0017
1.01756
0.976647
0.972866
1.02098
1.0674
1.00387
0.967118
0.939844
1.06314
1.04309
1.00481
0.963206
1.01936
1.01661
1.063
1.01454
1.00832
1.02376
1.01742
1.00955
0.985805
0.995131
1.00331
1.03676
1.00641
1.04034
0.97148
0.977171
0.965029
0.995364
0.959039
1.02314
0.943972
1.00556
0.988795
0.944794
0.990202
0.983837
0.982939
0.996745
0.976631
0.973889
0.983691
1.01495
0.974168
1.00594
1.08058
0.994722
0.988572
0.964446
0.972002
0.962857
0.99634
0.991042
0.981977
1.01466
1.00257
1.00074
0.969073
0.972217
0.997745
0.992886
1.04157
1.01856
1.06572
0.980351
0.977912
0.99923
0.982634
0.988051
1.02247
0.988393
0.979277
0.959912
1.08952
0.959391
1.02948
1.01604
0.994587
0.962683
0.974332
1.02984
0.971336
0.950281
1.00659
1.06025
0.968527
1.04354
0.999614
0.964758
1.07463
1.01573
1.03889
1.02765
1.01525
1.02588
1.01233
1.01818
0.947194
1.00726
1.02982
0.965184
1.06082
1.02555
0.948972
0.993782
1.05513
0.975129
1.02853
1.00259
1.01639
0.982071
0.942954
0.951998
1.01944
1.03622
1.05775
1.02649
0.996587
0.937964
0.977561
0.984829
1.03021
1.0537
0.927864
0.973555
1.00117
1.01918
1.01531
0.962677
0.947087
1.02527
0.960691
1.00167
0.985779
0.959417
1.02296
0.989849
0.954044
0.962807
1.02149
1.01518
0.967677
1.03479
0.987867
1.00966
1.06099
0.98654
0.967278
0.998011
1.04059
0.967261
1.0433
1.01392
1.00697
0.970618
0.98786
1.00778
1.04541
1.00919
0.995546
0.980775
1.03887
0.927554
0.938881
0.976128
0.981265
1.07846
1.03343
1.04119
0.981567
1.02003
1.10077
0.995963
1.02071
1.03207
1.05931
1.01534
1.02987
1.00011
0.917921
1.03961
1.04799
0.999765
1.10506
0.968406
0.974495
0.973387
0.970251
0.98714
1.00644
1.01031
0.967224
1.01373
0.979171
0.994852
0.986574
0.989602
1.03668
1.01217
0.91945
0.995722
1.04421
0.986868
0.962491
0.993542
0.969067
0.969891
1.0121
1.03682
1.01454
1.0202
0.966025
0.940173
0.914949
0.982276
1.02376
0.988507
1.01408
1.02955
0.948154
1.02431
0.957095
1.04438
1.00014
1.0249
1.04697
0.962464
1.03405
1.03024
0.96115
1.08029
1.01812
0.895158
0.984434
1.01775
0.959563
0.958441
1.04305
0.977175
1.02603
0.96729
0.992128
0.964956
0.984522
0.978729
0.984393
0.976191
1.02498
0.997819
1.0184
1.01837
0.993165
1.02755
1.00144
1.01613
1.01299
1.04271
1.00206
1.06211
0.965983
1.06782
1.0102
0.98894
1.00256
1.07736
1.00838
0.992022
0.971119
1.05082
1.00958
1.03159
1.04396
0.961396
1.04312
1.02403
0.982866
0.998711
1.04626
0.983085
0.948522
0.981266
1.04655
0.966075
0.994375
0.987644
1.04449
1.04702
1.00746
1.05857
1.01517
0.984233
0.955112
1.04856
1.00962
1.05426
1.02142
1.02047
0.980129
1.00152
1.01174
1.02345
1.00149
0.954177
0.998132
0.91953
0.996106
0.950644
0.946387
0.98632
1.01897
1.01085
0.969073
0.982048
0.974851
1.00086
1.01812
0.988339
0.982786
0.971739
0.982297
0.939009
0.995989
1.01938
0.956872
0.956129
0.999853
1.02422
1.0148
0.975945
0.987159
0.965563
1.01004
1.02746
1.00932
0.972482
0.994867
1.06011
0.97618
0.973952
0.958795
0.971583
0.97297
0.977904
0.993766
0.973938
0.986666
1.03622
0.999242
1.09035
1.00669
1.01853
0.973296
0.941769
0.969469
0.938393
1.00602
1.03448
0.99846
0.952879
1.02261
0.914487
1.05209
0.993529
0.963096
0.985883
1.02034
0.918691
0.95992
0.99567
1.0036
1.01343
0.98607
1.01365
1.03294
0.985816
1.03295
1.03492
0.962386
0.96631
1.07063
1.02433
1.02131
0.991192
0.99234
0.980631
1.01049
0.933104
0.964682
0.997685
0.971813
0.958162
1.02261
1.03488
0.924084
1.03082
0.994601
1.08214
0.953484
0.963142
0.938326
0.973038
1.05531
1.0127
0.967445
1.02727
0.948944
1.00374
0.983214
1.03129
0.960485
1.04839
1.02179
1.0528
1.02318
1.09156
1.04241
0.975427
0.966388
1.06956
1.02661
0.964375
1.02508
0.944994
1.04183
0.913089
0.957847
0.983111
1.04021
0.92801
0.929859
1.01795
1.04971
0.960759
0.981639
0.972917
0.936213
1.04498
1.07806
1.00092
1.00348
1.02663
1.00874
0.993647
0.949873
0.994179
0.956823
0.974454
1.06348
1.02089
1.05551
1.01045
0.975162
0.963423
0.990129
1.08403
1.05015
1.00683
0.936327
0.94038
1.0406
1.07192
1.0062
0.998982
0.957075
1.01506
0.945213
1.07081
0.914839
1.00895
1.01758
1.05964
0.958483
1.05832
0.961447
1.01852
0.996055
1.03884
1.00452
0.999382
1.05926
1.06255
1.00449
1.05403
0.982051
1.05132
1.04476
1.01026
0.997884
1.08123
0.939693
0.957291
0.930528
0.959376
1.0534
1.03649
0.961842
1.0241
0.96438
1.01314
1.01444
0.978043
0.952941
1.01748
1.01119
1.02473
0.975104
0.994718
1.01823
0.975414
0.993879
1.0344
1.03099
0.999242
0.947726
0.940329
0.99545
1.005
1.04554
0.975059
1.00408
0.98908
1.00966
1.01876
1.00483
1.00904
0.987489
0.972194
0.995147
1.02737
1.03527
0.999147
1.00091
0.989086
0.978421
1.00354
1.00645
1.0857
0.960177
1.00998
0.92117
0.935991
0.963583
1.07358
0.966665
1.05902
0.952395
0.997459
1.00784
1.01094
0.992908
1.03103
0.95012
0.96707
0.955315
1.00282
0.977782
1.01746
1.0318
0.972371
0.980842
0.96319
0.984686
1.03897
0.994882
0.987583
1.05187
1.03537
1.02648
0.963179
1.01114
0.936732
1.07038
1.00823
1.00392
1.04518
1.00025
0.999805
0.96568
0.994378
1.02499
1.0154
0.9643
0.971716
0.951365
1.00101
1.04167
1.00577
1.03922
1.0224
0.979874
0.956013
0.923562
0.96821
0.999969
1.04228
1.05599
1.02097
0.978641
1.01669
1.0336
0.949706
1.00643
0.986037
1.00207
1.00591
1.04057
1.01474
0.984887
0.980912
1.02058
1.08349
0.996464
0.953207
1.00487
1.00801
1.02118
1.00703
1.04888
1.01725
0.982994
0.999312
0.987494
1.0387
1.01619
0.926351
0.999063
1.02773
1.00665
1.03552
0.96158
1.07101
0.993129
1.02828
0.998055
1.03297
1.02238
1.01807
0.967508
1.01927
0.982944
1.01187
0.931092
1.00332
1.03522
0.99712
1.00987
1.00979
0.966126
0.997083
1.01778
0.984832
0.994123
1.0277
0.945552
1.03946
0.969544
0.989674
1.036
0.968522
1.00758
0.975085
0.9623
0.941045
1.03064
1.02597
1.0578
0.979503
0.997487
1.01289
1.05412
0.97962
0.99843
0.972276
0.996201
1.03945
0.983196
0.957106
1.00639
0.993564
1.03544
0.964727
1.06969
1.06624
0.960738
0.959906
1.01703
0.977039
1.05456
0.999629
1.06503
0.989073
1.03408
1.01678
1.02357
1.01966
0.978861
0.991625
0.991318
0.99955
1.03873
1.05406
1.02296
0.985336
0.998498
0.968813
1.00803
1.06058
1.0121
1.03864
0.986633
0.962375
1.06716
1.00648
0.984795
0.952799
0.975534
0.994128
1.03811
1.00882
1.04557
1.01503
1.05949
1.00912
0.983718
0.907788
1.02287
0.990532
1.06847
1.04569
0.991703
0.942789
0.976249
1.05352
1.0381
0.967808
1.00687
0.955166
1.03891
1.00261
0.954187
1.04158
0.98275
0.95824
0.948688
1.00963
1.0435
0.989273
1.01089
0.993358
0.973917
0.974004
0.94227
0.991659
0.995562
0.992849
1.03404
1.02903
1.02626
0.982972
1.02541
0.984228
1.02639
1.01837
0.922954
1.06749
0.994423
0.984934
1.02995
1.00729
0.999363
1.00485
0.951506
0.915241
0.983364
0.955347
1.00353
0.933271
1.02191
0.935147
1.02323
0.956873
1.03941
0.972174
0.974203
1.03848
0.992055
0.939431
0.951737
1.07176
1.02216
1.00127
1.00336
1.05536
1.07503
1.02908
0.979281
0.987919
0.995742
1.0026
0.922072
0.951519
1.01909
0.966786
0.991985
0.962387
1.03275
0.990414
1.00544
0.967628
1.01826
0.984355
0.994012
0.939264
1.03092
0.99793
1.02958
0.977376
1.01504
0.992333
0.954843
0.949683
0.989761
0.968065
1.03108
1.01379
1.03688
0.9589
0.987751
0.907949
0.95952
0.975197
1.03988
1.02268
1.09368
1.0298
0.931011
0.983865
1.01428
0.990806
0.994297
0.975331
1.00835
1.00919
0.962237
0.953199
0.95894
0.999756
1.03563
0.968926
0.997488
1.00074
0.996295
0.956854
0.988405
0.969234
0.993326
1.01721
0.932809
0.977238
0.966515
1.01571
1.00547
0.99972
0.996099
0.954472
0.974718
1.03779
0.981946
0.953531
0.997853
0.921985
0.958378
1.04758
1.02949
1.02499
0.975584
0.948109
0.974245
1.06364
0.975192
0.941011
0.998726
0.97102
0.892031
1.02392
1.01026
0.901019
1.03161
1.00806
1.01077
1.00242
0.96353
0.990159
0.966297
1.04253
1.00246
0.998299
1.04754
0.910715
0.953279
0.969947
1.0743
0.957387
1.00011
0.974736
0.974206
0.960526
0.935544
0.974213
0.985577
1.00561
0.993601
0.970731
1.00043
0.964611
0.953598
0.940059
0.993263
1.02022
1.00088
0.983578
1.03199
0.946716
1.02969
0.965646
0.966059
0.951554
0.971294
0.962417
1.02971
0.983274
0.998841
1.05874
1.03871
0.972077
0.968423
0.978626
1.02274
1.06572
1.01093
1.00204
1.0155
0.97078
1.02904
1.02635
0.960958
1.00169
0.963736
0.987062
1.02141
0.975469
1.02555
0.959001
0.957046
1.02843
1.0631
1.01388
1.05706
1.00916
1.02506
1.0115
0.975139
0.984954
0.960268
0.974083
0.985915
0.980452
1.0204
1.01092
0.988878
1.03003
1.02093
0.979795
1.02042
0.994672
0.983785
1.06495
0.991499
1.03473
0.949647
0.953815
1.09253
0.98236
1.01231
1.02626
0.995346
0.970963
0.982742
1.01418
1.03443
0.953706
1.02625
1.02734
0.999875
1.00792
0.998494
0.974549
0.965759
0.928856
0.976332
0.997131
0.992119
0.957474
1.05099
1.03341
0.979594
0.983403
0.970782
0.96255
1.01773
0.992734
0.954379
1.00226
1.02576
0.955969
0.956816
0.969276
0.984674
0.930832
0.963132
1.03319
1.03523
0.958012
0.972165
1.03565
0.970637
0.967079
1.01736
1.01584
1.07731
0.982002
1.01093
0.955448
1.03497
0.996634
0.973905
1.05061
1.01008
0.953711
0.986194
0.952341
0.955751
1.02357
0.979446
0.992675
0.990282
0.969798
0.991993
1.0517
1.02418
0.997073
0.997694
1.00932
0.95915
1.0143
1.00568
1.05331
0.991543
1.02316
0.98209
0.968085
1.02928
1.02031
0.987001
0.952407
1.02812
1.06347
0.953948
1.00165
0.988017
0.91128
1.01518
0.966371
0.99493
0.932758
0.989063
0.976389
0.946381
1.04723
0.918056
1.03037
1.0033
0.996156
1.0347
1.01304
0.988756
0.945969
1.02228
0.993628
1.02888
0.912754
0.995823
0.981425
1.02567
1.04642
1.00052
0.957887
0.99919
1.04582
1.00325
0.937206
1.00382
1.01437
1.00906
1.03101
0.936494
1.03846
1.04754
0.993415
1.06797
1.04278
0.957297
0.976195
0.970874
0.963494
0.981869
0.948861
1.00373
1.02059
1.04
0.992815
0.984582
0.990844
0.994013
1.02139
0.927412
1.00742
0.944779
1.04615
1.00003
0.94944
0.989501
0.933865
1.02925
0.99928
1.04703
0.932228
1.02192
0.985472
1.03357
0.983228
0.985493
1.03357
0.942776
1.03478
1.04302
0.99144
0.965792
1.01763
0.985313
0.978757
1.0116
1.00194
1.00695
0.999511
0.988602
1.02836
1.07128
1.02198
1.02469
1.00794
0.968648
1.0015
0.999593
0.950373
0.99934
1.02225
0.99051
1.03963
0.945026
0.985778
0.977778
1.0083
1.03025
1.02447
0.953367
0.940091
1.01687
0.966069
0.95968
1.00061
0.987066
0.961626
0.936744
0.960737
0.933748
0.993474
1.07329
0.99003
1.00704
1.02539
0.990639
1.01445
0.976767
1.02654
1.0408
1.04493
1.06008
1.03995
0.9922
1.0326
0.980195
1.00326
1.06085
0.978667
0.983281
1.09297
0.99977
0.983459
0.971821
1.00383
1.0057
1.02092
0.995083
0.99755
1.03273
0.970377
0.962696
1.00048
1.00374
0.981089
1.02462
0.96903
0.93809
1.05063
0.997286
1.0171
1.03549
1.04074
1.04154
1.0138
1.02507
0.976244
0.987326
1.0143
1.0963
0.958236
1.00796
1.01165
1.01284
1.07886
1.00077
0.917987
0.975263
0.970159
0.971568
0.99282
0.982024
1.09721
0.973362
1.06414
0.963636
0.982802
0.987959
1.00113
0.94869
1.03791
1.06476
1.01943
0.935593
1.04573
1.01097
1.00343
0.986511
0.97381
1.08194
0.978008
0.987493
0.963218
1.0523
0.992848
1.05056
0.969107
1.01875
1.01592
1.04818
1.0668
0.98363
0.989657
0.994057
0.933689
0.972693
0.993153
0.953752
0.931864
1.00906
1.05301
1.04413
1.02302
1.05139
1.0118
0.96574
0.982133
1.03585
1.00929
0.978477
0.99587
0.996753
1.00851
0.994876
1.04985
1.02234
0.983426
1.01401
0.99085
0.939211
1.03125
1.05553
1.04099
0.983613
0.978474
0.965662
1.01125
1.05503
0.985152
1.02581
1.0036
0.969081
0.979671
0.969402
1.02627
1.06174
1.02397
0.973163
1.02268
1.06767
0.990949
0.995879
1.03224
0.955927
1.00098
1.01126
1.00435
1.00034
1.05734
0.989348
0.996538
1.01128
1.04063
1.02587
0.974747
1.05062
1.0175
0.946336
0.995198
1.00408
1.0244
0.97608
0.946899
1.02933
1.00508
1.01346
0.959431
1.01365
1.02215
1.03922
0.981653
1.03275
0.966735
0.983937
0.990609
0.992349
0.998144
1.03168
1.04761
0.899359
1.03047
0.94728
0.979379
0.997455
0.987962
0.991877
1.02476
0.98852
0.996612
0.998726
0.967093
0.970972
1.00798
1.05553
1.0059
1.02781
0.945513
0.986853
0.930275
0.985162
0.984741
0.992363
0.974652
0.881744
0.981101
1.01499
1.00299
1.00184
0.972131
0.985615
0.969084
1.03179
0.956387
1.04185
1.06852
1.049
1.03963
1.01006
1.01999
1.00006
1.01438
1.03699
0.949034
1.01261
0.982583
1.01657
1.04436
0.983683
1.02907
0.925694
0.95893
0.988571
0.984485
0.962679
1.08261
1.01643
1.01988
1.05597
0.97592
0.902938
1.04551
1.01707
1.03196
0.991347
1.0137
1.10438
0.994989
1.02989
1.00332
0.9697
1.06224
1.01027
0.955542
0.925759
1.05998
1.05442
1.02736
0.989993
0.947225
1.00848
1.03319
1.06813
1.04068
1.04879
1.00819
1.01202
1.01198
0.931332
1.02431
1.02906
0.984217
0.992679
1.02489
1.00816
1.00867
1.00284
0.94578
0.945674
1.01323
0.978353
0.994924
1.01933
0.996148
0.966975
1.02874
1.00155
1.04481
0.991798
1.05954
0.962116
0.908814
0.999439
1.06103
1.01489
1.0816
1.00683
1.00708
0.955805
0.97929
0.973747
0.996589
1.03069
1.00296
0.977457
0.985481
1.02753
0.987981
1.01538
1.054
1.02032
0.977517
0.994665
1.07089
0.9702
0.984562
1.00175
0.940452
1.01304
1.03777
1.02335
0.953343
0.969523
1.04023
1.05634
0.920575
0.985219
0.987781
1.05122
1.04088
0.993861
1.08336
0.972149
0.995692
1.02745
1.03754
1.04509
0.920434
1.02186
0.991199
0.990335
0.990485
0.953673
0.965788
1.02856
1.02831
0.979114
0.985981
1.00237
1.04399
0.918122
1.02196
0.997098
1.00866
0.979991
1.05276
0.971856
0.987085
0.972517
1.00742
1.09125
1.01035
1.00277
0.988137
1.01291
1.00645
1.02853
0.969985
0.994378
0.959094
1.03582
0.963841
0.920716
1.00797
1.00559
1.01429
1.052
0.956123
0.998878
1.01729
1.00549
1.01148
1.01797
1.0338
0.98662
1.00887
1.04759
0.961121
0.957376
1.03497
0.995168
0.992855
1.02212
1.01369
1.0547
0.919555
1.05341
1.02008
0.982622
0.965353
1.01618
1.04905
1.02374
0.971068
0.934287
0.993677
1.05184
0.945111
0.988943
1.01072
1.03566
1.00372
0.978867
0.942004
1.00735
1.03153
1.03042
0.927154
1.01019
1.03388
1.04428
0.978849
1.07317
1.00018
1.02884
1.00693
0.996775
1.02558
1.02636
1.01365
0.979812
1.02064
0.986799
0.951122
1.01104
1.05427
0.956083
0.990424
1.00422
0.944166
1.025
0.971418
1.00999
0.952602
0.962781
0.955772
0.98373
1.01311
0.973565
1.03825
1.07216
0.97159
1.02471
0.990803
0.937345
1.03011
0.979366
0.974521
0.999527
1.00292
0.985671
0.967009
1.03965
1.01803
1.00484
0.996814
1.07152
0.997613
0.989209
0.975758
1.05608
0.970781
0.999674
1.00453
1.01675
1.0103
1.00784
0.982408
0.990836
0.978256
0.980143
0.980054
1.0459
1.01163
0.966203
1.0425
0.960129
0.951751
1.06001
0.957241
1.0205
0.999142
0.98366
1.07632
1.07751
1.0459
1.06034
0.99338
0.99184
1.01606
1.03088
0.981259
0.953432
1.01756
0.963534
1.00236
1.00085
1.01449
0.988356
0.999523
1.00568
0.99486
0.99849
1.00168
0.963071
0.98306
0.949964
0.993299
0.964793
1.05181
0.969055
0.953936
1.02919
0.993285
1.00064
0.982619
1.0235
0.995872
0.976542
0.996892
0.931716
0.995079
1.03205
1.00712
0.97765
1.01061
1.01237
1.03692
0.974891
1.05174
0.945163
1.02063
0.989615
1.00687
0.990614
1.02335
0.985524
1.0124
1.01967
1.00307
1.04899
1.00961
0.994168
0.956341
0.968424
0.997499
1.04197
0.959913
0.982672
0.985159
1.07977
1.00545
0.989877
0.983119
0.974988
0.924652
1.00549
0.955975
1.01382
0.997156
0.963257
0.958096
1.02463
1.02958
0.985794
0.9956
1.01422
0.964775
0.972608
1.00977
0.930806
0.9718
0.968709
1.01516
1.06558
0.989446
0.931032
0.942509
1.01693
1.01094
0.960697
0.992085
0.995269
0.991057
1.01098
1.03946
1.1389
1.00885
1.04529
0.989849
1.14004
0.993433
0.984844
1.06038
1.02569
0.965184
0.957996
1.03299
1.00851
0.988784
0.963824
1.01143
0.963918
0.993076
1.04517
1.0446
1.01254
0.979189
1.01138
0.979034
0.953187
0.964855
1.0251
0.974076
1.02631
1.04518
0.961823
0.998562
0.984309
0.993307
0.972588
0.96828
1.03707
1.06474
0.986082
0.956042
1.016
0.982433
0.956425
1.01804
0.996624
1.04667
1.03281
1.0388
1.02104
0.984358
0.997391
1.00651
1.05531
1.07846
1.01717
0.947417
1.02198
0.992743
1.01996
1.01155
1.01757
1.05584
0.966042
1.03965
1.01111
1.00606
1.0104
0.984348
0.961744
0.956647
1.00773
1.03349
0.992055
1.00883
1.03264
1.06687
0.937968
1.01044
1.02241
0.99655
1.03625
0.983443
0.961207
0.989529
1.00835
1.00834
0.983423
0.955617
0.992428
0.974769
0.974152
1.02054
1.02451
0.973435
1.02366
1.08765
1.05302
0.989118
0.987457
1.01035
0.992123
1.02668
0.952543
1.06102
0.963507
0.945144
1.0062
0.951462
1.00943
1.06919
0.991331
0.983253
1.0006
0.997246
0.963189
0.996427
1.02041
0.967278
1.03799
1.04464
0.94678
1.03278
1.05612
1.02883
0.996495
0.990016
1.04289
1.0066
1.02401
1.03515
0.976546
0.963622
1.0226
1.00164
0.963035
1.01289
1.0147
1.04528
1.0075
1.0277
1.0726
1.03404
0.961122
1.04233
0.98233
1.0495
1.0459
1.08612
1.01697
1.05806
0.911101
0.972402
0.974443
0.96757
0.947318
1.01419
0.964801
1.02296
0.99034
1.02142
0.977189
0.986751
1.00505
0.91557
0.97427
1.04473
1.02454
1.01716
1.00596
0.999034
0.937872
0.966219
0.980352
0.959108
0.968264
0.971051
0.94716
0.967912
0.924696
0.940396
0.947439
0.987507
0.983641
1.00408
0.987954
0.989625
0.976751
0.985682
1.04638
0.998821
1.02046
1.01595
1.0318
1.02157
1.03471
1.02337
0.958141
1.00244
1.04638
1.01124
0.994581
0.968497
0.998533
1.00901
0.992813
1.01456
0.992889
1.00313
0.973968
1.11458
0.955102
1.00854
1.00946
1.0133
0.977379
1.06944
1.04177
1.00546
1.0107
1.03751
0.944985
0.962444
1.03893
1.00226
1.02525
0.979067
1.03402
1.00027
1.00504
1.0492
0.968182
0.991409
1.01604
0.991725
0.979826
1.06289
0.994852
0.991302
0.998192
1.01508
0.976932
0.91287
1.05384
0.977401
0.99225
1.0271
1.01508
0.996362
0.963331
0.952614
0.969255
0.927078
0.998381
1.05118
1.03214
1.03997
0.971438
1.01681
0.987589
1.01855
0.978843
0.944605
1.0262
1.04872
1.02367
0.96191
1.00597
0.980422
0.992868
0.953734
1.01139
1.04783
0.980355
1.02997
1.03234
1.04396
0.986531
0.978985
1.01596
0.998329
1.00461
1.01602
1.02703
1.00833
0.972223
0.971044
1.01121
1.04651
0.991773
0.988986
1.01929
1.02923
1.07329
1.00629
1.02583
0.946611
1.02097
1.01348
0.998938
1.00348
1.03636
1.02283
1.03167
1.00821
1.06273
0.99262
1.02852
0.956202
1.02591
0.934662
1.0197
1.03714
1.01298
0.961481
1.00877
0.982541
1.00551
1.00923
0.969199
1.03408
1.04178
0.985814
0.950729
0.974915
0.943172
0.970888
0.933615
1.00175
0.965395
1.01421
1.01912
0.986417
1.0301
0.987355
0.991409
0.98105
1.00468
1.02837
0.992076
1.04542
1.02004
0.937465
1.00328
0.989693
1.02056
1.07081
1.006
1.05629
1.07134
1.03629
1.0091
1.02779
0.993618
0.996915
1.04107
0.952349
0.972948
1.00657
0.984754
1.0077
1.03328
1.02309
1.013
0.976044
1.03114
0.973836
1.00036
0.976109
0.984647
1.02319
0.987474
1.00393
0.945579
1.04321
1.09758
1.04126
0.97548
0.966702
0.985845
1.02599
0.923388
1.04916
1.00219
0.962424
1.00957
0.939332
1.02818
0.994837
1.00392
1.069
1.00272
0.996211
1.00696
1.02444
0.949264
0.999951
0.993354
0.953266
1.06428
1.03467
0.977299
0.933688
0.982795
0.93158
1.05051
0.983552
1.02484
1.05559
1.01156
0.995325
0.99296
1.00048
0.98527
1.03395
0.988042
1.03723
1.04163
1.00136
1.07502
0.9787
1.06094
0.967037
0.966992
0.984116
1.028
1.00195
0.998793
1.00354
0.978667
0.934508
1.06134
0.990193
1.05905
1.00798
0.990361
1.04368
0.960381
1.05145
1.01407
1.00451
1.05471
1.04571
0.998325
0.995434
1.04019
1.01195
0.972362
0.941936
0.96261
0.971306
0.966952
0.950916
0.997979
1.02931
0.991309
0.950157
0.974796
1.0399
1.01905
0.995765
1.0166
1.02379
1.00353
0.956985
0.984705
0.982557
1.00932
0.986655
0.972875
1.00785
1.01502
1.02911
1.01029
0.917328
0.999853
0.989288
0.967474
1.03676
1.02956
1.00665
0.971956
0.988128
0.955796
1.02251
1.08424
0.980577
1.0389
1.03586
0.950987
1.05897
0.983938
1.01665
1.01451
1.02151
0.954756
1.02513
0.982516
0.933858
0.975289
1.02986
0.998757
0.977897
1.00915
0.959236
1.00453
1.00734
1.01344
1.01393
0.996496
0.913846
1.0054
0.938622
0.99154
1.02851
1.02226
1.00132
1.00886
0.983218
0.974459
0.983217
0.976058
0.983494
0.975414
1.05143
1.0375
0.989451
1.01753
1.05273
0.99259
1.05971
1.05114
1.03714
1.04267
0.97691
1.03355
0.964926
1.00937
1.00097
1.00147
0.964758
0.987137
1.04478
1.01496
1.0115
1.04681
0.984513
0.964743
0.916047
1.02149
0.970218
1.00838
1.07095
0.990132
1.0063
0.926114
0.977195
0.99887
1.0226
0.937756
1.04976
0.944694
0.970286
1.01456
1.01672
0.988989
0.970016
0.99201
0.918546
1.01596
1.00689
0.979405
1.01941
0.969826
0.903227
0.989311
0.979595
0.981729
1.02518
0.98552
1.00734
0.983877
0.960783
