1.00053
0.96278
0.987207
1.00547
1.00695
0.998557
1.00473
0.992142
1.01534
1.00769
0.98696
0.98622
1.01509
1.00176
0.98474
0.989675
0.999544
1.00917
1.00275
0.985727
0.993869
1.00966
1.00152
0.989921
0.991402
0.984246
1.00892
1.00399
0.995843
0.98474
0.993376
1.00818
1.00423
0.996337
1.01558
0.989921
1.00004
0.997324
1.00645
0.98622
1.00251
1.00867
1.01262
0.993869
1.00127
0.99757
1.0067
1.00473
1.01089
1.00941
1.00251
0.997817
1.00571
0.993622
1.02372
1.02693
1.00423
1.00152
0.997324
1.00991
0.991402
1.01682
1.00423
1.01065
1.00991
1.00251
0.999051
0.988194
0.970182
1.00251
0.985727
1.00547
0.993129
1.03014
1.00497
1.01706
1.01015
0.994856
1.00596
0.990415
0.961546
1.00473
1.02175
1.00695
0.993129
1.00596
0.985233
1.00325
1.01311
0.999544
0.996337
1.00127
0.994609
0.999051
1.0141
1.01978
0.981285
0.990168
1.00843
1.00201
1.01311
1.02595
1.00596
0.97487
1.01237
0.996583
1.00473
1.00941
0.998804
1.02718
0.985233
0.999791
0.989921
1.01632
1.00621
1.00399
1.00596
1.00275
0.97339
0.987207
1.00497
1.0141
1.0141
1.0104
0.988441
0.983013
0.979805
0.989921
1.00078
1.01262
1.01361
0.997077
0.998804
0.992882
0.997324
1.00053
1.02915
0.986467
0.989181
0.976844
1.00793
0.987701
1.02052
0.990168
0.994609
0.977584
0.995103
0.997077
1.00004
0.988441
0.996583
0.999297
1.00473
1.00176
1.01311
1.03606
1.00275
1.02027
0.998557
1.00325
1.01756
0.986467
1.01114
1.0104
0.998557
0.985973
1.00226
0.986714
0.979065
1.00374
0.991155
0.976351
1.01879
1.0146
0.980545
1.00621
0.998557
0.984246
0.981532
0.99609
0.976104
0.999791
1.00251
0.965741
1.01287
0.999051
1.0141
0.994363
0.988441
0.990662
1.01188
1.01509
1.0183
0.999544
1.00176
0.987207
1.00053
1.00966
1.02841
1.01015
0.997324
0.99831
0.998064
1.00769
0.994856
0.988934
0.991895
0.998557
1.00769
1.02249
1.01509
1.01978
1.00695
0.995843
1.01608
1.01089
0.990415
1.01435
1.00843
0.997077
0.985973
0.987701
1.02002
0.980052
1.01904
1.00325
1.00028
1.00719
1.01237
0.992389
1.00645
0.989428
1.00374
1.00102
1.00793
1.00078
1.02372
0.994856
1.02669
0.97413
1.00251
0.989181
0.997817
1.00448
0.992635
0.998557
1.00818
1.00325
1.01287
0.995843
0.990168
1.00621
1.00892
0.996337
1.00004
1.01657
1.01213
0.982766
0.990908
1.01632
1.00349
1.0067
1.00201
0.99757
0.970182
1.01015
0.991895
0.987207
0.993622
1.00423
1.00325
1.00571
0.99757
1.0067
1.02669
1.00325
1.00374
1.00966
1.00152
0.989428
0.996337
0.991155
0.987454
0.99535
1.00399
1.01336
0.97339
1.00892
1.0146
1.00966
0.993129
1.0215
1.00176
0.996337
1.01015
0.999791
1.01311
0.997817
1.00892
1.00399
0.999297
0.989428
1.02052
0.997324
1.00102
0.988688
0.989921
1.00473
1.01361
1.00621
0.995103
1.01311
0.994609
1.01534
0.998064
0.987207
0.993376
0.991649
0.973636
0.988934
1.00769
0.994116
0.994363
1.01583
1.01015
0.985233
1.01386
0.995843
1.00596
1.02249
1.00004
1.003
0.990168
1.01558
1.00004
0.989921
1.0067
1.01065
0.98474
0.992635
1.00744
0.992142
0.995843
0.989428
0.985973
1.00941
1.00547
1.00028
0.999791
0.991895
1.01904
0.976104
0.988194
0.999544
1.01435
0.998557
1.02298
0.991895
1.01534
0.972156
1.00547
0.977091
1.00078
0.996583
1.01015
1.01534
0.997817
1.00966
1.01188
0.988441
0.964754
0.988194
0.998064
0.981779
1.00127
1.00053
1.01287
0.990908
1.00645
1.00349
0.999544
1.01706
1.00818
0.977831
0.985727
1.01065
1.02545
0.994609
0.99831
0.978078
1.041
0.989921
1.00621
1.00127
0.975857
0.992389
1.0178
1.00892
1.00004
0.999544
0.981779
0.989921
1.0215
1.00497
0.987207
0.994609
0.999051
1.00621
1.00251
1.00127
0.991402
1.00769
1.00867
0.98696
1.01558
0.989921
1.01287
0.993129
0.985973
1.00793
1.01114
0.980298
1.00818
0.984987
0.997077
0.99683
1.00818
1.01706
1.00966
0.990415
0.989675
0.981779
1.01163
0.997817
0.982272
0.989675
0.988441
1.00423
1.00596
1.00201
1.01953
0.964507
0.999544
0.997817
1.00695
0.971663
0.989675
0.983506
1.0178
1.022
0.991155
1.00769
0.983506
1.00226
1.01139
1.00941
1.00399
1.01089
0.994116
1.00028
0.996583
1.01213
1.00078
0.996583
0.992142
1.0146
0.977091
1.00645
0.99609
0.989181
1.01558
0.995843
1.01484
1.00522
0.986714
1.00818
0.984987
1.00497
1.00028
1.03088
1.00843
1.01583
0.992389
0.999051
0.997077
1.00078
0.990415
0.996583
1.022
1.01188
1.00571
0.994116
0.992635
0.992635
1.00028
0.992882
0.975364
0.979311
0.998064
1.00966
0.987947
1.01336
0.991895
0.988441
1.00152
1.01237
1.00349
1.00917
1.0183
0.985727
0.974377
0.99609
1.00201
0.98548
1.0067
1.01435
1.01706
1.00127
0.990168
0.994116
0.991895
1.00522
0.999051
0.993869
1.00941
1.00769
0.981532
0.983259
1.00547
0.995596
1.0215
1.00127
1.00695
1.00473
1.00473
0.980792
1.01361
0.986714
1.00078
1.00695
1.00127
0.989181
1.01311
0.999544
0.992389
0.993622
1.0178
0.982766
1.00028
1.00374
1.01632
1.00867
1.01509
0.994116
0.997817
1.00028
1.01509
1.01706
0.988441
0.978078
0.995103
0.998804
1.01287
1.00423
0.981039
1.01311
0.991895
1.01336
1.0146
0.997077
0.980545
1.02175
0.989921
1.00374
1.00004
0.987947
1.01706
0.986714
0.994609
1.01583
0.983259
0.990415
1.01089
1.00053
1.00522
0.992882
1.00226
0.998804
1.00744
1.00028
1.00843
0.997324
0.991649
1.00349
0.994116
0.991402
0.995843
1.01682
1.00226
1.01509
0.994856
0.987207
0.972156
1.00867
1.00448
0.980052
0.989675
0.991649
0.987454
1.01089
0.989921
0.98622
0.981285
1.01188
1.00818
1.00127
1.00473
1.01188
0.983506
1.00744
1.01682
1.00571
0.999791
1.0067
1.00251
1.00867
0.97561
1.0183
0.980792
1.00004
0.997324
0.978818
1.00744
0.986714
1.00078
0.998557
0.994856
0.988441
1.00201
0.981532
1.00004
0.99757
1.00448
1.00349
0.993376
0.987947
1.02718
0.98474
1.00991
0.992882
1.00004
0.995596
1.03039
0.992142
0.995103
1.00991
0.997324
1.01015
1.00028
1.01213
0.988194
0.999051
0.99609
0.989181
1.0257
0.994116
0.993622
1.01682
0.994609
0.987454
0.978078
1.00744
0.978818
0.963027
0.991895
0.996583
0.999544
1.01361
0.996583
0.993129
0.988441
1.01805
0.980792
1.01065
1.01287
1.00769
0.985727
0.994609
1.01632
0.988194
0.989428
1.00028
0.987454
1.01386
0.993129
0.995103
0.978818
1.0104
0.999051
1.00004
0.999791
1.0178
1.00867
1.00695
0.995103
1.00399
1.00522
1.00769
0.999544
0.990415
0.986714
0.994363
0.980545
0.992882
1.00941
0.99535
1.00399
0.990662
1.0104
0.980298
0.98622
1.01237
0.988934
0.981039
1.01805
0.994363
1.02175
0.984493
0.991402
1.00374
1.01534
0.993869
1.00102
0.988194
0.999544
1.00892
0.994609
0.990662
1.00571
0.991649
1.00053
1.00349
0.997817
1.01435
0.987701
0.991895
1.00596
0.991402
1.02397
0.98696
0.996337
0.979311
1.00818
1.00744
1.00769
1.00966
0.999791
1.00843
1.00744
1.01484
1.00547
1.00769
1.01558
1.01163
1.0067
1.003
0.97487
1.01361
1.02101
1.00127
1.00176
1.00423
0.97413
0.993869
0.98474
1.00744
1.00102
1.02718
0.997077
1.01534
0.993376
1.00102
0.989921
0.977091
0.99831
0.990415
0.999297
0.984493
1.02027
0.987454
0.999791
0.992635
0.992635
1.00793
0.996583
1.01139
1.01534
0.991155
1.01361
0.993869
1.00028
1.0067
1.00275
0.967961
1.02965
1.01237
0.997817
1.00941
0.991402
1.02249
0.98696
1.0067
0.976351
0.99609
0.995596
1.02841
1.00522
0.982026
0.99831
0.993869
1.00053
1.00695
0.987454
0.988934
1.00053
0.997324
1.00966
1.01287
0.996337
0.992142
0.999297
1.01509
0.977831
1.00152
1.00004
0.988688
0.996337
1.00892
1.00547
1.01361
1.01065
0.999051
0.985727
0.99535
1.02076
1.01089
0.995843
0.988194
0.987454
0.973636
1.00349
1.00621
0.976597
0.987947
0.999051
1.00843
1.00818
0.996583
1.00102
1.00522
1.00201
0.992142
0.994363
1.00325
0.981532
0.991895
0.992142
1.01731
1.00793
1.01484
1.03039
0.980545
1.01731
1.01879
0.981779
0.998804
0.979311
0.994363
1.00275
1.00867
1.00645
0.976351
0.986467
0.968455
1.00053
0.982272
1.00892
0.98474
0.99831
1.01114
0.987454
0.990168
1.00497
0.998064
0.987454
1.00275
1.00941
0.991155
0.99535
1.00645
1.0141
0.999791
1.01262
1.00571
1.00744
0.993376
0.99757
0.983506
0.995103
0.992389
0.997077
1.00423
1.00596
0.998557
1.01484
1.00695
1.00152
1.01213
0.991402
1.01213
1.02027
0.994609
1.003
1.0067
1.003
0.988194
0.994116
1.00596
0.973883
1.00991
1.00448
1.03113
1.01163
1.00941
0.993376
1.00102
1.0067
0.988441
1.01682
0.997817
0.983753
1.02002
1.00325
1.00695
1.01731
0.983753
1.0331
0.998557
0.979805
0.977091
1.00843
0.969935
0.983259
1.00793
0.997324
1.00941
1.00251
0.985973
0.975364
0.982272
0.985727
0.985973
1.01287
1.01213
0.990662
1.00621
1.02101
0.99831
1.00448
1.01188
0.985233
0.987947
1.00497
1.01386
0.996337
0.984987
0.973143
1.01237
0.996337
1.00275
1.00275
0.994856
0.998804
1.00325
1.01163
0.993869
0.981285
1.00176
0.983753
0.99535
1.00621
1.022
1.01805
0.987947
1.00226
1.02126
0.990168
1.00399
0.984
1.00843
0.985233
1.01361
1.0146
0.997817
1.02249
0.993129
1.00596
0.989181
0.985727
0.995596
1.01065
0.990415
0.993129
1.01361
1.02817
1.02224
0.98696
1.02989
1.01213
1.01287
0.990415
1.02249
1.02496
1.01706
1.01015
1.00867
1.00078
1.00028
1.01163
0.994116
1.01632
0.995843
1.01484
1.01336
0.992142
1.01386
1.00004
1.02644
0.99683
1.00818
1.01114
0.990168
1.00349
1.01089
0.987701
0.995596
1.00078
1.01311
1.01509
1.00028
0.987207
0.978571
0.987454
0.985233
0.994363
0.998557
1.00102
1.00843
0.987207
1.01632
1.01558
1.00374
0.979558
0.980298
1.00744
1.03211
1.00892
1.00201
1.01361
1.00621
1.00547
0.996337
0.980052
1.01756
0.994363
1.01262
1.01188
1.00127
0.999791
0.985973
0.973883
0.985973
1.02224
0.984
1.00176
0.982026
1.00497
1.00547
0.99831
1.01015
0.990908
1.00275
0.990908
1.00966
1.01311
1.00621
0.987701
0.984246
0.994856
1.00867
1.00695
0.988934
0.991895
0.965988
0.996583
0.992635
0.998064
0.989921
0.995843
1.01854
1.0141
0.987701
1.01114
1.00941
0.988688
0.988688
0.993376
1.00152
1.0146
0.989181
1.00843
0.974377
0.980792
0.993622
0.984987
0.982519
0.988934
1.01311
0.988441
1.00621
0.998557
1.00251
1.01928
0.987207
1.00867
0.98696
1.01583
0.988934
0.99831
0.982026
1.00473
1.00769
0.993129
0.993376
0.994116
0.997077
0.991649
1.02052
0.986714
1.02496
1.00571
1.02471
1.00867
1.02126
0.994116
1.00843
1.01657
1.01682
0.982766
0.990662
1.01558
0.984246
1.00251
1.00522
0.983753
1.00547
0.982519
1.00596
0.993869
0.999544
1.0141
0.993869
0.985727
0.992882
0.991402
1.00102
0.997817
1.00053
0.989675
0.978571
1.00744
0.993622
1.00818
0.978325
1.01953
1.01065
0.998804
1.00152
1.00892
0.991155
1.01632
0.99831
0.999297
1.00719
0.998064
0.99609
0.989675
0.990908
0.99535
0.987947
0.982766
1.00349
1.00325
1.01065
1.01311
0.981039
0.985727
1.00127
0.983013
0.997077
1.00226
0.992142
0.985973
1.02002
1.01608
0.993622
1.01311
0.983506
1.03162
0.99831
1.0146
1.00226
0.999791
1.01311
0.978571
0.991649
1.01015
1.00325
1.00571
0.994116
0.981532
0.98622
1.01065
1.00818
0.99831
1.02817
1.00053
1.00571
1.00695
1.01756
1.0067
0.976104
1.02693
0.993129
1.01089
1.00053
0.995103
0.985973
0.99535
1.0141
1.01706
0.985233
0.990415
1.00596
1.00176
0.990662
0.98696
0.996583
1.02249
1.01805
1.00176
0.996583
0.994116
0.982272
1.00843
0.991155
0.994856
0.996337
1.00349
0.996337
0.987947
1.01139
1.02619
1.00991
0.997324
0.976104
0.981285
1.00892
1.00621
1.00251
0.991402
0.992389
1.00744
1.0104
0.992882
1.00571
1.00793
0.986714
1.01583
1.00547
0.98548
1.01731
0.989428
1.01361
0.99831
1.00695
0.967468
0.998804
1.00867
1.0178
0.982766
0.972896
0.982026
1.01237
0.987947
1.01015
0.997324
0.999544
0.98696
1.00374
0.976351
1.0104
1.00941
0.973883
0.990415
0.994363
0.991895
1.00497
0.993129
0.985727
1.00917
1.00028
0.987454
0.999544
1.00374
0.992389
0.998064
0.980792
1.03705
1.00423
1.00719
0.99831
1.02545
0.992142
0.984246
1.01632
0.987454
1.00176
1.02298
1.00251
0.992882
0.991895
1.02743
1.00991
1.01089
0.981532
0.983259
0.997077
1.0067
0.999791
0.990662
1.00941
1.00917
0.991649
0.998804
1.00473
0.978571
0.999297
0.99535
0.991155
1.00423
0.998557
1.01065
0.999297
1.00325
1.00818
0.984987
1.003
0.989675
0.99609
0.987701
0.993869
1.01904
1.01657
1.01805
1.00991
0.981285
0.995843
0.999544
0.99609
1.00645
1.01953
0.984
0.985973
0.999791
1.00744
1.00226
0.988688
0.981039
0.974377
0.994363
1.01731
0.973883
0.993869
0.98548
0.990415
1.00275
0.995843
0.99535
0.987947
0.99609
0.995103
1.02422
1.00991
1.00695
1.00226
0.983013
1.00275
1.01558
0.998557
0.981285
0.987454
0.998557
1.00522
1.0178
1.02521
1.01608
0.995103
0.998804
1.00275
0.998804
1.02521
1.00102
0.998557
1.00719
0.994116
1.00275
0.988194
0.981532
0.98474
0.979805
1.01361
1.00892
1.0146
1.00127
1.00251
1.00176
0.99831
0.977091
0.978571
0.99683
1.02372
1.02298
1.01731
1.01484
1.02052
0.988688
0.978818
0.984
0.979805
0.983013
1.01435
1.00497
1.00621
0.99757
0.990415
0.983753
0.993622
1.00226
0.985727
0.993869
0.99683
0.997324
1.01682
1.00053
1.00917
0.977831
0.983753
0.976104
0.987947
0.971909
1.01163
1.00645
1.01583
0.994363
0.999297
0.987701
0.988441
0.995103
1.0067
0.99831
1.00867
0.99683
1.03458
0.982272
0.999051
1.01089
0.991649
0.993622
1.00349
1.00053
1.02323
0.993129
1.0104
1.00226
1.02915
1.01484
0.988194
0.987454
0.989675
1.01435
1.00127
1.00867
0.997817
0.989675
1.00004
1.00621
1.01163
1.00547
0.989921
1.00744
1.01336
0.992635
0.997077
0.992389
0.970922
0.99683
1.01386
1.00028
1.00769
0.983259
1.01435
0.985727
0.993376
1.00325
0.997817
1.00152
0.99683
0.993869
0.98474
1.02323
1.00645
0.987701
0.989181
1.01188
1.00152
0.988194
0.986714
1.01484
1.01015
0.984987
1.00695
0.99831
0.990415
0.991895
0.978818
0.991155
1.00102
0.99683
0.995103
1.01706
0.992635
0.997077
0.984246
1.00917
0.994116
1.01657
0.992389
1.00448
0.992635
1.00078
0.992882
1.01015
1.02052
0.984987
0.999297
1.00793
0.971909
1.01484
1.00448
0.998064
1.00127
1.00621
0.990415
0.992142
1.00201
1.00645
0.992635
1.00719
1.01262
1.00645
0.992882
0.998804
0.990662
1.00744
1.00078
0.995103
1.00744
0.989428
0.984246
0.989428
0.999791
0.981039
1.00695
1.00793
0.99683
1.01114
0.99757
1.00818
0.999544
0.995103
0.997817
1.00152
1.0104
1.00645
1.0104
0.994856
1.01756
0.992635
1.00053
0.972896
0.995596
0.998557
1.00152
0.992142
1.0067
1.00201
1.00374
0.990662
1.00201
0.999544
0.994116
1.00522
0.99831
0.998557
1.00448
1.00176
0.985973
1.00275
1.00053
0.99757
0.971416
0.989428
1.01386
1.00176
0.991402
0.990908
0.977338
0.987947
1.00423
1.00127
0.978818
0.973143
1.00325
1.02446
1.00941
0.976351
1.0141
0.987207
0.992882
1.00078
1.00719
1.0141
0.984246
0.989921
1.00053
1.01904
0.990908
1.01682
0.980298
0.991895
0.998064
0.988194
1.00325
1.00004
0.968208
0.995596
1.0104
0.974377
1.00102
0.987947
0.988441
1.00473
1.00645
0.994116
1.00275
1.00645
0.994116
0.98622
0.97265
1.00251
1.00399
1.01163
0.991895
0.987701
1.01558
1.00522
1.01114
0.994609
1.01386
1.01978
1.00399
0.99683
1.00004
0.995103
0.998557
0.991155
0.998064
0.999297
1.00497
0.99683
1.01311
1.00547
0.987947
0.996583
1.02027
0.99757
1.00769
0.995596
0.999297
0.976597
1.00251
0.992142
1.00966
1.00818
1.00176
1.01015
0.996583
1.01583
1.01731
0.990908
0.988934
0.998557
0.99757
0.987454
0.989428
1.01114
1.01139
1.00769
0.992882
1.01361
0.989675
1.01583
1.022
0.988194
1.01361
1.00571
1.00004
0.981532
0.987947
1.00078
1.00028
0.985973
0.986714
1.01386
0.99757
0.993622
0.998557
0.990662
0.988441
0.999297
1.00152
0.99757
1.00152
1.01879
1.01213
1.01139
1.00399
1.00892
0.976104
0.997817
1.01756
1.00102
0.986467
1.00053
0.987207
1.00966
1.02126
1.01237
0.986714
1.00547
0.989428
1.01287
1.00522
1.02101
0.998557
1.02002
1.00892
0.971909
0.999791
0.994363
0.999791
1.01854
0.99831
0.993622
0.991649
1.00497
1.00102
1.01731
0.982272
1.01682
0.999544
1.00966
1.00719
1.03088
0.984987
0.978325
1.00423
0.99609
0.98622
1.00423
1.01311
1.00004
1.00867
0.992389
0.987701
1.00127
1.01262
0.993376
0.976844
0.99831
1.01706
0.99609
1.01237
1.01731
1.00473
0.995843
1.01237
0.995596
1.00275
0.997817
1.01336
0.999791
0.999544
1.02866
1.00596
0.997077
1.00892
0.985973
0.991895
0.987947
1.00423
0.974377
0.993622
1.00374
1.00719
1.00966
0.999544
1.00325
0.966974
1.0067
1.00201
1.00201
0.994363
0.997324
0.993376
0.998064
1.00201
1.01114
1.01682
1.00793
0.970676
0.99757
0.984
0.992635
1.01188
1.01287
0.971909
1.02126
0.994856
1.00102
0.991895
0.998557
0.998064
1.00497
1.00719
1.01386
0.989428
1.00201
1.01237
0.990662
1.00028
0.990168
1.00226
0.99609
0.992142
0.997324
1.00028
0.99831
1.00991
0.983506
1.00695
1.02002
1.00621
0.977831
1.00102
1.00596
0.989921
0.996583
1.00991
0.999297
1.0067
1.0067
0.988688
0.984493
0.984493
0.992882
0.993869
1.01287
1.01114
1.00201
1.00843
0.997077
1.00176
1.00867
0.990415
0.985973
0.993376
0.99683
1.01805
0.991895
0.994116
1.003
0.996337
1.0141
0.992142
1.00497
0.99535
1.02224
1.00892
1.00078
1.00818
0.99683
1.00645
1.00423
1.00473
0.987947
1.00325
0.99535
0.983013
1.01287
0.992142
0.994856
0.987454
1.00522
0.985973
1.01361
1.02224
0.98696
0.984246
0.999791
0.98622
1.00226
1.01188
1.01089
1.00547
1.01978
1.00423
0.993869
1.02496
0.991895
0.998557
0.990908
1.00571
1.02372
0.978571
0.99831
1.00843
0.979065
1.00423
0.989181
1.00497
0.978818
1.02027
0.990415
0.998804
1.00325
0.984246
0.985727
0.989181
1.01386
1.00251
0.983013
0.990168
1.01015
1.01386
1.00941
0.983259
1.0141
0.996337
0.99609
0.996583
1.00473
1.00522
1.01089
1.00473
1.00596
1.00399
1.01435
0.991155
1.00201
1.03113
1.01978
0.976597
0.994856
1.0067
1.022
0.995596
0.994363
0.989181
0.990168
0.998804
1.0141
1.01435
1.00448
0.975117
0.993622
0.999297
1.00695
0.98474
1.0067
0.989921
1.00349
1.00275
1.00325
1.02175
1.00349
0.997324
1.01114
1.00695
1.00226
0.989921
1.02076
1.02817
0.998804
1.01139
1.00423
0.99683
1.00251
1.01114
0.98474
0.993376
0.989675
1.00004
1.00917
0.997324
1.00275
1.00325
1.01484
1.00843
1.02249
1.01089
1.01287
1.00571
0.992882
1.01534
0.987947
1.01854
0.997817
1.01089
0.992389
1.00793
1.00497
1.0104
0.99831
0.988688
0.99609
0.992635
1.003
1.00522
1.00028
1.01163
1.00176
0.99683
0.980792
1.00004
1.01287
0.994856
1.01953
0.999051
1.00028
0.993622
1.00251
1.0104
1.01163
0.970676
0.993869
0.99535
0.990662
0.99683
1.00374
0.976597
0.978571
0.993129
0.988688
1.01262
1.02915
0.993869
1.02372
1.00621
0.993376
0.991155
1.00275
1.00769
1.01188
1.01928
1.0183
1.00645
1.01139
0.996337
0.999051
0.980052
1.01311
0.983259
1.00251
1.02027
1.02644
0.990168
0.997077
0.999544
1.01904
0.988441
1.00152
0.98474
1.01336
0.997077
1.00547
1.01682
1.00028
1.00793
0.990908
0.989675
1.00991
0.984246
0.996337
0.978571
1.00596
0.998804
1.01139
0.994609
0.990908
1.00374
1.01509
1.02841
1.00374
1.00596
0.979558
0.997324
0.987947
1.00744
0.991155
0.985973
0.997817
1.03113
1.00004
1.02126
0.997817
0.98548
1.00004
0.998804
0.971169
1.01188
1.00695
0.998557
1.00399
0.999791
0.98622
1.00917
1.00251
1.02076
1.00991
1.00374
0.982766
0.992635
1.00818
0.985727
0.993376
1.00275
1.01089
0.999791
1.0257
0.991649
1.00522
0.991402
0.988441
1.00152
1.00497
0.980052
0.993129
1.0104
0.984987
0.998804
0.988688
1.00596
0.993622
0.995596
0.997817
1.01731
0.995843
0.997077
0.979065
1.00966
1.0257
0.994856
0.991895
1.00251
1.00744
0.986714
0.983506
0.997324
1.01361
0.983259
0.996337
1.00028
1.00867
1.01089
0.981039
1.00078
1.00028
0.989428
0.98696
0.993869
1.02545
0.979558
0.999791
0.965001
1.00127
1.01336
0.992142
0.996337
0.98696
1.00571
1.00226
1.0178
1.00596
1.01731
0.998064
1.00176
0.99535
1.00596
1.00275
1.01657
0.988441
0.991155
1.00176
0.993129
0.985233
0.996583
1.00152
1.03039
1.00004
1.01065
0.999544
0.995103
0.987454
0.985973
1.00645
1.00522
1.02422
1.01879
1.00226
1.00053
1.01731
0.986714
0.998804
0.991649
1.00448
0.996337
1.02249
0.993129
1.00028
1.00695
1.02249
1.02767
1.00275
0.989428
0.988934
1.00621
0.968948
1.02027
0.993869
0.99683
1.00004
1.00102
1.003
0.994363
0.999544
1.00053
0.979311
1.0104
0.987947
1.00078
1.00399
1.01953
0.985233
0.993376
1.0067
0.99831
0.995596
1.00004
0.978325
0.981285
1.02989
0.986467
1.00497
0.996583
1.00399
1.00818
0.99831
0.98474
1.00497
1.01928
1.00522
1.01065
1.00448
1.01608
1.003
1.00004
0.996583
0.992635
0.990415
1.01188
1.01015
1.01336
0.99609
1.01534
0.987701
1.00004
0.986714
0.959572
0.987701
1.01706
1.02274
1.00892
0.990662
0.985727
1.00547
1.003
0.999544
0.990662
0.982519
1.00028
0.985973
1.00547
0.989181
1.01287
0.974377
1.00818
0.994609
0.998804
0.991155
0.987207
1.01237
0.998064
1.02792
0.997817
0.992389
0.99757
0.985233
0.980052
1.01361
1.00966
0.994363
1.00423
1.00867
1.00201
1.01879
0.998804
0.995103
1.00127
1.00251
1.00695
1.00176
1.01361
0.980545
1.02372
1.00769
0.982272
0.995103
0.99609
1.00201
0.978325
0.983753
1.01139
1.02496
0.998064
0.992389
0.984987
1.00251
0.985973
1.00892
0.993869
1.00917
0.990908
0.983753
1.0141
0.997324
0.990662
1.00695
1.0146
0.981779
0.990908
1.0178
1.00078
1.00695
1.00473
0.993376
0.975364
1.00448
0.995596
1.022
1.00744
1.00251
1.00596
0.999297
1.01089
1.01262
0.990168
1.01854
1.01805
1.00867
1.00004
0.985233
1.01065
0.990662
1.00596
1.00078
1.0215
1.00399
0.998064
1.00399
0.98696
0.987947
0.977584
0.99683
0.998064
0.989675
0.98696
1.00251
0.991649
0.989181
0.990908
0.987701
1.00966
0.991649
1.00127
1.00275
1.02224
0.998557
0.989181
1.00325
1.01336
0.986714
0.987947
1.02101
1.01978
0.993869
0.992882
0.999051
0.993376
1.00374
1.00399
1.00695
1.00719
0.994116
0.98622
0.999791
0.986714
0.993376
0.977831
0.984493
1.00522
1.00349
0.985973
1.00201
0.992389
1.00004
1.00004
1.00078
1.01213
0.996583
0.983506
1.00325
0.99683
1.01904
1.01484
0.994856
1.00793
0.992142
0.996337
0.983753
0.983753
1.02126
0.988441
0.981285
0.979065
0.993376
1.01262
1.01015
1.00571
1.01237
1.01657
0.988688
1.01904
1.00522
0.996337
1.00719
1.01015
1.02792
1.00991
1.03285
1.00053
1.00053
1.00497
0.990662
0.984246
0.990908
1.01262
0.998804
1.00399
1.0146
0.983259
1.01114
0.993376
1.00867
0.992882
0.981285
0.998804
1.00374
1.00275
1.00596
1.01237
0.976104
1.01213
1.00522
0.989921
1.01089
0.987947
1.00127
1.00892
1.00793
0.961546
0.991402
0.995843
1.01262
1.00596
1.0215
1.01657
0.99609
0.988688
0.982766
1.00127
1.01509
1.00004
0.99535
1.00448
0.987701
1.03162
1.00275
0.981285
1.01015
0.981039
0.97487
0.991649
1.00941
1.00818
1.00473
1.00941
1.0104
0.993622
0.989675
0.994363
0.984493
1.00325
1.00349
1.00374
0.993129
1.00004
1.00399
1.01163
1.00102
1.03088
1.01608
1.00769
1.01484
0.981779
0.984246
1.00226
0.981285
0.980052
0.984493
0.981779
0.97339
0.994609
1.01163
0.999051
1.01336
1.00226
1.00226
0.983259
0.995103
1.01311
0.997324
1.00448
1.00374
0.982519
1.00473
0.989428
1.00867
0.987454
1.01435
0.971663
1.02002
1.00596
1.00078
0.993622
0.994116
0.993869
0.998557
1.00325
0.998557
1.01706
0.99683
0.990168
0.979805
0.987454
1.00941
0.998557
0.986714
0.995103
0.99609
0.991649
1.01682
0.982766
1.01015
0.991895
1.03137
0.994856
0.988194
0.993129
0.996337
0.986714
0.997077
1.01682
0.998804
1.01904
0.989181
1.02002
1.00571
1.00645
1.00399
0.998557
1.00176
0.993622
1.02126
1.01065
0.986714
1.00621
0.981285
1.00226
0.984493
1.00892
1.01311
1.00621
0.984987
1.02323
1.00226
1.00793
0.980052
0.995103
0.985727
0.989181
1.00251
0.993129
1.00152
1.00596
0.98548
0.985973
0.994856
1.00102
1.01311
0.994116
0.995596
0.996337
1.01163
0.999297
1.00325
0.983753
0.992389
1.01361
1.00695
0.962286
0.997324
0.992635
1.00547
0.995596
0.978078
1.00423
1.00917
1.00941
1.00176
1.00399
0.995596
0.984987
1.00547
0.99831
1.00053
1.01237
0.99831
1.0141
1.02521
0.993869
0.993129
0.999791
1.01089
0.992142
1.01608
1.01065
0.998064
1.01435
1.00645
0.995596
1.00251
1.01386
0.998804
0.987947
0.998804
1.003
0.993129
0.998804
1.01756
1.00226
1.00325
0.979805
1.00917
1.01706
1.02298
1.00152
1.01311
1.00102
1.01311
1.003
0.994609
0.996337
0.998557
0.98696
0.99757
1.00078
1.00251
0.998064
1.01089
0.975117
0.98696
0.98696
1.00892
0.992389
1.00497
0.987701
0.980052
1.01237
0.973636
1.01978
1.01657
0.994856
0.978571
1.00843
1.00966
1.00991
1.00695
0.983013
0.995103
0.988194
1.02224
0.995596
1.02076
0.983506
0.998064
1.01139
0.979558
0.981039
1.00473
0.992142
1.00423
0.992882
0.999051
1.00325
0.995843
0.979311
1.00349
1.00645
0.997077
1.00473
0.97339
0.991402
1.00053
0.996337
1.022
1.01015
0.993376
0.987701
1.00769
0.988441
1.01386
1.0104
0.99535
0.990415
0.994116
1.02521
1.003
0.998064
1.01805
1.00152
1.02052
1.00497
0.991649
1.00004
0.988688
0.992635
1.00695
1.01632
1.01287
1.00176
1.00917
1.00374
0.998557
0.993129
1.0067
0.998557
0.977831
1.03162
1.02101
1.01978
1.00176
1.00793
0.97413
0.992635
1.01608
1.00473
1.0215
0.991649
0.992389
1.00176
0.979311
0.982272
1.003
1.00843
1.01386
1.00547
0.99535
1.00867
1.00004
1.00621
0.995103
0.990662
1.00744
1.00744
1.00917
0.981532
0.993869
1.00004
1.01558
1.00867
1.0215
1.02496
1.00102
0.998064
0.989921
1.00152
1.03384
0.996337
1.02767
1.00028
1.01188
0.99609
0.989428
0.992389
0.979805
0.988934
0.998557
0.992635
0.979065
1.00892
1.01065
0.994116
0.99757
0.993376
0.995103
0.967961
1.00621
1.00374
0.975117
0.992635
1.00152
0.998804
0.981779
1.00571
1.00769
1.01632
0.995596
0.983753
1.03804
1.00645
1.01237
1.01484
0.994363
1.00769
1.00621
1.02249
1.01534
0.993376
1.01336
1.0067
0.988688
1.01065
1.01558
1.00497
0.985727
0.99831
0.997077
0.997077
1.00028
1.01583
0.979558
0.998557
0.985233
1.00917
0.990908
0.99683
1.00917
1.00053
0.983259
0.99831
1.00152
0.99831
0.981285
1.01089
0.992882
1.00102
1.00571
1.00399
0.99757
1.00744
1.00349
0.999791
1.00571
0.977338
1.00473
0.992882
0.98474
1.00102
1.00251
1.01361
1.01854
0.99831
0.980298
0.968948
1.01608
0.991649
1.00621
1.00004
1.01089
0.992882
0.992635
0.999544
1.00941
1.00843
0.991155
0.991649
0.992882
1.003
1.01928
1.00078
1.00473
1.00917
0.998557
1.01706
0.992882
0.977091
1.03409
0.990168
0.99831
0.982272
0.989921
1.02348
1.00547
0.970922
1.00275
1.00473
1.00102
1.00374
0.996337
0.986714
0.986467
0.987454
0.995103
0.994363
0.999791
0.994116
1.00374
1.01188
1.01386
0.983753
0.973883
1.01213
1.00522
0.984987
0.995843
1.01065
0.992635
0.991649
1.0178
0.996337
0.984246
1.02521
0.998804
1.0215
0.995103
1.0178
0.99831
1.00423
1.003
1.00892
1.00793
0.97561
0.981285
0.982766
1.00325
0.995596
0.99683
1.003
1.01854
0.999544
0.993869
0.989675
1.00818
1.01682
0.990415
0.993869
0.994116
1.01632
1.00522
1.00991
0.983259
1.01509
1.00251
0.988934
1.01484
0.999791
0.994116
1.00941
1.01706
1.00349
1.00818
1.01756
1.03113
1.01484
1.03137
1.00102
1.00102
1.00769
1.01287
0.99831
1.00719
1.01213
0.982519
1.01386
0.995596
0.993376
0.999051
0.994363
0.966728
0.984493
1.00275
0.983259
0.992882
0.98622
1.00028
0.980052
1.00966
0.996583
1.00053
0.998064
1.00374
0.991895
0.98474
0.970922
0.984987
1.00275
0.989675
1.00719
1.00448
1.00201
1.00102
1.00251
0.999297
0.998557
0.995103
1.02595
1.01114
0.994609
1.00127
1.00793
0.988441
0.980052
0.993376
1.00522
1.00053
1.00621
1.00793
1.00399
1.01114
1.00769
0.987701
1.00719
0.99535
0.993869
1.00917
1.01262
1.00941
1.00176
1.00941
1.00176
1.00596
0.995103
1.01534
0.994116
1.00053
0.979558
1.00275
1.00941
0.982766
1.00325
1.00596
1.00251
0.999297
0.987207
1.0183
1.0067
0.995843
1.00473
0.981039
1.00571
1.00892
0.999051
0.988934
0.988441
0.999297
1.00818
0.971909
1.02027
0.990415
1.0183
1.00497
1.01311
1.01065
1.00867
1.00201
1.01089
1.01731
1.01484
0.996583
0.998804
1.0067
1.00695
1.00251
1.00596
1.00596
0.989675
0.985973
0.970182
0.985727
0.983013
1.02866
1.00399
1.00028
1.00645
1.00275
0.99757
0.999791
1.00374
1.01237
1.00399
1.00275
1.00251
0.988441
1.01361
0.992635
1.00547
1.00892
0.995596
1.00028
1.02397
0.993869
0.993376
0.991402
1.01583
1.00818
0.997077
1.00423
0.984987
1.01657
1.00571
0.999791
1.01114
1.01015
1.01139
1.00102
1.00078
1.00596
0.977831
1.01065
1.01805
1.00941
1.00004
0.995843
1.00078
0.99757
0.996583
0.997817
1.00917
1.00251
0.997077
0.994363
0.993622
0.996583
0.984
1.03804
0.984987
0.993622
1.03014
1.00053
0.99609
0.990415
1.0104
0.997324
0.99535
1.00867
1.01361
0.989428
0.989675
0.993129
0.990662
1.01213
0.994609
0.980298
0.988441
0.999791
1.00275
1.02644
0.986714
0.99609
0.992635
0.991402
1.00004
0.990662
0.994116
1.01386
1.00423
0.99831
1.01805
0.993376
1.00004
1.00251
0.996337
0.996583
1.02126
0.967715
1.00102
1.0141
0.994363
1.022
0.995596
0.985973
0.987454
1.00078
0.998804
1.01978
1.00226
1.01114
0.995103
0.990662
0.997817
1.00423
0.983753
1.00349
0.994116
0.995843
0.994363
1.01706
0.967468
1.00867
0.988934
1.01089
1.00867
1.00399
1.00399
0.991895
1.02545
0.982272
1.01558
0.980545
1.00004
0.98696
1.00251
0.988688
0.985233
0.988688
1.00325
1.00374
0.989921
1.00966
1.003
0.985727
0.993376
0.993622
0.992882
1.00176
0.99535
1.00028
0.990662
1.02372
1.003
0.99757
1.01805
0.992635
0.997077
1.02669
0.99831
1.02052
0.998557
0.986714
1.00571
0.988934
0.992635
1.00917
0.97413
1.00941
1.01435
1.022
1.00053
0.980545
0.987454
1.00053
1.01657
1.02644
1.01163
0.981532
1.00473
1.00744
0.990168
1.01953
1.00645
0.993622
1.00473
0.991895
0.987947
1.00695
0.981532
1.01484
0.98696
0.975857
1.02817
1.00769
1.00818
1.01904
1.01435
0.984987
0.976844
0.989921
0.982272
0.991649
0.999544
1.01706
0.992389
1.02669
1.00547
0.984987
1.01163
0.987701
0.977338
0.992882
1.02298
1.02224
0.981039
1.01509
0.992389
0.99757
1.00991
0.966974
1.00127
1.01904
1.00275
1.00201
1.00596
1.00448
0.997817
0.972403
1.00349
1.00991
1.01657
0.985727
0.982766
0.974623
0.983753
1.01928
0.983506
0.977584
1.00004
0.98474
1.00966
0.995843
1.00028
1.02545
1.01015
0.988934
0.994116
0.99831
0.988194
1.00966
1.00028
0.993376
1.02175
1.00004
1.00473
0.997077
1.01361
1.00547
0.998804
0.99757
0.998557
0.993869
1.01361
0.979558
0.992142
1.0215
1.01065
0.997324
0.998557
1.00966
0.978325
0.983753
1.00571
0.979805
1.00621
1.00818
0.995103
0.987701
0.994609
1.00695
0.999051
1.00991
1.02397
1.00251
1.00522
1.00275
1.00818
0.995596
0.99831
1.0104
1.00473
0.994856
0.997817
0.990662
0.983506
0.992142
0.988194
1.00645
0.987947
1.02693
0.97265
0.987207
0.990168
0.990168
1.00695
0.998064
1.01657
1.01188
1.01805
1.00917
0.991895
1.01336
1.00917
1.01928
0.991402
1.00719
0.985973
0.979805
1.00176
1.00547
0.99535
0.999791
0.989675
0.980792
1.00251
0.987947
1.02002
1.01632
0.985973
1.00793
1.00078
1.01311
1.01978
1.00028
0.987207
1.02298
0.995103
1.00473
1.0178
0.987454
1.00719
0.99683
0.992389
1.01065
0.999297
0.999791
1.00053
0.992389
0.983013
0.979805
0.993622
1.01558
1.00004
0.996583
0.998804
0.988934
0.99609
0.987454
0.998064
1.00102
0.99609
0.985727
0.987701
1.01805
0.998064
0.987701
1.00818
1.00004
1.02397
1.003
0.995103
0.984493
1.0368
0.993869
1.02348
1.00127
1.00004
0.98622
0.979805
0.999544
1.01262
0.945755
0.997817
1.00325
1.00226
0.997817
1.00028
1.0146
0.998557
0.976104
0.985727
1.01287
1.01336
1.00102
1.003
1.00423
1.03853
1.01435
0.989428
0.981285
1.00645
1.0183
0.991402
1.02224
1.00719
0.987207
1.00818
0.989675
1.01015
0.998064
0.993376
1.00571
1.01756
1.00423
1.01657
0.991649
0.999544
0.982519
0.990662
1.00399
1.01114
0.99609
1.01632
0.987701
1.00818
1.00744
0.999051
1.00769
0.994609
0.987701
1.00547
1.00004
0.990662
0.979558
1.02718
1.00448
0.99757
0.997324
0.992389
0.994609
1.01756
1.003
0.983506
1.00547
0.993869
1.01854
1.01509
1.00522
0.99683
0.999051
0.992635
1.01213
1.01237
0.99535
1.00275
0.997077
0.989675
1.00102
0.983753
1.01336
0.988194
1.00892
0.995596
0.999051
0.983259
1.00004
0.983753
1.02446
0.999791
1.00374
0.984246
0.984246
0.981039
1.00497
0.988441
1.01854
0.992142
0.998064
0.988441
1.00744
0.996583
1.00818
0.99609
0.991649
1.00399
0.985727
1.01361
1.0146
1.01682
0.997077
1.00941
1.01583
1.00226
1.01089
1.02052
1.01287
0.988441
0.987454
1.01287
1.02175
1.02101
1.01287
0.990908
1.00695
0.999051
0.994609
0.979311
1.02496
1.00793
0.991649
1.00176
1.0257
0.983259
1.01336
0.980792
1.00053
0.977091
1.00522
1.00349
1.0183
0.997324
1.00719
1.00448
0.992142
0.993869
1.00621
0.997324
0.999051
0.997817
1.01558
1.00325
1.00053
0.989675
0.993622
0.995843
1.0146
1.00547
0.990415
0.988194
1.00325
1.01089
1.01854
1.00251
1.00867
0.983259
0.992142
1.00917
0.992142
1.00991
0.99535
1.00645
0.991155
1.00102
0.990908
1.01015
1.00201
0.99831
1.003
0.982272
0.995596
0.984246
1.00769
1.01879
0.99757
0.991402
1.02521
1.01188
1.00349
1.00423
1.00102
1.00028
1.00991
1.00004
1.00028
0.984493
0.996583
0.993869
0.99609
1.00917
1.00547
0.985233
1.00374
0.985727
0.97413
0.991402
1.00917
0.992635
1.00078
1.0067
0.985233
0.99609
0.999544
1.00127
1.01386
0.990168
0.989181
1.00226
1.00028
1.0067
0.987947
0.977338
0.983259
1.0104
0.993869
1.02841
1.00374
1.0183
0.993376
0.991649
1.0141
1.00843
0.987701
1.00769
0.994609
1.01534
0.993129
0.996337
1.01336
1.00571
0.998557
0.99609
0.966234
0.992142
0.994856
1.00769
0.981532
1.00522
0.987701
1.01953
0.99757
1.00004
0.98622
0.984
0.981779
1.00547
1.00423
1.00769
1.01756
1.00399
1.00621
1.00078
0.993376
0.998557
0.980792
0.993622
0.988934
1.01386
1.00547
1.00325
0.996583
1.0067
0.997817
1.0104
1.01608
0.999544
0.988934
0.967221
0.98696
1.00251
1.00818
1.00547
1.00176
1.00275
0.991649
1.0215
0.988688
1.00769
1.00127
1.00744
0.978818
0.999051
0.988194
0.998557
1.00645
1.01509
1.00251
0.995596
0.979558
0.990662
0.992142
0.99757
1.00793
0.998557
1.00423
1.03162
1.00004
0.983259
1.00695
1.00695
0.986467
0.992882
0.989921
0.993129
1.02002
1.00818
1.00917
0.989428
1.00695
1.0146
1.00843
1.01262
1.00547
0.985727
0.991895
1.00695
0.994856
1.0104
1.01386
0.994116
1.00744
1.00621
0.986467
1.01558
1.00028
0.982766
0.995843
0.99831
1.00176
1.00325
0.965988
0.997077
0.997324
0.995843
0.998064
1.00102
0.999544
0.984493
0.995596
0.976597
0.998804
1.00571
1.01632
1.00176
1.00127
0.98622
1.00793
1.01213
0.99609
0.995843
0.994609
0.997817
1.00275
1.00522
0.994116
0.99535
0.987454
0.986467
0.986467
1.01336
1.02965
0.981285
1.01089
1.01534
0.995596
0.999791
0.984
1.02348
0.990168
1.01237
1.00325
1.01336
1.00152
0.967961
1.00719
1.00053
0.994609
0.98474
0.978078
1.00991
1.01805
0.987207
0.995596
0.982272
1.00102
0.976351
0.99831
0.997077
1.01706
0.989428
0.999297
1.01237
1.00744
1.01731
0.980298
1.00423
1.01139
1.00152
0.976104
1.00349
0.996337
1.00966
1.00843
0.991895
1.00102
1.0178
1.00004
1.00127
1.00571
1.00251
0.988441
1.00793
0.995103
1.00004
0.999544
0.991649
1.00102
0.986467
0.999791
0.990908
0.993376
0.993622
1.00769
0.999791
0.994609
0.978078
1.0141
1.0067
1.00473
0.979805
1.01953
0.990415
0.989675
1.0104
0.992389
0.988194
1.02446
1.02471
1.01188
0.987701
0.983259
0.97487
0.999051
1.00769
0.990415
0.996337
0.994856
1.00078
0.995596
1.02323
1.02052
0.995596
1.00152
0.989428
1.00818
0.999791
1.00744
0.994116
1.00547
1.02989
0.971909
0.994609
0.988688
0.993622
1.00497
1.01879
0.998064
0.992389
1.00399
1.01015
0.995596
0.978571
1.01336
0.974623
0.99683
0.983013
0.999297
1.00448
0.984
0.984
0.97487
0.991402
0.982026
1.00818
0.994116
0.990168
0.996583
1.00793
1.00374
0.992882
0.985727
1.01632
0.990168
0.980792
0.981779
1.00769
0.993622
1.00275
0.995843
1.01386
1.01287
1.00596
1.00423
0.992635
1.0215
1.02521
1.01089
0.987701
0.98696
1.01805
1.00374
0.996337
1.01558
1.00004
1.00941
0.994856
1.00152
0.983506
0.984493
1.00152
0.976597
1.00374
0.990168
0.992142
0.987454
0.983259
1.00793
1.00226
1.01262
0.97265
1.00793
0.991402
0.999544
0.993622
0.99535
1.01213
1.00917
1.00571
1.00226
1.00251
0.993376
0.983259
1.01361
1.01879
0.980052
1.003
0.984
1.00571
1.02249
0.995103
1.00275
0.978325
0.997077
0.988441
0.992142
0.973636
1.00473
0.972896
0.995103
0.999297
0.987947
1.00127
1.00448
1.00547
1.01534
1.02397
1.00448
0.966728
1.00497
1.00991
1.00769
0.990908
1.00645
1.01311
0.988688
1.00374
1.00176
0.99757
0.983013
1.003
0.998557
1.00201
1.00719
1.00127
0.991155
1.02718
0.999051
0.999051
1.00497
0.99831
1.00226
1.00325
1.00349
0.992635
0.98548
1.00423
0.991649
0.995103
1.01262
0.99831
0.995843
0.989675
1.00226
0.989181
1.00325
1.00744
0.980545
0.985727
1.00621
1.00423
1.003
1.01484
0.979558
0.982272
1.00818
1.00275
1.00028
0.977584
1.03211
1.00892
0.990908
1.00843
1.00818
1.0141
0.983506
0.986714
0.999051
1.00473
0.989921
1.00596
0.994856
0.996583
1.00399
0.998804
1.01089
1.0067
0.999791
1.00325
1.00769
0.998557
0.979805
0.980052
1.00275
0.993869
0.99831
1.00102
1.01213
0.998557
0.99831
1.00571
1.00892
0.997324
1.01386
0.97561
1.01608
0.992635
1.00571
0.991155
0.997077
1.00843
0.990662
0.999791
0.99683
0.99757
1.00102
1.00349
1.00941
1.00226
1.00744
1.01336
1.00818
0.99831
1.0141
0.992389
0.989428
1.00004
1.00547
1.01065
1.01065
0.999544
0.994609
0.980052
1.00053
1.02126
0.98622
1.00325
0.990415
1.00176
1.01213
0.986467
1.0067
0.985973
0.993622
0.98696
1.01287
1.00473
1.00473
0.989428
0.995596
0.999544
1.02298
0.990168
1.00719
1.00744
0.995843
0.984987
0.982519
0.993376
1.00053
0.999051
1.00793
1.00867
0.980052
1.00226
1.00078
0.993622
1.00769
0.99535
0.987207
0.981039
1.01361
1.00793
1.01854
1.00399
1.01188
0.988194
1.00547
1.00769
0.988441
0.984987
0.989675
1.00744
1.01534
1.03137
1.00719
1.00226
1.00078
1.01534
1.00892
1.02693
1.00374
0.985727
0.998804
0.993622
0.991895
0.982519
0.982272
0.990415
0.990662
1.01311
1.01361
1.01978
1.01756
1.00522
0.994856
1.00769
0.988194
1.00028
0.992882
1.00423
0.980298
1.00102
1.01509
0.992142
1.02002
0.990168
0.991895
0.994856
1.00818
1.00423
0.984987
1.00719
0.990168
1.00028
0.999791
1.02052
1.00275
1.01213
0.988688
1.00917
0.999297
1.02298
0.981779
1.00325
0.999297
0.99831
1.00818
0.972896
0.994116
1.00004
0.99609
0.985973
1.0146
0.975117
1.00867
0.998557
0.972896
0.996337
0.998804
0.980052
1.00028
0.994856
0.984987
0.995103
1.0141
1.00399
1.00399
0.984246
1.01139
1.02743
1.00349
0.995843
1.00251
0.978078
1.00843
1.00275
0.991895
0.991895
0.993622
1.01237
1.00176
1.01854
1.00571
0.997077
1.00621
0.99757
0.998804
1.01756
1.0067
1.01756
0.995596
1.00941
0.998557
1.01065
1.00596
1.01682
1.0104
1.01065
1.01756
0.992635
1.00497
1.03039
0.987454
1.00522
1.01163
1.01311
0.999297
0.97339
0.99757
0.981779
1.00374
1.01361
1.01904
0.994116
0.992389
1.00423
0.99609
1.00053
0.986467
1.0146
0.992142
1.00176
1.00349
0.979805
1.00867
0.99535
0.992142
0.986714
1.00399
0.985727
1.01731
1.0104
1.01287
0.999544
1.00744
0.996337
1.03137
1.00473
0.991155
1.01879
1.01608
1.00522
1.0215
0.99535
1.00374
0.996337
1.00127
1.01657
1.00053
0.991895
0.989675
1.00325
0.992389
0.992635
1.00053
1.01336
0.979311
1.00201
1.0067
0.991649
1.01386
1.00325
0.995103
1.01139
0.993622
0.992882
1.00275
1.00448
1.00374
0.981779
1.00522
0.992882
0.99609
1.0257
0.993869
1.01386
0.998557
1.00399
0.994116
1.00917
0.989675
0.98548
0.994363
1.02101
0.99535
0.992389
1.00473
1.00941
1.0146
0.98696
1.00867
1.00028
0.999297
0.992142
0.999297
1.00399
0.993622
0.988934
0.998064
0.997324
1.00596
1.00793
0.980298
1.01805
0.999791
1.00522
0.973883
1.00325
0.982766
0.981779
1.0178
1.02126
1.01756
1.02669
1.00596
1.00473
1.02619
0.999297
0.980052
0.99831
0.998557
1.01015
1.00917
1.01015
1.01879
0.979805
1.00275
0.990908
1.00497
0.99683
1.01484
1.00769
0.992882
1.01928
0.990415
1.02767
0.989921
0.98548
0.987454
0.993376
1.02471
1.01435
0.978571
1.01805
0.976597
0.976597
1.00793
1.01139
0.999051
0.987947
1.00053
1.00497
1.01311
0.990415
1.00152
1.00078
0.993129
0.992882
0.981039
1.0141
1.00004
0.991649
0.976104
0.997817
0.999791
1.00473
1.00843
0.994856
1.01311
1.01139
0.994856
0.99757
1.00275
1.00423
0.977831
1.01237
1.01805
1.00078
1.00571
0.998557
1.00621
1.01904
1.00275
0.989675
0.99831
1.00744
0.99757
1.00547
0.993622
1.00102
1.01854
0.99535
1.01065
1.0183
1.01237
0.980792
0.981532
0.995103
0.979805
0.99609
0.998557
0.981039
1.00399
0.995843
1.00473
0.993622
1.00176
0.997324
0.980298
1.00793
1.01904
1.00374
1.01682
1.00028
0.990662
0.98622
1.00374
0.987701
1.01435
0.999051
0.992142
1.00621
1.00004
1.01237
0.978818
0.989181
1.00251
0.98474
0.98696
0.993376
0.971169
1.0215
0.983259
1.00399
1.0141
0.989428
0.99609
1.02323
0.999297
1.02298
0.992635
1.00793
0.981039
0.995843
1.01756
1.02422
0.982766
0.997817
0.992142
0.996337
1.00028
0.989428
0.997324
0.995103
1.00176
0.982766
1.00571
0.979558
0.979558
1.02027
0.998557
0.992389
1.00695
0.99535
0.99757
0.99609
1.02767
0.998557
0.990908
0.98474
0.994856
1.00325
1.02397
0.987947
1.00349
1.02126
1.01805
1.00226
0.989921
1.00152
0.997324
1.00473
1.00349
0.995103
1.00176
1.00793
0.999791
0.998804
1.00719
0.992635
0.982272
1.00966
1.0183
1.00645
1.003
1.02076
0.998804
1.01805
0.986714
0.99535
1.01928
0.989675
0.998557
1.00571
0.98548
1.0146
0.993376
0.994116
0.979065
0.984493
1.02669
1.00152
1.00497
0.994363
1.00028
0.992389
0.999544
1.00818
1.00818
1.02496
1.00349
0.994363
1.02619
0.990168
1.00818
0.978818
1.01978
0.998804
0.995596
1.01015
0.98622
0.999544
0.991402
0.98622
0.999791
1.01854
0.993622
1.00843
0.992635
1.01608
0.992635
1.00867
0.989428
1.01361
1.0183
1.01928
0.979558
1.00522
1.00275
0.983506
0.983506
1.01731
1.00251
0.983506
0.985727
1.00127
0.995103
1.00695
1.003
1.00793
0.983506
1.00621
0.993622
0.991895
1.02743
0.989181
1.00497
1.00275
0.994363
0.999791
1.01139
0.989428
1.01854
0.980792
1.00423
1.00399
0.987207
1.00226
0.999051
1.0178
1.00078
0.996337
1.00522
1.00695
0.983013
0.996337
0.993869
0.980545
0.992389
0.990908
0.994609
1.01854
0.997817
1.01928
0.986467
1.01015
0.967468
1.00522
1.01879
0.980792
1.00053
1.00769
0.988688
1.00201
1.02101
1.0141
0.981779
1.00571
1.00399
0.997077
0.981779
1.00695
1.01805
1.00645
1.00028
0.982272
1.0183
0.978325
0.992635
0.991895
0.995103
0.992635
0.966481
0.998557
0.971909
1.01632
0.994363
0.99535
1.00695
1.01015
1.0215
1.00423
1.00695
0.989921
0.995103
1.00473
0.983506
0.993622
0.98696
1.00867
0.972896
1.0331
0.983506
0.991649
0.98622
1.03063
1.01015
0.981532
0.984493
0.985973
0.979805
1.00349
0.998064
1.00892
1.00843
1.00793
1.00201
1.01558
1.00423
1.00374
0.98696
1.02126
0.986467
1.00349
0.991895
1.00892
0.988194
0.989428
1.00719
0.981039
1.0183
1.02595
0.973883
1.00941
1.00522
1.00818
1.00818
1.0331
0.98622
0.994116
0.988441
1.00399
1.00251
1.00275
1.03063
1.00201
1.00645
1.00571
0.978325
1.00547
0.994116
0.984987
0.998064
0.991649
0.986714
0.984
0.988934
0.995596
0.991155
0.998804
1.01731
0.985233
1.01904
0.983013
0.994363
0.986714
1.02274
1.00102
1.0294
1.00176
1.01188
0.999544
1.02471
1.00176
0.998064
1.00053
0.998557
1.00448
1.01879
0.990415
0.950443
0.993869
0.972896
0.99757
0.992389
1.00547
0.999297
1.00004
1.01213
1.01583
0.992635
1.00744
1.00892
1.02002
1.00793
0.984987
1.01904
0.987947
1.00744
1.00078
1.00275
1.00941
0.995596
0.983013
0.997324
1.02422
0.990415
1.00621
0.985727
1.01731
1.01731
0.990662
1.0104
0.983753
0.983259
0.994363
0.993129
1.01534
1.01583
0.984493
0.977584
1.00917
1.00226
0.982026
0.978325
0.99831
1.00522
1.00892
0.977584
1.00201
1.02669
0.994609
1.00719
1.00028
0.998064
1.0067
1.02126
0.993869
0.98622
0.999297
0.994116
1.00078
1.00275
1.0067
0.99683
1.00645
0.984246
0.995103
0.994609
0.991402
1.02496
1.003
0.995843
1.00867
1.01534
0.99535
1.00004
1.00547
1.00497
0.994609
1.01879
0.995596
1.00127
1.00176
1.0104
0.996337
0.999544
0.995596
0.98548
1.01657
0.966234
1.00571
0.99831
0.988441
1.00053
0.989428
0.995843
1.00004
0.995596
1.01139
0.999791
0.977338
1.00374
1.00621
1.00497
0.999051
1.00793
0.973636
0.993869
1.01015
1.00349
1.00793
1.00867
0.976351
1.00226
1.00596
1.00423
1.04124
1.00793
0.992882
0.982272
1.01904
1.00793
0.999297
0.989181
1.00176
0.990168
1.01534
1.00078
0.99683
1.00004
1.00497
1.00621
0.998064
1.00867
0.990415
1.03236
0.992635
1.00053
0.964507
1.00448
0.995596
1.02052
0.967715
1.00695
0.991155
0.994856
0.991155
0.999297
0.99831
1.01361
1.01583
0.985233
0.985233
0.984493
1.00892
0.999051
0.999051
1.00176
1.0104
1.02249
1.00892
0.980052
0.990168
1.00769
0.980792
1.00769
0.998064
0.988441
1.01311
1.01336
0.983506
0.980298
0.987207
0.986714
1.01435
1.00867
0.997077
1.01805
1.00744
0.995843
1.00053
0.992635
1.003
0.996583
0.992142
0.998557
1.01509
1.01065
0.998557
0.991649
0.993622
0.994856
1.00102
0.977338
1.01953
0.993622
0.992389
1.00127
1.01188
0.992635
1.02175
0.987701
1.003
1.00423
0.988441
0.999297
0.995596
0.999051
0.987454
1.0067
0.997324
1.01435
0.983013
0.994609
0.980792
0.996583
0.995843
0.977584
1.00152
0.99757
1.00596
1.00152
0.99683
1.00127
1.01015
1.00251
0.991155
1.00769
0.981779
0.981039
0.976104
0.998557
0.994609
0.980792
0.979065
1.01213
0.995843
0.997077
1.00226
1.00152
1.01163
1.00004
0.971169
1.00004
0.96426
0.998557
1.00892
1.02545
1.00769
1.01928
0.991895
1.01534
0.989675
0.990908
0.995596
1.00349
1.00473
1.00127
1.01311
0.99535
0.990168
0.996337
0.99609
1.01287
1.00522
0.981285
0.997817
1.01163
0.996337
1.00497
1.00843
0.990415
0.996583
1.003
0.985727
1.01262
0.973636
1.00547
0.988934
0.953157
0.989675
0.983013
0.982026
0.990908
1.00917
0.99535
0.998557
0.984246
0.991649
0.990415
1.00547
0.99609
0.998557
1.01682
0.990415
0.994609
1.00028
0.985727
1.00497
0.985727
0.991895
1.01311
1.00818
0.99831
1.00201
0.983013
1.00769
1.00325
0.969442
0.990662
0.999297
1.02101
1.00818
0.988688
0.99609
0.998804
0.985727
1.00325
1.0183
1.01608
1.00571
1.02496
0.999051
1.00522
1.00571
1.00522
0.967221
0.987947
1.01015
1.00201
1.01558
1.003
0.994856
1.01139
0.993376
1.02718
1.00275
1.00127
1.01805
1.00028
1.00053
0.989428
1.00596
1.00473
1.01213
1.0067
0.979558
1.00251
1.00917
0.979065
1.0067
1.01904
1.00571
0.98622
0.983506
1.00226
0.983013
0.968208
0.992389
0.982026
1.00325
1.02915
0.986714
0.999051
0.995843
1.0183
0.991155
0.997324
0.993376
1.00325
0.992635
0.98548
1.00917
1.00645
0.995843
1.00522
0.987454
1.02891
1.00941
0.992389
1.00448
0.991895
1.0067
1.00695
0.983753
0.986714
1.01188
0.993376
1.01854
1.00127
1.00374
0.979558
1.00152
0.979805
1.0104
1.00176
1.01361
0.994363
1.00695
1.00621
1.01756
0.990662
1.01608
1.02076
1.00744
0.992142
0.985727
0.995843
1.01608
1.00251
1.0257
0.985727
0.995596
0.980792
0.99757
0.997324
1.00596
0.97487
1.01904
0.98622
1.00102
1.00028
1.00621
1.00423
0.991649
1.00226
1.00497
1.01386
0.993376
0.99757
1.00991
1.0067
0.99609
1.0215
1.00325
0.975117
0.996583
1.01311
1.00941
0.998064
0.971663
0.988934
1.01139
1.00497
1.00571
0.970182
0.984246
0.993622
1.0104
0.997817
0.998557
0.988934
1.00201
1.00744
1.02693
1.02175
1.00843
0.985233
1.01262
1.00152
0.966234
0.997817
1.00769
0.991402
0.988688
0.988194
1.02002
1.00226
0.984
1.00892
1.0067
1.00991
1.00695
1.01558
1.00892
1.0183
1.00423
0.983259
0.971663
1.01262
0.985233
1.02175
1.00251
1.02545
1.00793
1.00201
1.0183
0.987701
0.988194
0.997817
1.01706
1.00744
0.988934
0.991649
0.994609
1.0146
1.01583
1.01854
0.989181
1.0141
1.00102
0.999297
0.98696
0.975857
1.01756
0.991895
0.998804
1.00423
1.00473
1.01336
0.994116
0.988934
0.993622
1.01065
1.00744
1.00473
0.997324
1.01188
1.01756
1.02743
1.01706
0.983753
1.00275
0.987947
1.00621
0.992142
1.02101
0.99757
0.998064
0.988934
1.0067
0.989181
0.989181
1.00645
1.01484
0.975364
1.01608
1.02323
0.988688
1.01657
1.00522
0.976104
1.01682
0.999544
1.00645
1.00028
0.992882
0.998804
1.00571
1.00991
0.995596
0.997817
0.989921
0.991895
1.01435
0.998804
1.01336
0.99757
0.985727
1.00867
1.00028
0.987947
1.003
0.989181
1.01114
0.982272
1.00818
0.989428
1.00818
0.970676
0.99757
0.988934
0.989428
1.00892
0.997077
1.00596
1.01163
0.99831
0.989675
1.00621
1.01509
1.02841
0.995596
1.02817
0.994363
1.00127
1.00793
1.02545
0.990662
0.996583
1.02224
0.998064
1.00818
0.998804
1.00152
1.0104
0.99609
1.01879
0.997817
0.976351
1.01065
0.998064
0.985973
1.02348
0.990662
0.990908
1.0141
0.963027
1.02397
1.01682
1.00325
0.98622
1.01756
1.00004
0.998064
1.01484
1.0146
1.00793
0.990908
0.990908
0.991649
1.00966
0.996583
1.00102
1.00176
1.00004
1.00102
0.992389
1.00325
1.00793
1.01336
1.01089
0.992882
0.993622
0.998064
1.00275
1.01139
0.98696
1.02249
0.998064
1.01311
0.987454
1.01163
0.989181
1.00596
1.0141
0.994609
0.985727
1.02446
1.01706
1.01632
1.00399
1.00547
1.00867
1.00028
1.00769
1.00547
0.989428
1.0141
1.01015
0.985233
0.999791
0.991895
0.988688
0.993869
0.985233
1.0141
1.0146
1.00349
1.00547
1.01188
0.981039
1.01213
1.00473
1.0178
1.01015
0.999791
1.00645
0.995843
1.02274
0.993869
0.979065
0.971416
1.00028
0.981532
0.986714
1.0178
1.00349
0.994609
0.998804
0.992142
0.983506
1.01879
1.0183
1.0104
1.03113
0.98474
0.991649
1.00621
0.98474
1.03088
1.02595
0.993376
1.00473
1.00941
0.992635
0.979311
1.01435
1.01213
0.990168
1.00818
0.990908
0.99831
0.97561
0.99535
1.01089
1.00226
0.99535
0.991649
0.993129
1.00793
1.00892
1.00991
0.999544
1.01139
0.98622
1.00251
1.01213
0.984
1.00547
1.02027
0.994609
1.00571
1.00152
1.02052
1.00719
1.00251
0.985727
1.00275
0.999051
0.985727
1.00226
0.973143
1.0067
0.966728
0.992882
0.991895
1.00028
0.989675
1.0104
0.996337
0.998557
1.02718
0.978571
0.97487
1.01879
1.00226
1.02422
1.0215
0.990415
0.981285
0.994116
1.00941
0.991402
1.00102
0.980545
1.00399
0.990168
1.01608
1.00127
0.999051
0.99683
0.991895
0.982272
1.00892
0.996583
1.00176
1.01904
0.979065
1.00596
0.999297
0.988688
1.00325
0.98474
0.99831
0.973883
1.01361
1.022
0.989428
0.978571
1.00152
1.01114
0.993622
1.00325
0.99683
0.981779
0.991155
0.993622
1.0146
1.00078
1.01435
0.995103
0.986714
0.990168
1.00078
1.00251
0.98474
1.00423
1.00744
1.02249
0.991155
1.00744
1.00793
0.994856
0.984
1.01015
1.00991
1.02496
0.996583
1.01657
0.968948
0.995596
1.00917
0.993869
0.98696
0.95217
1.02274
0.98548
1.01854
0.988688
0.991895
1.00251
1.00991
1.01682
1.00596
1.01484
0.994363
1.02027
1.00621
0.990662
1.01756
0.988934
1.00473
1.00695
0.997817
1.00374
1.00793
0.999544
1.02619
1.00695
1.00867
1.00349
0.998557
1.00645
1.02101
1.01558
1.00695
1.00645
0.99535
0.99831
1.00251
0.994116
1.01188
0.981532
1.003
0.993622
1.00522
1.02397
0.993129
1.00695
1.01089
1.02915
0.992882
1.01237
0.99609
0.987207
1.00028
1.00645
0.987207
0.990908
1.02841
0.990415
0.99757
1.00152
1.00349
0.99535
0.998804
1.00991
0.994609
0.986714
1.00349
1.01632
0.978818
1.00695
0.971416
1.00867
1.01805
0.994856
0.994363
0.97413
0.982272
1.00399
0.985973
0.994609
1.00349
0.998557
1.00744
0.988934
0.991895
1.01583
0.991155
1.00991
1.02002
0.979311
0.991402
1.00645
0.995596
1.00621
1.01311
1.00818
1.00251
1.02002
1.00695
1.00028
0.980052
1.01262
0.995843
0.995103
1.01237
1.00917
0.998557
0.994116
0.979805
0.995596
0.98696
1.00744
1.00867
0.991895
0.997817
1.00497
0.999791
1.01558
1.00201
0.989428
0.979311
0.994609
0.984246
0.990415
0.981532
1.02841
0.996583
0.996583
0.972403
1.02002
0.985233
1.02076
0.990908
1.00719
0.99683
1.00374
0.968702
1.02545
0.965988
0.997324
1.003
1.00374
1.0067
1.0104
0.989675
1.00004
1.00497
1.0183
1.00596
0.996583
1.01089
1.03088
0.98696
0.985727
1.00078
1.0141
0.994609
1.00497
1.0104
1.00695
0.988441
0.992389
1.00053
1.00102
0.991155
1.00522
1.00201
1.00645
0.995103
1.00176
0.984493
0.990662
0.99683
1.01065
0.990415
1.01188
0.986714
1.00695
0.997817
1.01558
1.02372
1.00497
1.00102
0.99757
0.993376
1.01435
0.993129
1.02298
1.00867
1.00621
1.0178
1.01089
1.02891
0.988688
0.976351
1.00004
0.990415
1.00645
0.966728
0.988688
1.00892
1.0146
0.989921
0.97265
1.00251
0.990415
0.999544
1.01336
0.994856
1.01706
1.00744
1.00399
1.00596
1.02298
0.99683
1.01163
1.00004
0.984987
0.983506
1.003
0.994116
1.00448
0.993869
1.0141
0.999791
1.00004
0.992882
1.00448
0.980052
1.00053
0.982766
0.994363
1.01139
0.985233
1.00448
1.00695
1.02298
0.988934
0.988688
1.00966
1.01534
1.01632
1.00275
1.00719
0.999297
0.985727
1.00744
0.990415
0.99609
0.997324
0.987701
0.994609
1.00152
0.990415
0.995596
0.99683
0.994116
1.022
1.01139
1.02076
0.986714
1.00078
1.00078
1.00473
1.00497
1.00596
1.00004
0.993622
1.00053
0.982519
0.990908
0.990908
1.00522
0.988934
1.00102
0.994116
0.988688
0.993869
0.97265
1.00719
0.976597
0.999051
1.01632
1.00719
1.01139
0.99609
1.00645
1.01336
0.987207
0.997817
0.999297
1.00547
0.997817
1.02915
0.988194
0.982766
1.00867
0.998804
1.00818
1.02076
0.984987
0.996337
1.00966
0.97339
0.995843
1.0183
1.00547
1.0178
0.989921
0.995843
0.999297
1.00349
0.967468
0.97413
1.02298
0.978078
1.00349
1.00325
0.99683
1.00917
1.01534
0.986714
0.991649
0.998804
1.01311
1.00966
0.99683
0.994856
1.00251
1.00621
0.98474
0.999051
0.973636
1.00004
1.00941
0.999051
0.992389
1.00892
1.00818
0.992882
1.00325
1.00374
1.00102
0.990662
1.01706
1.00645
0.999297
1.01583
0.99757
0.999051
1.00621
0.979805
1.01015
1.0104
0.99757
0.982026
0.992882
1.00349
1.00645
1.00078
0.993129
1.01534
0.979805
0.992882
0.99757
1.00349
1.01163
1.02372
1.00127
1.01262
0.971416
1.00966
1.00769
1.00744
0.995103
0.986467
1.01386
1.02669
1.00917
0.99757
1.00102
0.982026
0.969195
1.00176
1.01904
0.997817
0.979065
0.98622
0.990168
0.991402
1.01583
0.988688
1.00547
1.01978
0.978325
1.02891
1.00497
1.00176
0.999791
0.986467
0.980298
1.00966
1.0067
0.989428
1.00251
0.975857
1.00818
1.00596
1.00843
0.985727
1.01632
1.00867
0.985233
0.984493
0.986714
1.00152
0.993622
0.987701
1.00867
0.99831
0.985727
1.00423
1.00226
0.990662
0.980298
1.00448
0.997077
0.995596
1.00867
1.00325
1.01879
0.999051
1.0104
1.00004
0.979065
1.00201
0.978818
1.00053
1.00201
0.998804
0.999297
0.988194
1.02891
1.01435
1.00621
0.985727
1.01608
0.97561
0.986467
1.00719
1.00053
0.999544
0.990168
1.00769
1.00769
0.981285
1.00497
1.01558
1.01237
1.00522
1.00793
1.00621
1.0141
1.00423
0.988194
1.00176
0.995596
0.999051
1.00473
1.00028
1.00917
0.998804
1.00176
1.03014
0.988441
1.01089
1.01953
1.02298
1.00769
1.01386
0.994609
0.985233
1.00695
1.00966
1.01608
0.977831
1.00127
1.00448
0.99757
0.990662
1.0067
1.00127
1.00744
0.990415
0.995103
1.00497
0.98696
1.02471
1.01534
0.970922
1.00127
1.00028
1.0146
1.00053
0.994116
0.989921
0.99757
0.99683
0.998804
0.988441
1.00226
0.99609
1.00547
1.00349
0.991895
1.01311
0.999791
1.00941
0.996583
1.00152
0.999297
0.999051
0.992882
1.00744
0.998804
0.990168
1.00473
0.972156
1.00522
1.01015
0.975117
0.998557
0.985233
0.996583
1.00349
0.991895
0.98696
1.02027
0.997817
0.993129
1.0141
0.984246
0.999297
0.990662
0.977831
1.00448
1.00448
0.999051
1.00473
0.998804
1.00102
0.98548
1.01287
1.00399
1.00226
0.99535
1.02965
0.98474
0.98622
1.01632
0.983753
1.0104
0.986714
0.982026
1.00028
0.995843
1.00966
1.00423
0.979311
0.993622
1.0183
0.989921
0.998064
0.991155
0.989675
1.00547
0.993869
1.00867
0.994363
0.993869
1.00152
0.992389
1.00473
1.02249
0.98548
1.00645
1.01632
0.966481
1.00522
1.00004
1.00645
0.995103
1.01287
1.00275
1.00201
0.994363
1.00226
1.00793
0.993376
1.01213
1.01311
0.997324
1.00769
1.00843
0.99609
1.01336
1.00867
0.970182
0.988934
0.983506
1.02644
1.00004
0.993869
1.01435
1.00201
1.00547
0.999544
0.984246
0.994363
1.01336
0.983753
0.993129
1.03581
1.01805
1.00102
1.00571
1.01139
1.02817
0.997324
1.01805
1.00028
0.990415
1.01657
1.00621
0.994609
1.02101
0.981779
0.984246
1.00818
1.00201
0.997817
1.00374
0.999791
1.00275
0.981779
1.00226
1.00053
1.00152
1.01213
0.980792
1.00744
1.00744
1.01534
1.00349
0.992142
0.990415
0.996583
1.00867
0.991649
0.987947
1.00251
1.00349
0.979805
0.99609
0.983753
1.00275
1.00621
0.995596
1.01287
1.01904
1.02126
1.02002
1.00053
1.03285
1.02224
0.992882
1.02693
1.00695
0.979558
0.996583
1.00991
0.999544
0.992389
1.01558
1.01065
0.995103
1.01237
1.00374
0.986467
1.01163
0.997817
1.00325
1.00522
0.985233
1.00497
0.992142
1.01089
1.00004
1.00966
1.00793
0.992142
0.978325
1.01484
0.992882
0.996583
1.01879
0.993376
1.00275
1.00275
0.995596
0.980052
0.989428
0.990662
0.991155
0.988934
1.00448
0.991649
0.985973
1.00028
1.00004
1.00843
1.00102
0.989428
1.01632
0.997817
1.00695
0.992882
1.00991
1.01509
1.00719
1.00917
0.999791
0.988688
1.00473
1.01731
1.00497
0.98622
1.0141
1.00102
0.997324
1.02323
0.99683
1.00053
0.971169
1.00473
0.98696
1.01682
0.989921
0.991402
1.0067
0.99609
1.00275
1.01509
0.99683
0.985233
0.986467
1.02298
1.01978
1.01015
0.992882
1.03359
1.00374
1.01879
0.979805
1.00917
1.01978
1.01139
1.00275
0.985233
0.980545
1.01484
1.00275
1.00621
0.988688
0.992882
1.00251
1.00102
1.00053
0.999544
0.989181
1.00621
1.00102
1.00645
0.994363
1.00176
1.00645
0.992635
0.988194
1.01879
1.01065
0.994363
0.993869
0.98622
1.00547
0.98474
0.992635
0.99757
0.996337
1.00004
0.995843
1.00892
1.01188
1.00497
0.98622
1.00744
0.987207
0.983259
1.00423
0.985233
1.01682
0.96278
1.00448
0.99831
1.01608
1.01435
0.98622
1.00818
1.00744
1.003
1.00497
0.990415
1.00571
0.990662
1.02521
1.00448
1.00966
1.00769
1.00818
0.98474
1.00991
0.988934
0.994363
0.989181
1.00473
1.00448
0.992882
0.980545
1.00645
1.01805
0.997077
1.00843
1.01015
0.980052
0.992882
0.997324
0.998804
0.98548
0.98548
0.989921
1.02002
0.982766
1.03754
0.994363
0.995596
1.00917
1.01657
1.01632
0.994609
1.00176
1.00349
0.998804
0.999544
1.00621
0.97561
1.00053
0.991649
1.02767
1.00028
0.971909
0.999544
1.01632
0.99609
0.989921
1.003
1.00423
0.989675
0.997817
1.01706
1.00226
1.00621
1.00349
0.981285
1.01558
1.00621
1.0104
0.995596
0.992882
1.00473
0.997077
1.01756
1.00374
0.995596
0.99683
1.01015
0.998804
0.997077
1.00374
0.994363
0.977831
0.980052
0.987454
1.00793
1.00892
0.991895
0.984987
0.993869
0.99831
1.01015
0.993376
0.992389
1.00028
1.00201
1.00325
1.00917
1.01015
0.984493
0.991649
0.994363
0.992635
1.00349
1.00917
0.997324
1.00028
0.994363
0.99535
1.00127
0.996583
1.00004
1.00226
1.01361
1.02027
0.990168
1.01854
1.00522
0.993376
0.991649
0.999297
1.01435
1.00547
1.0146
1.01904
1.02274
1.00645
0.986467
0.991155
1.003
1.00102
0.984493
0.985973
1.00152
1.0294
1.00793
1.02446
1.00645
0.989428
0.974377
0.979065
0.991649
1.00966
1.00374
0.988688
0.99609
0.999791
0.994363
0.999297
0.979065
0.991155
0.99609
0.996583
1.02274
0.995103
0.981779
1.00448
0.997324
1.00571
0.993376
0.995103
1.01237
0.992389
0.983259
1.00176
0.98622
1.00176
0.995103
1.01089
1.00004
0.99609
1.01361
0.984987
0.99831
0.999297
1.00522
0.994856
1.01139
1.01682
0.994116
1.00349
0.993869
0.989921
0.976351
1.01065
0.989428
1.00547
0.994609
1.01089
1.01065
0.988441
0.988688
1.00004
0.97487
1.0141
0.981532
1.00201
0.994609
1.00275
1.01213
1.00349
0.995843
0.983013
0.999297
0.986714
1.0178
0.99831
0.995103
1.00325
1.01756
1.00645
0.983753
1.01953
0.998557
0.981532
1.00596
1.00374
1.00349
1.01287
1.00053
1.01756
1.02126
1.00966
1.00991
0.985727
1.00571
1.01311
1.003
1.01608
0.998557
1.00917
0.982272
1.01632
0.998557
1.01854
0.993129
0.988934
0.994116
0.969935
0.998804
1.01509
1.00769
1.00078
1.0067
1.01089
0.994856
0.999051
1.01731
1.00448
0.988194
1.01114
1.00399
0.998804
0.988688
1.01089
0.98622
1.00325
1.00102
1.01386
0.993622
1.00251
0.986714
0.998804
0.99535
1.01805
1.01213
1.00078
0.998064
0.991155
1.00127
0.980298
0.998064
0.995103
1.02298
0.988194
1.01756
1.01632
0.976844
1.00917
0.99535
0.993376
1.00152
0.993376
0.990168
1.00867
0.995103
1.00176
0.982272
1.02002
1.00744
0.989675
1.00201
0.994363
1.00473
1.00127
1.01114
1.00892
0.989181
1.00818
1.00991
0.998804
1.01213
1.00497
0.990908
0.985727
1.01682
1.01756
0.979558
0.99757
0.97561
0.990662
1.02126
0.988194
1.00497
1.00201
0.988688
1.00522
1.00152
1.00349
0.990415
1.00028
1.03137
1.00547
1.00769
0.99683
1.01015
1.00053
1.00423
0.992882
1.00251
1.00423
0.989921
0.993129
0.996337
0.983506
0.993129
1.00645
0.999297
0.998557
1.00399
0.998064
0.99683
0.994856
0.997817
0.995843
0.999791
0.981779
1.01237
0.99535
0.986467
1.01262
0.997077
1.00251
1.00497
0.973143
1.00793
1.00201
1.00251
1.003
1.01904
1.00201
1.00226
0.999544
1.00102
0.988934
0.984987
1.01706
0.995103
0.999544
1.01139
0.987701
1.00152
1.01015
0.999297
0.992635
0.988934
0.993622
0.994609
0.971416
0.994609
0.993129
1.003
0.976844
0.980545
1.01114
1.00966
0.999791
1.00448
1.01657
1.00325
1.003
1.02027
1.003
0.992142
1.01657
1.01682
1.00152
0.992635
0.99757
0.992882
0.997324
1.01805
1.00448
1.00645
1.00349
1.0104
0.993129
1.01854
0.980545
1.00571
0.964014
0.998804
0.992389
0.987701
1.0183
0.97561
0.980792
0.988934
0.986714
0.988441
1.00818
1.00325
1.00596
0.982026
0.978818
1.02595
0.999791
1.00053
1.00127
0.994116
0.991402
1.00645
0.984246
1.003
1.00423
0.997324
0.993376
0.99683
1.00275
1.01213
1.00719
0.994363
0.998804
1.01435
1.01608
0.987207
0.99757
0.978818
1.00497
0.998064
1.01484
1.00941
0.985727
1.00275
1.01484
1.022
0.994116
1.00818
1.00325
1.00275
0.978571
0.984493
1.00374
0.979311
1.02718
1.01928
1.00473
0.994116
1.00497
1.02126
1.00843
1.00991
1.00892
0.989181
0.991649
0.996583
1.03433
1.00917
1.00645
1.01904
1.02669
1.00571
0.971663
1.00522
0.996583
0.987454
0.990168
1.01188
0.978818
0.979065
1.01731
0.989921
0.990908
1.01188
0.992142
0.980298
1.01139
0.989428
1.01188
0.985233
1.00201
1.01163
0.999791
0.990662
0.999051
1.00374
0.986467
0.984987
1.00201
1.00226
0.995596
1.02422
0.995843
1.00226
1.0067
0.997324
1.01262
1.01188
1.01805
1.00843
0.988441
0.993869
0.994609
0.993376
1.00867
1.00497
1.00719
0.991155
0.980792
1.0104
1.01534
1.02323
0.990662
1.00818
1.02397
0.992635
1.00226
0.996337
1.01978
0.983259
1.00769
0.976351
1.00102
1.01386
1.00744
1.00917
0.989181
0.982026
1.01484
0.99683
0.999297
0.990168
0.998804
1.01213
1.01928
1.00744
0.98474
0.998557
1.01928
1.00547
1.0178
1.01904
1.01953
1.02323
0.989921
0.991649
1.00078
0.997324
1.02076
0.991649
1.00127
0.980792
0.994116
0.975364
1.00201
0.992389
0.983753
1.01336
0.996583
1.00867
1.01583
0.997817
0.992635
1.01311
1.01089
0.979558
0.991649
1.00423
0.980545
0.996583
1.00843
0.99609
1.00399
0.990415
0.969689
1.00867
1.01632
1.00892
0.992635
0.994856
1.00053
0.990415
1.00719
0.99831
1.00769
1.00201
0.994363
1.00127
0.997324
1.01386
0.997324
0.980545
1.01065
1.00719
0.997324
0.981779
0.988441
0.978571
0.978818
1.00078
0.99831
0.985973
0.988441
0.990662
0.985233
1.01287
0.989428
0.979065
1.00325
1.01213
0.998557
1.00621
1.00547
1.00275
0.991649
1.01386
0.983753
0.99757
1.01188
1.00275
1.01608
0.998557
0.995596
0.983753
1.00325
0.99609
1.01558
0.999791
1.00645
0.990415
0.979065
1.003
1.02027
1.01657
1.00226
1.01682
1.00423
0.999544
0.985727
0.994856
0.991155
1.00176
0.980792
1.04371
1.02545
0.995843
0.979065
0.990415
0.995843
0.980545
0.996583
1.01188
0.997817
1.00448
1.00793
0.99831
0.988934
0.99609
0.984
0.991649
0.981039
1.0104
0.985727
1.01558
0.994856
0.988441
0.988441
1.003
1.00028
1.00917
0.98622
1.00547
0.992142
0.994856
0.977584
0.997324
1.00818
1.0146
1.00621
0.98548
0.978078
1.02027
1.00571
1.00473
1.003
1.01632
1.00843
0.991649
0.982272
0.98548
0.997324
1.00374
0.99683
0.996583
1.01311
0.979558
0.982519
1.01484
1.01213
1.003
0.997817
1.0178
1.00497
1.01163
0.991649
0.987207
0.996583
0.983753
0.989675
1.01854
1.01237
1.02521
1.01188
1.00621
1.02989
0.993869
1.00695
1.00349
1.00547
0.988441
1.00793
0.991402
0.975364
1.02669
1.00744
0.998064
1.00127
1.00596
1.00275
1.00127
1.01089
1.01756
1.01139
0.972896
1.00399
1.00991
0.990168
1.00892
1.00251
0.988934
0.977584
0.995843
0.989181
1.04124
0.994116
1.0104
0.990415
0.98474
1.02817
1.00966
0.997324
1.00349
1.00004
1.00374
0.998804
0.991649
0.991649
1.01386
0.995596
0.99831
0.985973
1.00793
1.00867
0.992389
0.992389
0.994856
0.980792
1.01213
0.98622
0.99683
1.01139
1.02422
1.01386
0.980298
0.980792
1.02372
1.00843
0.999297
0.991402
1.00744
1.00028
0.993869
0.995843
0.987701
0.991649
0.992142
1.01089
0.994363
1.0146
1.00867
0.99757
0.98696
1.00867
0.996337
0.994116
1.003
1.003
1.01065
0.994609
0.981039
0.994856
0.966481
0.985973
1.01509
1.00349
1.00004
1.01065
1.01287
0.987701
1.00522
0.984246
1.0141
0.99609
0.984987
1.01854
0.984493
1.00102
0.995843
1.00374
0.982766
1.00991
0.98622
1.003
0.992389
1.00004
0.995103
0.99535
1.01632
1.00991
0.992635
0.980792
1.00028
0.985233
0.991402
1.02446
0.986467
1.00966
1.00028
0.995843
1.00448
1.003
1.01262
0.991895
0.992142
1.03187
0.976597
0.995843
1.00152
1.00571
1.00818
1.00497
0.995103
0.987947
0.997324
0.99535
0.991895
1.00695
0.983013
0.998064
1.01287
0.981779
1.00547
0.994363
0.992389
0.994363
1.01336
0.991895
0.995596
0.99535
1.003
0.997324
0.995843
1.02397
1.01608
0.990415
0.973636
0.982766
0.983753
0.997077
0.987454
0.988194
1.00349
1.02446
0.999791
1.0368
0.98696
0.969689
0.998064
0.992389
0.995103
0.995103
0.996337
1.00744
0.987947
0.997077
1.0067
0.980792
0.982272
1.00941
0.998064
1.00152
1.00719
0.980545
1.00275
0.998064
1.00176
0.992142
1.00941
0.987947
0.991155
0.988688
0.986467
0.993376
0.991402
0.990662
1.00226
1.01287
1.02965
0.99831
1.00251
1.00275
1.01484
0.999544
1.00941
0.991895
1.00793
0.992882
1.00078
1.01854
1.01756
0.99757
1.01558
1.01262
1.00325
1.00892
1.01065
0.975364
1.00744
1.00769
1.01632
0.995596
1.00596
1.00226
1.0067
1.003
0.999297
0.987454
0.992389
0.987454
1.00349
1.00448
0.992389
0.989675
1.00349
0.980298
1.00423
1.0178
0.992389
0.988688
0.982272
0.974623
1.00028
1.0146
1.00226
1.01657
1.00004
0.993622
0.99609
1.00251
1.01336
1.00102
1.02249
0.990908
0.990168
0.992882
1.00522
1.00399
1.00547
1.00448
0.984987
0.987454
1.00004
0.997324
0.99609
0.982026
1.00522
1.00547
1.00152
0.994856
0.978818
0.978325
1.00349
1.00966
1.00769
0.980545
0.999297
0.997324
1.00127
1.00423
1.01978
1.02101
0.990415
0.99683
0.992142
0.998557
1.01978
1.00152
0.997077
0.988441
1.00547
1.00004
0.979065
0.990415
0.986714
0.988934
0.995103
0.984
1.02274
0.993376
0.994609
0.992635
1.00818
1.00867
0.997324
0.992142
1.00251
1.01139
1.00892
1.00201
1.00621
0.989675
1.01287
1.00201
1.01015
1.01435
0.997077
0.99535
1.01262
0.997324
1.00867
0.998064
0.992635
1.00176
0.984
1.01336
1.00374
0.988194
0.99757
1.00325
1.00719
0.986714
1.01065
0.992635
1.00152
1.00176
1.00423
0.975117
1.0067
0.988441
0.994856
0.984
1.003
1.03483
0.987947
0.988934
1.00522
1.00251
1.00374
0.989181
0.997077
1.02076
0.978571
1.00152
1.02002
1.00028
1.01978
1.00275
0.991155
0.999791
1.01978
1.00127
0.99683
0.976351
1.01558
0.988194
1.01509
0.992882
1.00102
1.00275
0.992389
1.00867
1.00941
1.01287
0.985233
0.994609
0.99831
1.01114
1.00053
0.983259
0.989675
0.981532
0.999051
0.998557
1.01756
0.997817
0.998064
0.98622
0.991402
1.00349
0.983753
0.993129
1.003
1.02274
1.00793
1.00941
1.00497
1.00645
1.01015
1.01435
0.991895
0.996337
1.02002
0.990415
1.00769
1.01731
0.983506
1.01065
0.97561
0.999051
0.999544
0.987207
1.02002
1.00078
0.984493
0.997077
1.00349
1.01089
0.980545
1.00374
1.00843
1.00423
1.01188
1.02052
1.02052
0.99609
1.00127
1.00423
1.00547
1.00645
0.999544
0.987207
0.99831
0.997324
0.993869
1.00176
1.02792
1.01558
0.973883
1.01065
0.98622
0.996337
1.02027
1.00176
0.98622
0.991649
0.992142
1.00275
0.989921
0.978325
0.993129
0.999297
1.00053
1.01213
1.00349
0.989675
1.00769
0.988441
0.99535
1.00695
0.991895
1.00201
0.992882
0.999051
0.98696
1.003
0.983013
0.99757
0.991402
1.00645
1.00571
0.982026
0.992142
1.00251
1.00843
1.00448
0.998557
0.993869
0.997077
1.00473
0.992389
0.983506
1.00053
0.988194
0.999051
0.988688
1.01114
0.988441
1.00547
1.00818
1.01213
1.00448
1.00275
0.987207
0.995843
1.00251
1.00226
1.00621
1.00152
1.00596
0.991402
0.976844
0.989428
1.00793
1.0178
0.978571
0.997324
1.00374
0.992635
0.998804
1.0104
1.00423
1.00991
0.984493
1.00374
1.00744
1.01015
1.00596
0.974377
1.01978
1.02496
0.984
1.01632
0.996337
0.994856
1.00053
1.00917
0.99535
0.99831
1.01978
0.981779
1.00078
1.01114
0.989428
0.991895
1.00374
0.991402
1.00226
0.998064
1.00744
1.00053
0.988194
1.00201
1.00473
0.995843
0.99683
0.987947
1.01854
1.00423
0.96426
1.0146
0.99683
1.00201
0.99683
1.01361
1.00102
1.00818
1.00028
0.977831
0.999544
1.00522
0.986714
0.99609
1.00522
0.996583
0.998064
1.00744
1.00769
1.0146
1.01287
0.973143
1.00571
0.996337
1.01139
1.00127
1.00423
0.998064
0.998804
1.00152
0.976844
0.988441
0.979311
0.997817
1.00275
1.01756
1.01978
0.992635
0.99535
1.01163
1.01287
0.989181
0.991895
1.00399
0.991402
1.00547
1.00374
1.01805
0.997324
1.00596
0.996583
0.991649
0.990168
1.00571
0.983259
0.977584
0.985233
0.997817
0.991649
0.971416
1.01386
0.99683
0.989428
0.992142
1.01435
0.992389
1.01262
0.989921
1.02767
0.983506
0.981532
1.00325
1.00226
0.991649
0.999297
0.993869
0.982026
1.00571
0.995843
0.990168
0.99831
0.99609
1.01805
1.01065
1.01558
1.02965
1.02718
1.01978
1.0178
1.00892
1.01361
0.99609
0.99757
0.987947
0.994116
0.990415
1.02644
0.978078
1.01065
0.992389
0.994363
1.00522
1.01139
1.00571
0.994856
1.01336
0.992142
0.993869
0.99535
0.999051
1.00917
1.00374
0.987454
0.999051
1.02027
0.983506
1.00571
0.973636
1.00423
1.01361
1.003
1.00818
1.00399
1.00744
1.02076
1.00991
0.99683
0.982026
1.02989
0.997817
1.00547
0.997324
1.00991
0.993869
1.02446
0.998064
1.00078
0.997817
0.994363
1.00374
0.992882
1.00226
0.978571
1.00399
1.00547
0.993129
1.02446
1.01978
0.989428
1.00176
0.994363
1.00226
1.01386
1.00473
0.997324
1.01114
0.994363
1.003
1.00102
0.988441
0.992882
0.998557
0.987207
0.98696
0.997324
0.979805
0.995103
0.982272
0.992142
0.989428
0.982272
0.999297
1.00892
0.993869
0.999544
1.0178
1.00719
1.00251
1.00325
0.993376
1.00719
0.978818
1.0141
1.02545
1.00818
0.980792
0.992142
1.02989
0.994856
0.998557
0.998557
0.990415
0.993376
0.995843
1.00127
1.0067
1.03483
0.995843
1.01386
1.02422
1.01163
1.00349
1.02052
0.98474
0.987454
0.997324
0.987207
0.997077
1.00818
0.983259
1.00004
1.01509
0.999051
0.985233
0.992389
1.01682
0.992389
0.994609
1.003
1.01361
0.988441
1.00769
1.01805
1.003
1.00053
1.01509
1.00102
1.00251
1.01534
1.01237
0.987947
0.984
1.01953
1.01484
1.0215
0.983259
1.00497
0.983259
1.0146
0.988194
1.00399
0.992882
0.999791
1.02397
1.00843
1.00596
0.994363
1.00991
0.990908
0.984246
1.00399
1.01805
0.986714
1.00399
1.00349
0.995103
1.00176
1.00473
1.00325
0.995596
1.00251
0.999297
0.986714
0.988688
1.00818
0.998064
1.00571
1.00226
0.965247
1.01583
1.0104
0.986467
0.981532
1.00769
0.98474
1.00473
1.01262
1.00744
1.01706
0.97561
1.00226
1.01731
1.00571
0.987454
0.98474
1.00892
1.00349
1.003
1.00226
0.991155
0.993129
0.993129
1.00522
0.992882
0.990168
0.98548
0.986467
1.00522
1.00744
0.986467
0.975117
0.999544
0.999544
0.997324
1.00399
1.01213
1.01805
0.98548
0.992882
0.999544
1.01558
1.00399
0.985727
1.00818
0.999791
1.003
0.98696
1.02372
0.99535
0.993129
0.993376
0.991155
1.01361
0.99609
0.986467
0.992882
1.00621
1.03656
1.01928
1.01287
0.987701
0.995596
1.00645
0.991649
0.987207
1.00127
1.01953
0.990908
1.00152
1.01311
0.979558
1.00966
0.98548
1.03014
0.983259
0.989428
1.00152
0.970922
1.00028
1.02323
0.998804
0.98474
0.999791
0.994363
1.03236
1.00226
1.01015
0.994856
1.01904
0.984493
1.00325
1.00152
0.99831
0.994856
1.01904
0.987207
0.982272
0.993869
0.982766
0.988441
0.980792
0.991402
0.99757
1.01114
1.00497
0.994856
1.02496
1.00399
1.01065
0.978818
1.01978
1.00966
1.00818
1.003
1.01657
0.99757
1.00966
1.00102
1.01534
1.00621
1.003
0.999791
1.01163
1.00867
1.00251
1.00596
0.990908
1.00053
1.00374
1.01213
0.993129
0.987947
1.01089
0.984246
0.986467
0.991155
0.992389
1.01287
0.987207
1.00127
0.985973
1.00201
0.99757
1.01089
1.01682
1.00892
0.994363
1.01953
1.03359
1.00423
1.00843
0.997817
0.995596
0.984
1.02496
1.01608
0.990662
0.998557
0.993622
1.00473
0.982766
1.01706
1.0067
0.99535
1.00349
0.994116
0.995103
0.981285
1.01731
0.978078
0.993376
0.990662
1.01065
0.992142
1.04618
1.01608
1.00645
1.00473
1.00448
0.995103
1.00275
1.02397
0.978325
0.994856
1.00201
1.01435
1.01928
1.00473
0.998804
0.967468
1.00374
1.00004
0.987454
1.01583
0.993622
1.00399
1.00423
0.986714
0.995103
0.987701
1.01139
1.00226
1.00473
1.01583
1.01237
1.01706
0.98474
1.00571
1.02669
0.99535
1.00127
1.00325
0.985727
1.01558
1.00571
1.02249
1.003
0.985727
1.00473
1.00917
1.01904
0.990662
1.00028
1.02471
1.00843
1.01114
1.01657
0.999791
0.982766
0.987947
1.02693
0.992635
1.00251
0.997324
0.972896
0.989181
0.992882
0.992882
1.00275
0.984493
1.01509
1.01534
0.984493
1.00473
1.00399
1.00201
1.00004
0.985233
1.01089
1.00448
1.01608
0.994856
0.973883
1.00596
1.00275
1.00571
1.01114
1.02323
1.00917
1.00127
1.00078
1.01311
1.00078
0.99757
0.99535
0.998064
0.990662
0.993622
1.01682
1.003
1.00152
1.00596
1.00251
1.01928
1.01632
0.991402
0.997324
0.984987
0.982272
0.998064
1.01534
0.990662
1.01558
0.990168
1.00053
1.01854
0.988441
0.999544
1.00892
0.98474
0.985727
0.990415
0.99535
0.973636
0.990908
1.01386
1.00522
1.00497
0.988688
1.00004
0.979311
0.998064
1.00078
1.00547
1.01213
0.983753
1.02002
1.00571
1.00275
1.003
0.983753
0.995103
1.01336
1.01731
0.99831
1.00448
1.00152
1.00102
1.00325
0.994856
1.00473
0.976351
1.00374
1.01213
1.02224
0.982519
0.993376
0.984493
1.01188
0.994116
0.988688
1.00028
1.00325
1.01065
0.990662
1.022
1.0067
0.992635
1.00719
0.993129
1.01262
1.00843
0.99609
1.01706
0.989428
0.993129
1.01953
1.00818
0.990415
1.00645
0.985233
0.989428
1.00571
0.989675
1.00769
0.999297
1.01336
1.00547
0.971416
1.00423
0.978571
1.00473
0.993129
1.00645
1.00152
1.01139
1.01805
1.00349
1.0067
1.01114
0.984246
0.990168
1.00053
0.98548
1.02274
0.99757
0.988441
1.00695
1.00226
1.00769
0.998557
1.01632
0.989675
0.990908
0.976351
0.994116
1.00201
1.00818
1.01065
0.995596
0.977091
0.970429
1.01188
0.989428
1.00053
0.988688
1.01805
1.01163
0.987454
0.984
1.01237
0.991402
1.01756
1.00201
0.990662
1.01953
0.988688
1.01336
0.987947
1.00374
0.99757
0.981039
0.990662
1.01435
1.01805
0.995843
0.987454
0.98696
1.00843
1.01262
1.0141
0.990415
1.02915
1.00251
0.995103
0.983506
0.979558
0.996337
1.00473
0.994116
0.99683
1.00275
0.999791
1.00226
1.00744
1.00818
1.00053
0.999051
0.982519
0.994116
1.0067
1.00201
1.02224
1.00769
0.982272
0.993129
1.01484
1.00448
0.996337
0.994609
1.00621
0.988194
1.00941
1.00769
0.998064
1.00547
0.996337
0.987454
1.00769
1.00571
1.00843
0.989428
0.984493
0.994116
1.01139
1.00522
1.00399
0.997324
0.988194
1.00719
1.03335
1.02298
1.00621
1.00695
1.00522
1.00028
1.02693
0.992142
1.0141
0.998064
1.00473
1.00251
0.976597
0.988441
0.994116
0.99535
1.00028
1.01065
1.01904
0.997077
1.01015
0.983013
0.978818
0.992142
1.01928
1.01706
1.00349
0.996337
1.02866
0.97487
0.984987
0.990908
0.990415
0.990662
1.00176
1.00818
0.973883
0.988194
1.00423
1.01435
0.997817
0.977091
0.996337
0.978818
1.00917
0.98474
1.02298
1.00941
1.00966
0.993376
1.003
0.99609
0.999544
1.02002
0.98696
0.987947
0.990908
0.989921
1.01163
0.992882
1.00176
0.99535
0.995843
1.00892
1.00226
0.991895
0.999051
1.00201
0.980545
1.01583
1.03113
1.01805
1.00053
1.0104
0.982026
0.999544
0.995596
1.00349
1.01386
0.996337
0.98474
1.00843
0.993869
0.996583
1.01065
1.00226
1.02693
1.01632
0.985973
1.02817
1.00917
0.997077
0.999791
0.990662
1.0067
0.992142
1.01237
1.02595
0.997077
1.01706
1.00127
0.989428
1.00867
1.00867
0.99683
1.00325
0.99609
1.00941
0.982766
1.00201
1.00744
0.999791
1.00078
1.00596
0.985727
0.989675
1.03211
1.00547
0.978571
0.989921
0.99831
1.01089
0.987701
0.993622
1.01657
1.0104
1.02372
1.00473
1.01386
0.984493
0.990908
0.990908
1.00966
1.0104
0.997324
0.989428
1.00053
0.999791
0.979311
1.00892
1.01213
0.980545
1.00473
1.02027
1.01237
0.999544
0.982026
1.02002
1.003
0.980792
1.00053
1.01237
0.990908
0.997077
1.00152
1.01139
0.990908
1.01065
0.994609
0.994363
1.00621
1.02027
0.995843
1.00941
1.01756
0.999297
0.991155
0.990662
0.998804
0.98622
1.00719
1.01262
0.991155
1.01509
0.997817
0.98548
0.971663
1.00769
1.01805
0.980545
0.989921
0.99535
1.01139
0.994609
1.00793
0.993129
1.01163
1.02397
1.00991
1.00547
1.00793
0.996583
1.00621
0.997817
0.990662
0.975117
1.01015
0.988441
0.989428
0.980298
0.998064
0.990662
1.01534
0.998557
1.01287
0.990908
1.01904
0.982766
0.98548
1.02274
0.995103
0.998064
1.022
1.00917
1.00522
1.0178
1.00941
0.988688
0.97487
1.01928
1.00325
0.994116
1.00571
1.00473
1.00571
1.00917
0.984246
0.983753
0.975857
0.991895
0.99757
0.997077
0.995596
1.01583
0.984493
0.988441
1.00201
1.00102
1.01534
1.01928
0.987701
1.0294
1.022
0.99683
0.989428
1.03088
0.999051
0.999297
0.999051
1.0067
0.998064
0.991155
0.988441
0.998804
0.991155
0.999051
1.01015
0.992882
1.01731
0.999544
1.00917
0.997817
1.01237
0.98474
1.00004
0.984493
0.976844
0.98622
0.98474
1.02002
1.01336
0.989428
0.999544
0.995103
1.00991
0.993376
0.992635
0.991155
1.00941
0.99757
0.987207
0.999051
1.01237
1.00571
0.993869
0.994363
1.00818
1.00473
1.01262
0.985973
1.01608
0.977584
0.988688
1.01632
0.990415
1.0067
1.00102
0.985233
0.978325
1.00078
1.01904
1.00843
0.984987
1.00102
0.99683
0.989921
1.01237
0.994856
1.00892
0.99683
0.991895
0.998557
0.997077
0.993376
0.978571
0.999791
1.00275
1.00547
0.997324
0.990168
0.981779
1.00078
0.978571
1.0104
0.999051
1.00399
0.99683
0.976104
0.976844
0.998557
1.01188
1.00423
1.01731
1.00325
1.00917
0.99757
1.00645
0.997077
1.00102
0.997077
1.00621
0.99683
0.985233
1.00497
0.989921
0.982766
0.972156
1.00275
1.00744
0.988194
1.00325
1.00547
1.00226
0.985973
1.003
0.987454
0.984
1.00028
1.02002
1.00744
0.980792
1.02891
1.00127
0.982519
1.00102
1.00991
1.00793
1.00473
0.978325
1.00645
1.02101
0.991649
1.01237
1.00941
1.01558
0.99609
1.00695
0.99683
0.98622
0.986714
1.00892
1.01311
0.992389
0.998804
1.00695
0.994856
0.995596
0.980298
0.997077
0.979558
1.01163
1.01139
0.979311
0.99757
0.952664
1.00201
1.00275
0.99683
0.993622
0.983753
0.982272
1.00028
1.02274
1.01139
0.981285
1.00719
1.00399
1.01065
1.01583
1.01484
0.977584
1.01089
1.00966
0.989181
1.01213
0.995103
1.00275
1.00423
1.02743
0.996583
1.01435
0.991402
0.99683
0.985973
1.01386
1.00028
0.998064
0.997324
1.00991
0.980545
0.987947
1.00251
0.985233
0.98696
1.01139
1.00201
0.992142
1.00349
0.979558
1.01237
1.00399
0.996337
0.992635
1.00917
1.00102
0.993376
0.999544
0.981039
1.01287
1.00596
1.00423
0.983506
1.02249
0.999544
0.99535
1.01361
0.990168
1.01188
1.00818
0.989675
1.02323
0.983013
0.980052
1.01089
0.984987
0.982026
1.03113
1.00152
0.99831
0.98696
0.992635
1.01435
0.992389
1.01163
0.988441
1.01188
1.00497
1.00621
0.999791
1.00473
1.00892
0.990908
1.0146
0.983753
0.998804
0.98548
0.970922
1.00719
0.981039
0.984246
0.972403
0.989921
0.992389
0.982519
1.01213
0.993869
0.999051
0.99609
1.01188
0.999791
1.02817
1.00078
1.00596
1.00892
1.00719
1.01558
0.98622
0.999544
1.003
0.994363
1.00719
0.99535
0.989181
1.01311
1.00818
1.02076
1.00127
0.998064
0.997817
1.01065
1.03039
1.01706
1.0141
0.984
1.00818
0.979065
0.994363
1.00769
0.994856
1.00127
1.00695
0.997817
0.992635
0.998064
0.996337
0.997077
1.00201
1.01805
1.0146
1.0146
0.991649
1.00004
0.99831
1.00473
1.02274
0.998557
1.01237
0.98696
1.01386
1.00028
1.00917
0.984987
1.01287
0.976597
0.99609
0.997817
0.986467
1.01188
0.989181
1.01706
1.00744
0.994116
1.0067
1.00399
1.00843
0.966728
1.02052
1.01534
1.01139
0.993129
0.983259
0.99609
0.99609
1.0141
0.972403
0.99831
1.01114
0.991402
0.983259
1.02866
0.984987
1.01336
1.00547
1.0067
1.0067
0.993622
1.00448
1.0067
1.02891
0.988194
0.989921
0.984
0.992635
1.01287
1.01608
1.01213
0.983506
1.00028
0.983753
0.983753
0.995596
0.990415
0.992882
1.0178
1.01583
1.01509
1.01114
0.995843
0.994363
0.991895
0.995843
1.00645
0.996337
0.997324
1.01262
0.975117
0.988934
0.989181
0.983753
1.00522
0.995596
1.00621
0.990662
1.01509
1.01509
0.991649
1.0183
1.00004
1.01139
0.993129
0.995843
1.0104
0.977584
1.00275
0.984987
0.992882
0.980298
0.99757
1.00966
0.988688
1.00078
1.00547
1.00645
0.995103
1.01608
1.00349
1.01608
1.00127
0.987207
0.981532
0.990908
1.01632
1.0067
0.984987
1.02175
1.01311
0.984493
0.985233
1.02989
1.00176
0.98622
0.985233
1.00793
0.999791
0.99609
1.00793
0.997324
0.998804
0.985973
1.00078
0.992142
1.00769
1.00251
1.01188
0.994363
1.00399
0.985727
1.00793
0.971663
0.999544
0.992142
1.01361
0.986467
1.00497
0.994609
0.975117
1.01608
1.00349
0.980545
1.01114
1.00127
1.01682
1.00127
0.994856
1.01139
1.0067
0.989921
0.994609
1.00102
0.994609
1.01682
0.997324
1.02224
0.996583
0.988441
0.989181
0.980545
0.986467
1.00448
0.998064
1.00152
0.993869
1.02076
0.995843
0.978078
0.977831
1.00645
1.00004
1.00991
0.995843
0.995843
1.01139
0.98474
0.986714
0.990908
0.998804
1.01682
1.00695
1.03211
0.989675
0.986467
1.02052
1.00596
1.01854
1.00966
0.972896
0.971909
1.02496
1.02348
0.994116
1.00053
0.983506
0.995596
0.991895
1.00226
1.003
1.00127
0.980792
1.00497
0.984
1.0183
1.01534
0.999791
1.0141
1.00349
0.991895
1.00325
0.978818
0.986714
1.00818
1.00793
1.00325
1.01188
0.988194
0.990662
0.99609
0.994856
0.992142
1.00275
1.00843
0.988194
0.98622
1.00078
1.00078
1.02743
1.00547
1.003
0.994856
1.00867
0.98474
0.987947
0.980792
0.985727
0.987701
0.989181
1.00645
0.998557
0.987947
0.991402
1.00374
1.00744
0.978818
1.00818
0.985233
0.995596
1.01213
1.00522
1.01262
0.97487
0.991649
1.00374
1.0183
0.999544
1.00793
0.993622
1.00028
1.00571
1.01237
0.99609
1.02496
1.01879
0.996583
1.02792
1.00325
0.992142
0.993869
1.01163
1.00275
0.992389
0.999791
1.02693
0.991895
0.988934
1.01854
0.981532
1.00818
0.992389
1.00966
1.01706
1.01188
1.00991
0.98696
0.993622
0.99683
1.01089
0.996337
0.978818
0.999051
0.987947
1.00497
0.986714
1.0146
0.993869
0.985233
0.999544
1.00473
0.99757
0.999791
1.00325
0.999791
0.985233
0.99609
0.993622
0.986714
1.01361
0.994363
1.00201
1.01213
0.990168
0.992882
0.995103
0.977831
0.961793
0.992635
1.00374
1.0215
1.01879
0.978325
0.999791
1.00127
1.00423
0.994116
0.999051
1.00941
0.991895
0.982026
0.982519
1.01484
1.01805
0.999791
0.984987
1.00226
1.02126
0.977338
0.99757
1.00596
0.978078
1.0141
1.00596
1.01805
0.995596
1.02496
0.975364
0.988688
0.991895
1.00201
0.981779
1.01336
0.996583
1.01188
0.98622
0.995596
0.990908
0.995103
0.991895
1.00744
0.999297
0.975117
1.01731
1.00374
0.977584
0.99609
1.00004
0.991402
1.00004
0.985973
0.999791
1.00423
1.00028
1.00917
1.00744
0.997817
1.01065
1.00251
1.0067
1.0104
1.003
0.99535
1.00423
0.997077
1.01682
1.02323
0.990168
1.00176
1.0067
0.982519
0.990662
1.02052
0.981532
1.01558
0.99683
1.00571
0.994856
1.0141
0.99683
1.00473
0.996583
0.999791
0.99757
1.01682
0.99609
0.998557
1.00793
1.00325
0.998557
1.00226
1.0178
1.02175
1.01089
0.985233
1.00941
1.00497
0.992635
0.981285
0.980792
0.993869
0.998064
1.00448
1.01262
0.997077
1.02101
1.00645
1.01089
1.00423
0.998064
1.00867
1.00127
0.980298
0.996583
1.00448
0.999051
1.00028
0.994363
1.00596
0.990415
0.989921
1.00251
0.983259
0.989675
1.00028
0.969442
0.988934
1.01163
1.00769
1.00251
0.992882
1.00053
1.00917
1.00152
0.987947
1.01114
1.00078
1.00448
0.994856
0.989921
1.00251
1.00818
0.984
1.01805
1.02619
1.00448
0.99609
0.979311
1.00004
0.987207
1.00473
1.01213
0.997077
1.00497
1.0141
0.988194
1.01657
1.00275
1.00473
1.00719
0.989675
1.00325
0.994363
1.01262
0.997324
0.980545
0.99535
0.995596
1.02224
0.986714
0.997324
0.999051
1.01632
0.99609
0.998557
1.02224
0.993622
1.00028
1.01213
0.989921
0.990662
0.983259
0.998557
1.02471
1.00867
0.99683
0.976104
0.996337
1.0067
0.989921
1.0146
0.972403
1.02076
1.01657
1.00497
0.987207
1.00028
1.00522
1.00201
1.00843
1.01534
1.02052
1.00325
1.01756
1.03063
1.00621
0.992142
0.975857
0.990908
0.999791
1.00645
0.999297
1.01805
0.999297
1.00966
0.984987
1.00769
0.989181
0.998064
0.99757
0.997324
0.993376
0.993869
1.01163
1.01311
1.01336
0.994856
0.995103
1.00448
0.994856
0.984493
0.99609
0.994856
0.997817
1.00176
0.989675
0.976104
0.996583
0.983753
1.00966
1.00892
0.984
0.982519
1.02372
1.01015
1.00078
0.998804
1.01361
1.00892
1.00473
0.98696
0.994856
1.02989
1.00053
0.977091
0.988441
0.98696
1.01237
0.985727
0.99535
1.01262
1.00497
0.982272
0.997817
1.00547
0.981532
1.01558
1.00226
1.00596
0.993869
1.0067
1.03162
1.00818
1.01435
1.00695
1.00448
0.997817
0.984493
0.993622
0.995596
1.00078
1.01015
0.98696
1.00028
1.03211
0.994116
0.99831
0.996583
0.986467
0.994856
1.02397
0.996583
1.00966
1.02274
0.996337
1.01805
1.01089
1.01065
0.993622
0.973636
0.990168
0.98474
1.00349
1.00251
0.994856
0.988194
1.01065
0.997077
0.986714
1.01928
1.00201
1.01361
1.00744
1.00571
1.00621
1.02496
0.994856
0.987454
1.00621
1.00251
1.022
1.02471
1.01336
1.02126
1.003
0.986467
1.01756
0.998804
0.993129
1.01904
0.996583
0.995843
1.01188
1.00251
0.98696
1.00325
1.01657
1.0141
0.992635
0.999544
1.02224
0.982272
1.01632
1.02052
1.00325
1.02052
1.00053
1.00966
0.993129
1.00226
0.99757
0.998557
1.00176
0.999051
0.993376
1.01015
0.992882
1.03409
1.00448
1.02767
0.998804
1.00522
0.99831
1.00053
1.01361
1.01262
0.991402
0.995596
1.01583
1.01386
0.996583
0.987701
0.989675
1.00127
1.00275
1.00275
0.994116
0.988194
0.991649
0.990168
0.965001
1.01139
1.00892
0.987454
1.01065
1.00769
1.00744
1.00719
0.987207
1.00374
0.984
1.00201
1.00966
1.0067
1.00053
0.99831
1.01237
1.00547
0.987207
1.00102
0.989181
0.990168
1.00719
1.00818
0.998064
1.00251
0.996337
1.01657
1.00966
0.998557
0.988934
0.995596
0.988194
1.00966
1.00275
1.01015
1.00991
0.992142
0.99683
1.01336
1.00251
1.00793
1.00053
1.00547
1.0067
0.988441
1.00102
0.990662
1.00719
1.00793
1.00423
1.00497
1.01706
0.989675
1.00966
1.00374
0.988934
0.993129
1.01287
1.01262
1.01928
1.01904
0.985973
0.996337
1.00226
1.00325
0.976351
1.00966
1.01534
1.0067
0.996337
1.00571
0.995596
0.993869
0.984
0.98548
1.00695
1.00127
1.00473
0.991155
1.00645
1.00744
0.98696
1.02372
0.992389
0.991155
0.989921
0.973883
0.999544
0.997077
1.01139
0.987947
0.99683
1.00793
1.0141
0.993622
0.999051
0.991402
0.999297
1.01928
1.01731
1.01583
0.987947
0.98696
1.02496
0.992635
0.991895
1.0178
0.989181
0.984987
0.998557
1.00423
1.01558
1.03137
1.00695
1.00028
1.01089
0.995103
1.00941
1.00028
1.00152
0.991895
1.00078
1.03063
0.996583
1.02052
1.00053
0.970922
1.00695
0.990662
1.00941
1.00325
0.987454
1.00793
0.999791
1.00522
1.01904
1.01361
0.981532
0.988688
1.00004
0.993869
1.01311
1.01262
1.01682
1.00053
1.00349
0.995843
0.999791
0.980298
0.993622
0.994856
0.97561
1.03088
1.01262
1.00423
1.00793
1.01015
0.996583
0.987947
0.994609
0.992389
0.996337
1.00892
1.01928
1.00399
1.0067
0.99535
1.00078
0.981285
1.01287
0.994856
0.972896
0.991649
0.963273
0.989675
0.980298
0.983506
