0.996182
1.00518
0.999598
1.00035
1.00186
0.99568
1.00191
0.998272
0.996455
1.00288
1.00739
1.00483
0.997693
1.00187
0.998538
0.996784
0.998567
0.99744
1.00283
0.997821
1.00107
0.998228
0.99814
1.0043
0.99832
1.00142
1.00065
0.997524
0.995371
0.998945
0.997123
1.00253
1.00144
0.999304
0.999939
1.00281
1.00425
0.99568
0.998741
1.00797
1.00146
0.996842
0.996451
1.00103
0.999261
1.00131
1.00005
0.997591
1.00089
1.0068
1.00185
0.998662
0.995251
0.995732
0.992379
1.0034
1.00148
0.999724
0.99756
1.00633
1.00413
0.998212
0.998905
0.998448
0.994733
0.991895
0.996823
0.999291
0.999898
1.00251
1.00477
0.999659
0.99442
1.00148
0.99807
1.0015
1.003
1.00042
1.00163
0.997307
0.999115
0.999841
1.00177
1.00515
0.991331
0.991315
0.996161
0.996089
1.00171
1.00405
1.00145
1.00104
1.00143
0.998079
1.00451
0.997762
1.00325
1.00428
1.0004
0.996908
0.998745
1.00423
1.00351
1.00166
1.00155
1.00237
1.00113
1.00206
1.00197
0.998127
1.00292
1.01011
0.997534
1.00122
1.00217
1.00316
1.00174
1.00143
1.00057
1.0076
0.997106
1.00019
1.00316
1.0049
0.997019
1.00051
0.993078
0.996646
0.999981
0.99559
1.00086
1.00055
1.0013
0.99605
1.00181
0.999809
1.0018
1.00199
1.0002
0.997482
0.996659
1.00295
0.99895
0.998114
1.0012
1.00404
0.998998
1.0026
1.00278
0.994413
0.994755
0.995548
1.00285
0.995656
0.998675
0.994746
0.997766
0.996214
0.999599
1.00498
0.995752
1.00349
0.996274
0.998595
1.00344
1.00303
1.0008
0.994852
1.0009
1.00488
0.99959
0.995877
0.998098
1.00373
0.998183
0.999414
0.999641
1.00421
0.994009
0.998868
1.00563
0.999189
1.00594
1.00216
0.996358
1.00165
0.998991
0.999847
0.996492
1.00142
0.996179
1.00786
0.995213
1
0.997781
1.00321
1.00538
1.0022
0.996705
0.999989
0.99578
1.00209
1.00058
0.997887
1.00208
1.0003
1.00503
0.998392
1.00266
1.00453
1.00159
1.00327
0.999235
0.998157
1.00094
1.00113
1.00244
1.00332
1.00124
0.997465
0.999441
0.999018
1.00674
1.00377
1.00031
0.999818
0.995681
1.00246
1.00373
0.999176
1.00283
0.999296
1.00712
1.00269
1.00597
0.999213
1.0033
1.00547
0.999952
1.00445
0.998714
0.998444
0.994774
0.995117
0.993722
1.00395
1.00084
1.00463
1.00046
1.00222
1.00317
0.999468
0.998022
0.991088
1.00009
1.0008
1.00487
0.997506
1.00164
0.998225
1.00151
1.00132
1.005
0.995621
0.997553
0.999006
0.998837
1.00311
1.00241
1.00169
1.00292
1.00139
0.997025
1.00321
1.0017
0.998054
1.00504
1.00289
1.00367
0.99616
1.00024
1.00069
1.00224
0.998015
0.993712
1.00144
1.00083
0.993423
1.00304
0.997209
0.999514
0.999822
1.00242
1.0033
1.00321
1.00203
0.996113
1.00144
1.00064
1.00385
1.00158
1.00559
1.00039
1.00196
1.00281
1.00026
0.99865
1.00133
0.999136
0.996957
1.00312
1.00324
1.00577
1.00136
1.00112
0.994937
1.00417
1.00615
1.00032
0.998434
0.999039
1.00367
1.0021
1.0026
0.996872
0.998816
1.00039
1.00025
0.99786
1.00191
1.00036
0.99961
0.992935
0.993928
1.00192
1.00695
0.999198
0.992395
0.997948
0.999984
0.998843
1.00662
1.00186
0.997754
0.996577
0.997792
0.994765
1.00373
0.998643
1.00078
0.999879
1.00284
0.996433
1.00449
0.996436
0.99871
1.00421
0.997658
0.996836
0.999389
1.00364
1.00778
1.00161
0.999691
1.00152
1.00349
1.00166
0.998888
0.998358
1.00393
1.00137
0.999985
1.00271
0.99062
1.00171
0.994529
1.00061
1.00379
0.995234
0.998542
1.00015
1.00028
0.997107
1.00613
1.00419
0.998679
1.00134
1.00476
1.00024
1.00288
0.996448
0.997685
1.00267
1.0011
1.0016
0.99688
1.0012
0.99953
0.998517
0.999823
1.0018
1.00348
1.0036
1.00022
1.00725
0.997925
1.00356
1.00564
1.00142
0.996045
1.00006
0.996083
1.01237
1.00337
0.99756
1.0011
1.00234
1.00333
1.00606
1.00043
1.00059
0.997551
1.00038
1.00149
0.994838
0.996774
0.998495
1.00512
0.999173
1.00019
0.997068
0.995829
0.990952
0.995757
1.00383
1.00139
0.99658
1.004
0.999576
0.999408
0.994439
0.995857
0.998932
1.00291
1.00492
1.005
1.0002
1.00474
0.996712
0.998209
1.00137
1.00257
1.0043
1.0009
1.00145
0.993675
0.99747
1.00159
0.998547
0.999715
1.00054
1.00332
0.995678
1.00464
0.997992
1.0042
1.00042
1.00037
1.0003
1.002
0.998134
1.00093
1.00327
0.992953
0.995863
1.00445
1.00261
1.00102
1.0021
1.00814
1.00683
0.994289
0.999892
0.996789
0.999904
0.999887
0.998569
1.00296
1.00104
1.00057
1.00319
0.9997
0.996931
1.00335
0.996864
0.99938
1.00228
0.998182
1.00496
1.00165
0.998544
1.00442
1.00122
1.00251
0.999709
0.998125
0.99861
1.00178
1.00011
1.00044
0.993164
0.996409
0.998617
0.998901
1.00574
0.998569
0.994953
0.998663
0.999723
0.996388
1.00183
0.994849
0.995316
1.00419
1.00126
0.99764
1.00522
0.995502
1.00252
1.00366
0.998269
0.997984
0.997493
0.993608
1.00483
1.00254
1.00383
1.00359
0.993067
1.00186
0.994665
0.997682
1.00383
1.00348
1.00132
1.00694
0.997211
1.00086
1.00206
1.00233
1.00201
0.997969
1.00571
1.00134
1.00084
1.00174
0.994333
0.991253
1.00108
1.00442
1.00326
1.00361
1.00394
0.996764
0.99598
0.999681
0.999618
0.994387
0.997891
1.00227
1.0009
0.992309
0.997754
1.00085
0.998396
1.00271
1.00079
1.0014
1.00439
0.99565
1.00741
1.00098
1.00215
1.00218
1.00065
1.00509
1.00379
0.99811
0.998752
0.999854
1.00145
0.999314
1.0059
0.996992
1.00064
1.00312
0.998601
0.999181
1.00592
0.996026
1.00757
1.00391
1.00084
1.00046
0.999836
0.995965
1.00116
1.00775
1.00198
1.001
0.998308
0.991317
0.998876
0.996147
0.99694
1.00256
0.997041
1.0002
1.00045
1.00389
0.999093
0.999553
1.00186
0.997554
1.00302
0.999312
0.992101
1.00047
0.997133
1.00368
0.996966
0.995931
1.00385
0.998653
1.00121
0.999613
0.998426
0.994655
1.00588
1.00342
1.00187
0.997025
1.00167
0.990878
0.995623
0.997342
1.00162
1.00002
0.998089
0.992533
0.997984
0.997631
0.995905
1.00247
0.997509
0.993903
0.994298
0.997231
0.998689
0.996288
1.00111
0.996923
0.999693
0.997563
1.00111
0.999252
0.997248
1.00423
0.997634
1.00053
1.0026
0.998242
1.00027
1.00017
1.00207
1.00132
1.00118
0.999794
0.999169
0.996382
1.00343
0.99684
0.99434
1.00377
0.997748
1.00057
1.00209
1.00475
0.999921
1.00262
1.00084
1.0028
1.00581
1.00148
0.998633
0.998602
1.00326
1.00471
0.998553
0.995344
1.00072
1.00375
1.00114
1.00099
1.0029
1.00136
0.999256
0.999232
0.992901
0.999749
1.0006
1.00018
1.00337
0.999839
1.00448
1.00354
1.0029
1.00197
1.0006
0.996099
1.00431
1.00337
0.999462
0.999409
1.00029
1.00215
1.00391
0.996907
0.996565
0.995658
1.00134
0.999466
1.00014
0.995929
1.00065
1.00312
0.99898
1.00032
0.997854
1.00036
1.00277
1.0004
1.00127
1.00297
0.995572
1.00604
1.00338
1.00346
0.997864
0.996126
1.00197
1.00011
1.00446
1.00345
0.997657
0.995095
0.996411
0.994694
1.00794
0.991551
0.996996
1.00158
1.00323
0.994838
0.994318
0.999574
1.00576
0.999832
0.997942
0.998822
0.997121
0.997258
0.997048
0.998543
0.995574
1.0067
0.992446
0.995793
0.998074
1.00737
1.00191
0.999791
1.00044
0.997401
0.998464
0.998336
1.00089
1.00009
0.999266
1.0002
1.00404
1.00319
0.997454
0.998225
1.00639
1.00213
0.998304
0.998937
0.996818
0.995308
1.00368
1.0038
0.990943
1.00085
0.996304
0.999489
1.00653
0.995806
0.997981
0.997212
0.995131
1.01163
0.997676
0.997796
1.00138
1.00146
1.00247
0.9956
1.0001
1.00051
0.999301
1.00652
1.00071
1.00146
1.00698
1.00012
1.00098
1.00583
0.997535
1.00342
1.00716
0.997789
1.00217
0.998071
1.00311
1.00395
1.00056
0.993891
1.00157
1.00541
0.992523
0.995238
0.995683
1.0032
1.00508
1.00026
1.00183
1.00216
0.997365
0.995511
0.997407
0.996094
0.999636
1.00612
0.991934
1.00034
1.00243
0.998974
1.00066
0.999646
0.996521
0.99739
1.00281
1.00286
0.993886
1.00552
0.998236
1.00338
1.00027
0.992334
0.996833
0.998611
1.0004
0.997293
1.00169
0.998456
1.00376
1.00275
0.998623
0.995805
1.00233
0.997714
1.00243
0.997865
0.997073
1.00264
1.00014
1.00388
1.00547
0.998017
1.00508
0.995222
0.994301
0.999748
0.998195
0.997572
0.994559
1.00613
1.00189
1.00402
1.00131
0.99439
1.00623
1.0068
1.00454
1.00252
0.99359
0.998818
0.996812
0.998534
0.999277
1.00313
1.00228
1.00017
0.994075
0.996921
0.995633
1.00138
1.00031
0.995938
0.995562
0.99544
0.996225
1.00062
1.00648
1.00324
0.999906
1.00326
1.00062
0.994336
1.00565
0.994981
1.001
0.996588
0.998798
0.998897
0.998823
1.00168
0.995539
0.99163
1.00101
1.00069
0.996663
1.00377
0.999641
0.998986
1.00001
1.00307
0.99825
1.0032
1.00015
0.99984
0.99797
1.00157
1.00128
1.00578
1.00255
1.00093
0.992587
0.998558
1.00025
0.994961
1.00208
0.999694
0.999973
1.00071
1.00227
0.997174
1.00051
1.00263
1.00287
0.99668
1.00284
1.00312
1.00334
1.00093
1.00259
1.00253
0.998307
0.997539
1.00024
0.995835
0.999706
0.995635
0.995488
0.999554
0.993416
0.996095
0.991872
0.996504
0.994256
1.00379
1.00092
0.990691
0.997577
1.00175
0.996904
1.00206
1.00002
1.00053
1.00241
0.99544
0.995229
0.998202
0.996193
1.00255
0.997535
1.00155
0.999089
0.998994
0.99744
0.998966
0.999133
0.998321
1.00266
0.996806
0.997147
1.00468
0.992436
0.995474
1.00147
0.999149
0.994904
1.00425
0.998454
1.00408
1.00159
1.00431
0.99345
1.00314
0.999714
1.00235
1.00059
0.996422
1.00318
1.00236
1.00302
0.99534
0.999523
0.998724
1.00307
0.994214
1.00363
1.00271
1.00009
1.00073
0.99672
0.997534
1.00074
0.997551
0.996574
1.00218
0.996325
1.00294
0.999861
0.99707
0.99759
1.00381
1.00073
1.00281
0.997071
0.996236
0.998674
0.999909
1.00097
0.999277
0.998315
0.996272
1.00005
0.998008
0.994906
0.999619
1.00332
1.00212
1.00091
0.999121
1.00321
1.00055
1.00935
1.00544
0.995783
0.998399
0.994969
0.994378
1.00311
0.999052
0.998344
0.999792
1.00074
0.99962
1.00214
0.997103
0.997224
1.00392
1.0009
0.997134
0.999892
1.00077
0.994553
0.999092
1.00018
0.99103
0.995404
1.00346
0.998328
0.999091
0.999597
0.994914
1.00002
1.00316
0.998335
0.998219
0.998294
0.995482
0.995259
1.00015
1.00123
1.00373
0.998521
1.00462
1.0027
1.00675
0.995328
0.997886
0.992758
0.998844
0.998274
1.00138
1.00249
1.00122
0.997333
0.999661
0.996072
1.00199
1.00164
0.9951
0.999048
0.997516
0.994539
0.996883
1.00483
1.00642
0.999636
1.0023
1.00367
0.99559
1.00003
0.996412
0.998675
1.00173
1.00082
1.0012
1.00224
1.00311
0.998892
1.00252
0.997791
1.00172
1.00327
0.992378
0.99878
0.998787
0.997513
1.00225
1.00156
1.00095
1.00044
1.00285
1.00273
0.998451
1.00486
0.998003
0.995033
1.00381
1.00157
0.999888
1.00199
0.994558
0.997484
1.00318
0.999491
0.996951
1.00248
1.00486
0.996638
0.99901
0.99598
1.00634
0.998135
0.998369
0.995526
1.00215
1.00143
1.00307
1.00377
0.998026
0.998919
0.994818
0.999345
0.994165
0.996462
0.995319
0.998802
1.00186
1.00469
1.0027
1.00162
1.00061
0.989901
1.0047
1.00401
1.0045
1.00683
1.00526
1.00136
1.00071
1.0023
1.00451
0.999044
1.00128
0.999261
0.997352
1.00131
1.00495
0.998536
0.995091
1.00313
0.997371
0.99895
0.995944
0.995878
1.00195
0.999552
1.00111
0.995937
0.999673
1.00019
0.999727
0.997321
1.00738
1.00133
1.00067
0.999953
0.998227
0.999611
1.00447
1.00239
1.0005
0.996921
0.996802
1.00045
0.996412
1.0007
0.997437
1.00225
1.0022
0.99818
1.00141
0.996073
1.00673
1.00612
0.998443
1.00508
0.998357
1.00394
1.0019
0.998952
0.998862
1.00301
1.00455
1.00587
1.00007
0.994746
1.00166
1.00352
1.00178
1.0058
0.998986
1.00313
0.992813
1.00001
0.996218
0.999412
1.0014
0.999692
0.996451
1.00212
0.999093
1.00193
1.00369
0.997096
0.999642
0.995338
0.998946
1.00066
0.994466
0.99682
1.00021
1.00274
0.994871
1.0032
1.00236
0.996727
1.00309
1.00101
1.00489
1.00341
1.00309
0.998003
0.997991
1.00188
1.00074
1.0027
1.00026
1.00374
1.00007
1.00457
1.00028
0.99957
0.999518
1.00388
0.994789
1.00813
0.995561
0.99458
1.00109
0.998074
1.0039
0.999563
0.99985
0.996855
1.00432
1.0037
1.00143
0.994951
0.998744
1.00217
1.00057
0.99502
1.0007
1.00233
0.994994
0.994547
1.00024
1.00201
1.00086
0.99895
0.996759
0.998963
0.999069
1.00543
1.00238
0.997126
0.998558
0.996816
0.999612
0.999323
1.00338
0.999981
1.00403
0.997916
0.998242
1.00091
0.999116
0.993872
1.0091
0.994669
1.0024
1.00063
0.999557
0.9945
0.999944
0.993828
1.00843
0.993193
1.00344
1.00154
0.998871
0.996277
1.00151
0.996125
0.999563
1.00088
1.006
0.998326
1.00078
1.01035
0.994996
1.00296
1.00375
0.996162
1.00461
1.00004
0.996747
1.00203
1.00099
1.00508
1.00104
1.00539
0.994326
0.9937
1.00307
0.994332
0.997079
0.998934
0.987918
1.0013
1.0004
1.00396
1.00037
1.00121
0.994483
0.99756
1.00248
0.994636
1.00345
0.996452
0.995652
1.00033
0.999601
0.997495
1.00073
1.00026
0.999002
0.998458
1.00502
1.00583
0.998597
0.99953
1.00113
1.00404
1.0037
0.996853
1.00296
1.00081
0.998024
0.99838
1.00428
0.995126
1.0002
0.993239
0.997007
0.999904
0.996119
0.999791
0.999715
1.00218
0.999022
0.995448
0.996932
1.00289
0.998926
1.00283
1.00223
1.00212
1.00008
0.99944
1.00178
1.00121
1.00117
0.995801
1.00676
0.994157
1.00685
1.00546
1.00122
0.994429
1.00014
0.998832
1.00137
1.00302
0.998173
0.995717
0.996144
1.00278
1.00202
1.00829
0.996356
0.996201
0.997107
0.999679
0.996227
1.00225
0.994643
0.99313
1.00073
0.998141
1.00277
0.997975
0.992038
0.995514
0.99813
1.00088
0.997262
1.00305
0.99671
0.998123
1.00284
0.997729
0.989607
1.00162
1.00264
0.995031
1.00405
1.00178
0.996312
0.997647
0.99658
0.994542
0.994414
1.00741
1.0014
0.996687
0.999386
0.997727
0.997334
0.997569
1.00305
0.998533
1.00239
1.00186
0.999388
0.997699
1.00229
1.00654
0.999586
0.997709
1.003
0.998629
0.99682
1.00339
0.999503
0.998776
0.999721
0.998309
0.999595
0.997743
0.997606
1.00334
0.998268
1.00166
0.99827
1.00367
0.996734
0.994771
0.997917
0.999512
0.998244
0.998941
0.994395
1.00241
1.00024
1.00033
0.994927
0.999181
0.991066
1.00066
1.00247
0.996788
0.995095
0.994828
1.00702
0.998802
0.995907
0.997788
0.995172
0.999932
1.00001
0.992979
1.00325
0.993448
0.998395
1.00027
1.00123
0.999047
0.997343
0.998721
0.998884
1.00656
0.998315
1.00022
1.00262
1.00171
0.993939
0.998002
0.997199
0.99902
0.997936
0.998724
1.00956
0.997798
1.0005
1.00585
1.00253
1.00579
0.997838
0.997612
1.00277
1.00038
0.99673
1.00157
1.00282
0.999627
1.00135
0.993307
1.00065
1.00295
0.999456
0.997553
1.00203
1.00063
1.00214
0.999581
0.998552
0.995552
0.997668
0.998937
1.00219
0.997264
1.00395
0.996443
0.993019
0.99927
1.00545
1.00101
1.00312
1.0023
0.993979
1.00287
1.00235
0.99668
1.00465
0.997082
0.998147
0.996898
0.998681
0.995632
1.00231
0.995299
1.00199
0.995727
0.997215
0.997579
0.993304
1.00333
0.996239
0.992618
1.00079
0.998949
1.00031
1.00107
1.00053
0.999739
0.998719
1.00164
1.00023
0.999833
1.00038
1.00324
1.00075
0.998106
1.00305
1.00401
1.00131
0.991183
0.996015
1.00359
0.999789
1.00548
1.00091
1.00248
1.00313
1.00184
1.0005
0.99787
1.00156
1.00178
1.00038
0.997799
1.00022
1.00257
0.998323
1.00457
0.995856
1.00128
0.999839
1.0048
0.99915
1.00499
1.00795
0.996763
0.999398
0.997313
1.00065
1.00328
0.997496
0.99991
0.998058
1.00154
1.00011
0.997625
0.992526
1.00184
0.999955
1.00271
1.00495
0.993739
0.995857
1.00218
0.993825
1.00208
0.997983
1.0006
1.0008
1.00402
0.994311
0.99787
0.996505
1.00001
0.99813
0.993122
0.998856
0.997504
0.995841
0.99755
1.003
0.995367
1.00313
1.00092
0.996456
1.0042
1.00192
1.00411
1.00054
0.993278
1.00766
0.99577
1.0009
0.995536
0.998425
0.988145
1.00378
1.00229
0.998199
1.00192
0.996307
1.00263
1.00215
0.997896
0.997741
0.996947
0.999649
1.00227
1.00018
0.997971
1.005
0.995983
0.999476
0.999535
0.994828
0.996429
1.00414
0.996785
1.0028
0.999562
1.00033
0.99521
0.999882
1.00126
0.996971
1.01136
0.999658
1.00355
1.00265
0.999685
1.00266
0.999012
0.993399
1.00234
1.00173
1.00328
1.0011
1.00108
1.00204
1.00291
1.00471
1.00212
1.00322
1.00315
0.997627
1.00116
1.00347
0.990957
0.99879
1.00268
0.995055
1.00104
1.0055
1.01093
0.997897
0.997152
1.00559
0.99382
0.995531
0.999252
0.997755
0.998812
0.99484
1.00179
0.999154
1.00034
1.00048
0.996492
1.00194
0.999434
1.00019
0.993226
1.00766
0.995263
1.00164
0.997931
0.999985
0.997873
1.00011
1.00092
0.999162
1.00195
1.00063
0.998213
1.00143
1.0018
0.999341
1.00032
1.00232
1.00122
1.00481
1.00132
0.998784
1.00035
1.00133
0.996126
0.998142
0.99846
1.00066
0.996926
1.00233
1.00422
1.00104
0.995486
1.0012
0.997976
0.996164
1.00235
1.00019
0.997321
0.999999
0.995385
0.994313
1.00024
1.00008
0.995706
1.00229
0.999763
0.998799
0.992124
0.999291
1.00289
0.99878
0.996145
1.00431
0.998807
1.00022
0.997988
1.00661
1.00148
0.998509
0.999442
0.999615
0.998031
1.00362
0.995237
0.997615
1.00189
0.999743
1.00027
0.996793
0.992615
1.00076
1.00067
0.996364
1.00434
1.00285
1.00584
1.00332
0.999481
0.999653
1.00896
0.990171
0.996959
1.00438
0.997021
1.0018
0.999434
0.995684
1.00441
0.99852
1.00399
1.00301
1.00279
0.999739
1.0023
1.00249
1.00289
1.00152
1.00017
1.00798
1.00253
1.00486
0.997237
0.995364
1.00666
1.00085
0.998082
0.99989
0.995033
1.00319
0.998404
1.00041
1.00128
1.00123
0.999701
1.00051
0.996997
1.00258
0.997541
0.998756
0.995776
1.00595
1.00199
1.00034
0.996282
0.999267
0.997878
1.00096
1.00131
0.998962
0.997426
0.999221
1.00091
0.998423
1.00165
0.998607
0.999978
1.00176
0.995468
1.00001
0.996678
0.998575
0.994401
0.997716
1.00027
0.996625
1.00482
0.999383
1.00184
0.999537
1.0004
0.999707
0.997094
0.995791
0.997524
1.00291
0.999752
1.00031
1.00124
1.00188
0.995801
0.999742
0.999128
0.994029
0.994967
1.00214
1.00467
1.00371
0.999066
0.996703
0.994789
1.00518
1.00453
1.00001
0.998104
1.00464
0.99485
0.996023
0.998058
0.999356
0.997322
1.00455
0.990634
1.00571
0.994057
0.998574
1.00318
0.999448
0.989359
0.998482
0.998557
1.00284
1.00579
0.999273
1.00186
1.00275
1.00413
1.00282
0.996163
0.99905
0.992912
0.996817
0.995361
0.993528
0.990017
0.998316
0.9971
0.989944
1.00165
0.99925
1.00018
1.00253
1.00067
0.996062
1.00648
1.00191
1.00611
1.00255
0.998303
1.00224
1.0083
1.00052
1.00224
0.995489
1.00451
0.996502
1.00327
1.00482
1.00285
1.00563
1.00376
1.00311
0.997399
0.996774
0.993319
1.01091
0.996159
1.00147
0.999192
0.998002
0.996693
0.998207
0.998212
1.00132
0.997929
0.994494
1.00201
0.998036
1.00318
1.00423
1.0035
1.00027
1.0017
1.00875
0.993425
1.00509
0.994419
1.00423
0.995961
0.996887
0.998509
1.00387
0.997577
1.00936
0.997695
0.99618
0.998112
0.996336
1.00147
1.00062
0.997105
0.999144
1.00127
1.00058
1.00248
0.998706
0.995963
1.00264
1.00374
1.00631
1.00547
1.0019
1.00116
1.00162
1.00154
1.00266
0.998708
0.996665
1.00141
0.996387
0.99566
0.998059
1.00358
0.999016
0.99598
0.996968
1.00094
0.999287
1.00287
0.99601
0.998065
1.00172
0.996678
1.00526
1.00629
0.997516
1.01186
1.00385
1.00194
1.00103
0.996837
0.999299
1.00658
0.99773
1.00513
1.00026
1.00269
0.995244
1.00307
0.997541
1.00088
1.00216
1.00438
0.998063
1.00185
1.00504
0.999803
1.00029
0.99678
1.00638
1.00572
1.00389
0.998934
1.00445
0.994346
0.99977
0.997922
1.00169
0.999885
1.00634
0.99871
1.00512
0.999197
1.00091
1.00546
1.00325
0.996394
1.00434
0.995065
0.998181
1.00208
1.00348
1.0027
1.00076
0.999626
1.00008
1.00398
0.999998
1.0004
0.999727
0.995579
1.00637
0.989124
1.00067
1.00383
0.997337
1.00031
1.0003
0.996872
0.994487
0.998594
0.997336
0.999409
1.0012
1.00262
1.00093
0.993455
0.998426
1.00683
1.00134
1.0036
1.00068
0.997822
1.00453
0.993775
1.00018
1.00031
0.997951
0.995778
1.00238
0.996018
1.00213
0.997687
1.00466
0.998853
0.99347
0.998325
1.00213
0.999068
1.00401
0.996647
1.00369
0.997921
0.998645
0.999374
1.0043
0.992371
1.0005
0.997214
1.00376
0.997118
0.996914
0.998646
0.999732
1.00035
1.0025
0.996542
1.00223
1.00284
1.00781
1.00076
0.993683
0.999068
1.00106
1.00187
0.997591
0.998127
0.999913
1.00316
1.00155
1.00362
0.996042
0.999978
0.999899
0.999289
1.00049
1.0004
0.999599
0.998681
1.00347
0.998558
0.994809
0.99634
1.00086
0.99831
0.998263
0.996222
1.00144
0.998788
1.00184
0.999958
1.00064
1.00062
1.00059
0.998994
0.999039
1.00524
1.00188
1.00259
1.00288
1.00197
1.00176
1.00296
1.00207
1.00141
1.00915
1.00036
0.998667
0.993698
1.00137
0.995552
1.00122
1.00453
0.997954
0.996206
0.998762
1.00185
0.998736
0.993384
0.99222
0.995949
0.995661
0.998109
0.997386
0.995745
0.997131
0.998274
0.999406
0.994844
1.0011
1.00157
1.00518
0.998822
0.997136
0.998235
1.00163
1.00049
1.00195
0.999658
1.00021
0.999609
1.00208
0.995874
1.00126
0.995076
1.00202
1.00073
1.00023
0.999024
0.999675
1.00025
1.00439
1.00083
0.998482
0.99622
0.999489
1.00007
0.997757
0.998052
0.989616
1.00167
0.998408
0.996618
1.00176
1.00244
0.996804
1.00527
1.00168
0.996911
0.993598
0.998168
1.00386
1.0012
1.0033
1.00066
1.00152
1.00081
0.99929
1.00294
0.999074
1.00941
0.991263
0.999143
0.998166
1.002
0.996229
1.00436
0.996373
1.0052
1.00339
1.00359
0.996397
1.00119
0.999498
0.998915
1.00377
0.996675
0.998242
0.999712
1.00072
1.00131
0.996488
0.99849
1.00308
1.00028
1.00158
1.00146
0.997482
0.997256
1.00072
0.995969
0.997291
1.001
1.00277
1.00044
0.999737
0.998541
0.998552
1.00045
1.00704
1.00037
1.00412
1.00347
0.996765
0.999817
0.997319
0.999141
0.998893
0.997702
0.996893
0.998884
1.00316
1.00307
1.00092
1.00299
1.00177
0.998814
1.00163
1.00069
1.00348
0.99897
1.0013
1.00555
1.00119
0.998569
1.00037
0.995969
1.00227
1.01035
1.00436
0.998698
1.00273
1.00042
0.998113
1.00097
0.999166
0.99962
0.999632
0.998479
0.997414
0.996489
0.999099
0.996617
1.00728
1.00274
1.00467
0.999675
1.00129
0.996978
1.00258
1.00803
0.993804
1.00348
0.998116
1.0017
1.00276
1.00434
0.999197
1.00005
0.996374
1.0008
0.995225
1.00495
1.00184
1.00449
0.998502
1.00006
0.99804
1.0018
0.999145
0.991851
0.99713
0.997344
1.00065
1.00027
1.0001
0.995031
1.00122
1.00432
0.998809
1.00463
0.99744
1.00457
0.994698
1.00513
1.00194
1.00254
1.00106
1.00334
0.997488
0.998046
0.999504
0.99443
0.998154
0.998355
1.00215
1.00281
0.998149
1.00096
1.00296
0.995561
0.998949
0.989347
0.999677
0.999753
0.995543
1.00108
0.999285
1.00123
1.00172
0.996103
1.00135
0.999957
0.99636
1.00104
1.00071
1.00006
0.995107
1.00518
1.00718
0.999986
0.996059
0.995062
1.00153
1.00611
0.998439
1.0011
1.00307
1.00276
0.998645
1.0086
0.997191
1.00417
0.997266
1.00062
1.00077
1.00297
0.997353
1.00693
1.00856
1.00036
0.99733
0.999053
0.996176
1.00327
0.995517
1.00447
0.99541
1.00119
1.00025
1.00402
0.991471
1.00421
1.00364
0.997389
1.00004
1.00214
0.997249
1.00026
1.00226
0.997283
0.999294
0.994279
0.995933
1.00511
0.997639
0.99945
1.0001
1.00087
1.00023
1.00712
0.999531
1.00406
0.996024
0.996299
0.998537
1.00294
1.0005
0.996432
1.0014
1.00301
1.00033
0.994937
1.00094
0.997817
1.00173
1.00648
0.999819
0.998416
1.0025
0.998255
0.998453
1.0003
0.996473
0.996644
0.999158
0.997561
0.998965
1.00112
0.994347
0.99711
0.999723
0.999813
1.00089
1.0014
1.00219
1.0051
1.00227
1.0008
0.997916
1.00284
0.993317
1.00271
0.996948
0.996023
1.00196
0.997798
0.999107
1.00291
1.00343
0.997179
1.00016
1.00264
1.00047
0.999768
0.998276
1.00207
0.997719
1.00319
1.0045
0.998698
1.00255
0.997128
0.994234
1.00194
0.998111
0.999283
0.99718
1.00519
1.00091
0.998019
0.999902
1.00172
0.995437
1.00668
0.996197
0.999502
0.998671
0.997422
0.997997
1.00133
1.00201
0.999172
0.997154
0.998634
0.999241
1.00623
1.00008
0.992492
0.998448
1.0006
1.00384
1.00323
1.00047
1.0055
0.998429
1.00365
0.999868
0.99794
1.00472
1.00253
0.997958
1.00002
1.00522
0.99832
0.997899
1.00032
0.995212
1.00089
0.997781
0.999032
0.997738
1.00251
0.993585
1.00357
1.00137
0.998573
1.00632
1.00133
0.998367
1.00182
0.996122
0.99992
1.00122
0.997359
1.00152
0.998402
1.00285
0.996665
0.999241
0.996439
1.0019
1.00398
1.00017
0.992367
1.00129
0.996839
1.0072
0.998081
1.0024
1.00068
1.0069
1.00021
1.00665
1.0052
1.00253
1.00324
0.997752
0.997905
1.00567
1.00861
1.00347
1.00596
0.999146
1.00511
0.994652
1.00606
1.00478
0.992328
1.00062
0.995719
1.00464
1.00574
0.999021
0.993901
0.99979
1.0004
1.00413
1.00119
1.00054
0.994183
0.995526
1.00039
0.999835
0.997545
1.003
0.997616
0.992971
1.00289
0.999774
0.999628
0.995651
0.99719
0.994595
1.00536
1.00469
1.00116
0.992642
0.997229
0.999614
1.00259
0.998983
0.995136
0.992873
0.999605
1.00213
0.998812
1.00207
0.996835
0.998034
1.00377
1.00009
0.995593
0.994455
0.994821
0.99137
0.999318
1.00135
0.993349
0.997807
0.995392
0.999826
0.998912
0.9974
1.00995
0.99826
0.997006
0.993191
1.00252
1.00424
0.999721
0.999379
0.997429
0.996304
1.0017
0.998338
0.998813
1.00091
0.997329
0.996743
1.00312
0.992498
1.00096
1.00061
0.997397
0.996723
1.00361
0.99818
1.00015
1.00047
1.00426
1.00244
1.00428
0.997441
1.00031
0.998301
1.00134
1.0064
0.998139
1.0023
0.992143
0.997974
1.00508
0.998063
0.999176
1.00066
0.99755
1.0004
0.996919
1.00029
1.00052
0.995763
1.00103
0.998469
0.998496
1.00405
1.00245
1.00477
1.00168
0.99665
0.995639
1.00559
0.998515
1.00165
1.00069
1.00255
0.997877
0.999006
0.99917
0.998743
0.99606
0.998554
1.00126
0.9945
0.997419
0.997372
0.994372
1.00172
1.00209
1.00054
1.00108
0.992711
1.00116
1.00603
1.00643
0.999899
1.00237
1.00462
0.999557
0.999463
1.00569
0.998257
1.00043
0.998925
0.996102
1.00001
1.00418
0.9976
0.996251
1.00365
0.996075
1.00129
1.00065
0.996745
1.00523
1.00301
0.994997
1.00007
0.995473
0.989577
1.00264
0.986105
0.994764
0.999726
0.996146
1.00335
0.999265
0.997198
1.00122
0.99372
0.99604
1.00382
1.0029
1.00215
0.998285
1.00499
0.997511
1.00114
0.995564
1.00166
0.995477
1.00355
1.00498
1.00142
0.995103
0.999827
1.00351
1.00526
1.00018
0.995637
0.997463
1.00513
0.999245
0.997543
0.997343
0.994104
0.999067
1.00037
0.999983
1.00138
1.0028
1.00255
0.997673
0.99849
0.995232
1.00217
1.00276
1.00143
0.999778
0.998379
1.0046
1.0018
1.00396
1.00119
0.997081
1.00103
1.00353
0.995647
1.00437
0.995756
0.994544
0.998325
0.998728
1.00419
0.99994
1.0002
0.998085
0.99798
0.995468
1.00078
1.00252
1.00825
1.00024
1.00051
1.00079
1.00241
1.00181
0.998334
1.00216
0.993681
1.0005
0.994712
1.00407
0.99399
0.996497
0.9907
0.998411
0.995739
0.997169
1.00175
0.999603
0.993598
1.00187
1.00406
1.0012
1.00482
0.996873
0.993261
0.999939
1.00598
1.00007
0.998091
1.00198
0.998561
0.998017
0.998225
0.997214
1.00122
0.997325
1.00222
1.00698
0.995204
1.0058
0.993378
1.00256
1.00297
1.00521
1.00331
0.999577
0.994406
0.998085
1.00371
1.00461
1.00618
0.999558
0.99613
0.998134
0.990958
1.00309
1.00292
0.999698
0.999993
1.00006
0.999421
1.00009
0.992279
0.999015
1.00162
1.00027
0.991646
0.998272
0.998332
0.999447
1.0044
1.00232
0.994922
0.996357
1.00132
1.00569
1.00379
1.00299
1.00682
0.997016
0.991942
1.00261
0.993716
0.997674
1.00437
0.992377
0.998193
0.991894
1.00255
1.00161
0.997738
0.99943
0.998531
1.00335
1.00267
1.00193
0.997655
1.00348
0.999784
1.00129
1.00187
0.9976
1.00378
1.00133
1.00626
0.998578
1.00283
0.995962
0.994395
1.00003
1.00081
0.993511
0.998629
1.00045
0.995695
1.00526
0.999762
1.00091
1.00309
0.999527
0.999172
1.00088
0.990661
0.994925
0.99943
1.00089
0.999989
1.00694
0.998397
1.00196
1.00344
0.997377
0.999469
1.00752
0.997056
0.995705
1.0096
0.99857
1.00697
0.999341
1.00018
0.997968
0.996397
0.997121
0.999869
1.00106
0.999124
1.00303
0.995997
1.00359
0.995684
1.0036
0.994377
0.999161
1.0014
1.00018
1.00156
1.00762
0.998342
0.998671
1
0.99632
0.995473
1.00352
0.998002
1.00025
1.0058
0.997362
1.00172
0.995264
1.0044
1.00009
1.0052
1.00408
0.997008
0.999955
1.0033
1.00048
1.00384
0.996083
0.995339
1.00211
0.999796
1.00095
1.00134
0.99475
0.997332
0.997104
0.994787
0.991559
1.00736
0.998781
0.998205
0.999614
1.00131
0.998881
0.996942
1.00037
1.00327
1.00961
0.991566
0.994972
1.00385
0.998461
0.999824
0.995653
0.991694
0.993117
1.00681
1.00166
1.00038
0.995438
1.00108
0.997979
0.998777
0.995446
0.999804
0.994657
0.994854
1.00301
0.993329
0.995253
1.00046
1.00176
0.997062
1.00745
1.00396
1.00169
0.998852
1.00646
1.00192
1.0017
1.00086
1.00178
0.999321
0.995302
0.998913
0.999025
0.995451
1.00226
0.998734
0.997606
0.996616
0.9999
0.994518
1.00493
1.00093
0.999548
0.997044
0.998985
1.00273
0.99973
1.00136
0.997516
0.998151
1.00333
0.996611
0.998812
0.993621
0.997362
0.998967
1.00313
1.00588
0.999483
0.997187
0.995316
0.991362
1.00408
0.998328
0.998233
0.99652
1.00136
1.00248
1.00018
0.99743
1.00291
1.00026
1.00218
1.00711
1.00033
0.999718
0.997863
0.998599
1.00588
0.999969
1.00035
1.00031
0.996399
0.997526
0.996885
0.999126
0.994384
0.999359
1.00206
1.00047
1.00494
0.997837
0.9987
1.00163
0.998247
0.994585
1.00146
0.999498
1.00328
0.998692
0.997186
1.00205
1.00046
1.00339
1.00165
1.00082
0.99384
0.99679
1.00064
1.00358
1.00112
0.995527
0.999332
1.00091
1.00349
0.999248
0.997654
0.992398
0.997986
0.997888
1.0002
0.99965
0.996033
1.0023
1.00372
0.998074
1.00161
1.00594
0.99824
0.997755
0.999115
0.996996
0.999874
1.0013
0.994015
0.996974
1.00154
1.00097
0.99693
0.997289
1.0029
0.998646
0.998082
0.999051
1.00331
1.00101
1.00308
0.996147
1.00337
0.993
1.00094
1.01379
0.995484
0.998498
0.996142
1.00296
0.998125
1.00174
0.994572
1.00312
1.00126
1.0021
1.00457
0.998058
0.99979
1.00475
0.999758
1.00458
0.998631
1.00226
1.00209
0.998721
1.00446
1.00095
0.996372
0.998308
0.999274
1.00276
0.997817
0.998252
0.999936
1.00341
0.997486
1.00386
1.00331
0.997373
1.00374
1.00897
1.00791
1.00069
0.996581
1.00094
1.00409
1.00298
0.998343
0.995705
1.00847
0.999574
1.00224
1.00101
0.996882
0.999526
1.00252
0.997455
1.00082
0.996683
0.99947
1.00108
0.999174
1.00211
1.0039
1.00694
0.995547
0.99619
1.00057
1.00096
1.00107
0.996679
0.998555
1.00147
1.00428
0.998601
0.997474
1.00191
1.00052
1.00228
1.00296
0.999529
1.00069
0.99826
1.00656
0.999266
1.00367
1.00054
0.990869
0.998759
0.99662
0.998312
1.00125
0.999957
0.999812
1.00051
1.00309
1.00136
0.993399
1.00116
1.00326
1.00653
1.00148
1.00004
0.998642
1.00264
0.995073
1.00134
1.00275
0.995827
1.00031
0.996779
0.99905
1.00494
0.998062
0.99999
1.00122
1.00247
1.00013
0.998897
1.00112
0.999758
1.00014
1.00175
0.997302
1.00664
0.998954
1.00105
1.00661
0.99857
1.0003
0.997283
0.999895
1.00342
1.00184
0.991055
1.00348
0.997178
1.00554
0.99994
1.00034
0.99818
0.996878
1.00136
0.999996
1.002
0.992856
1.00093
0.997301
0.999842
1.00253
1.00146
1.00065
0.99608
1.0033
0.998493
1.00656
0.994366
0.998553
0.994091
1.0065
0.997824
0.999632
0.997799
0.995633
1.00185
0.998375
1.0003
0.995034
0.996562
0.998507
0.999765
1.00162
0.988248
0.998955
1.00586
1.00029
1.00193
0.998229
1.00084
1.00202
0.997068
1.00339
1.00115
0.995538
1.00454
0.996267
0.99884
0.99964
0.993368
0.994786
0.995833
0.997916
1.00154
0.997992
0.999217
1.00382
0.996346
0.995693
1.00243
0.998345
1.0024
1.00501
1.00656
1.00242
0.999123
1.00393
1.00047
1.00309
0.997639
0.999586
0.998415
0.996298
0.996348
0.99614
0.993536
1.00362
0.999104
1.00148
0.994418
1.00063
1.00101
0.996859
1.00357
1.00114
0.996911
1.00052
1.00434
0.996139
1.00116
1.00203
0.997477
0.99547
0.996086
1.00073
0.999706
1.00081
0.993611
1.00004
1.00048
1.00193
0.999738
1.00068
1.00708
1.00629
1.00346
1.00013
1.00392
0.997516
1.0052
1.00088
0.998846
1.00441
0.998087
1.00024
1.00018
0.997109
0.994088
1.00316
0.9995
1.00323
1.00233
1.00209
0.997803
1.00507
0.999928
1.00855
0.999785
1.00141
0.997483
0.999339
1.00458
0.999679
0.995134
1.01048
0.995823
0.998562
1.00079
0.995842
0.999447
0.998149
1.00231
0.999771
1.00117
0.999011
0.998953
0.998451
1.00021
1.00187
0.998266
0.99559
0.99407
0.996882
0.994493
1.0019
0.99731
1.00059
0.998171
0.993687
0.996771
1.00519
1.00074
0.999291
0.993781
0.99578
1.0018
1.00053
1.00304
0.998456
1.00133
1.0016
0.993232
0.993565
0.996823
1.00105
1.00392
0.997301
1.00001
0.994521
0.998454
1.00113
1.00057
1.00224
1.0093
0.992201
0.996856
0.999832
0.992415
0.996043
1
0.998868
0.996914
0.997772
1.00032
1.00056
1.00143
0.99428
1.00061
0.998021
1.00087
1.002
1.00441
0.991461
0.99444
1.00522
1.00066
1.00229
1.00141
1.00172
0.997075
1.00114
1.00232
1.00477
0.995846
0.996821
1.00464
1.00461
0.994707
0.998051
0.994489
1.00291
1.00053
1.00392
0.993684
0.997866
0.99746
1.00225
1.00175
1.00085
0.993466
0.999847
1.00175
1.00422
0.9986
1.00169
0.998497
1.0038
0.997098
0.993457
0.999543
1.00182
0.993562
1.00207
0.999598
0.996185
0.993229
0.997988
1.00216
0.996743
1.00882
0.999427
0.998777
0.999709
1.00048
0.99771
1.01039
1.00223
0.997599
0.997925
0.99788
1.00302
1.00203
0.996024
0.997739
0.998538
1.00031
0.999371
0.999826
1.00253
1.00289
1.00125
0.999486
1.00782
0.999602
0.998597
1.00227
1.00344
1.00437
0.995433
1.00074
0.997326
1.00159
0.997876
1.00289
0.999032
1.00044
0.997583
0.996082
1.00046
1.00112
1.00292
1.00396
1.00274
0.998409
0.999342
0.996427
0.999354
0.998611
1.00326
1.00064
0.996322
1.00531
0.998387
1.00378
0.99806
1.00199
1.00209
0.998441
0.990374
1.0007
1.00318
0.999629
0.995722
0.995437
0.997671
1.00059
0.998232
0.998173
0.993092
1.00028
0.996489
1.0024
0.998872
0.997963
0.998492
1.00061
0.996699
1.00391
1.00184
1.00163
0.997365
0.996231
1.00092
0.999098
1.00462
1.0007
1.00224
1.0007
1.00011
0.999127
1.00019
1.00165
1.00065
1.00731
1.00266
0.997482
1.00422
1.0002
1.00126
0.999965
1.00361
1.00258
1.00456
0.997561
0.999323
0.996787
1.00868
1.00106
0.996102
0.990263
0.997372
0.993404
0.994835
1.00308
0.99361
0.998006
0.999799
0.999186
0.995808
1.00117
0.994647
0.999265
0.992772
1.00211
1.0041
0.999461
0.99971
0.998475
0.996515
1.00073
0.996136
0.998758
0.998621
0.995559
1.00154
0.99688
1.00033
0.99842
0.997417
0.998857
1.00367
0.999344
0.998012
1.00103
0.999502
0.999331
1.00312
0.993579
0.997462
0.999014
0.992342
1.00453
1.00368
1.00046
0.998843
1.00426
0.993861
0.998021
0.999984
0.994949
1.00074
1.00054
1.00153
0.995753
0.991126
0.996927
1.00141
1.00798
1.0025
1.00019
0.998294
0.9988
1.00318
0.998495
0.999381
1.00254
0.999831
0.999504
0.999669
0.998519
0.997675
1.00632
0.998804
1.00252
0.997954
0.999481
1.0024
0.997392
1.00036
0.99548
0.999086
0.998459
0.995332
1.00347
0.999804
0.999877
1.00158
0.996415
1.00155
0.998144
0.997872
1.005
1.00165
0.99973
1.00495
1.00294
1.0004
1.00475
1.00088
0.998927
1.00355
1.00127
0.997665
1.00431
1.00702
0.999783
0.997944
1.00567
0.993906
1.00152
0.997486
1.00258
0.994071
0.998186
0.999143
0.997984
1.00296
0.996716
0.995075
1.00067
0.998438
0.99622
0.999171
0.995147
0.997334
1.00822
1.00014
0.995709
0.99825
0.993816
1.0043
0.996044
0.997884
0.998545
1.00202
1.00271
0.998607
0.999145
0.99863
0.998958
1.00326
1.00368
1.00541
1.00684
1.00179
0.997892
0.999186
0.994772
0.99073
0.996992
1.00033
1.00053
1.00073
1.00304
1.00208
0.996831
0.994607
0.998458
1.00234
0.996588
1.00404
1.00134
1.00167
0.998032
1.00176
1.00604
0.999699
0.998354
1.00005
1.00307
0.996369
0.998554
0.992611
0.999396
1.00007
1.00022
1.00567
0.99614
1.00068
0.998619
1.00118
1.00039
0.997789
0.999344
1.00111
1.00012
0.995915
0.999282
0.989168
1.00134
1.00745
1.00163
1.00391
0.996621
0.999712
0.994065
0.99573
1.00383
1.00339
1.00509
1.00064
1.0012
0.99727
1.00084
1.00451
0.99748
1.00135
0.996657
0.999333
1.00298
0.999422
0.996807
0.995893
1.00131
1.00157
1.0021
0.996175
1.00326
0.995842
0.997724
1.00041
0.995935
1.00083
0.996463
0.996251
0.999465
1.00303
0.99332
1.00603
1.00611
0.996528
0.998209
0.998904
1.00316
1.0027
0.997911
1.00141
1.00121
1.0012
0.997541
1.00396
1.00131
0.997265
0.997929
0.993761
0.991209
1.00667
1.0047
0.99689
1.00107
0.998405
0.998442
1.00079
1.00018
1.00099
1.00515
0.996424
0.999087
0.997364
1.00577
0.999747
0.992249
0.999077
1.00466
0.996734
1.00243
1.00426
1.00014
0.999926
1.00011
0.996405
0.997146
0.997521
0.992919
0.998843
1.00209
1.00267
1.00298
0.998011
1.00123
1.00048
0.999567
1.00446
0.99561
1.00036
1.00172
0.990899
0.998026
1.00085
1.00085
0.998105
0.996527
0.995075
0.997595
1.00053
1.00409
0.991186
0.997214
1.00262
1.00127
0.998689
0.997733
1.00391
0.999848
1.00171
0.998079
1.00162
0.997694
1.00352
0.997916
1.00077
1.00258
0.998526
0.999946
1.00233
0.998149
0.993826
0.996102
1.00425
1.0004
1.00263
0.997836
1.00082
1.0045
1.00033
0.997881
1.00554
0.998966
0.996786
1.00392
0.995512
1.00256
0.999739
0.999333
0.996382
0.997419
0.99944
0.998044
1.00294
1.00689
1.00163
0.994331
1.00027
1.00547
1.00116
1.00262
0.997547
0.998979
1.00356
0.998299
0.998952
0.998802
0.994733
0.995829
0.999622
1.00187
0.999987
1.00093
1.00113
0.999052
1.00354
1.00069
1.00189
0.99354
1.00269
0.994787
1.00345
1.00387
1.00947
0.998685
1.00369
0.99946
0.991107
1.00371
1.00753
0.991234
0.994689
0.999324
0.997921
1.0011
1.00081
0.994152
0.998572
0.998914
0.995347
1.0005
0.999788
0.998798
1.00389
0.996155
0.994825
0.995803
1.00411
0.997482
0.999926
0.99829
0.99689
1.0019
0.999115
0.997579
1.00203
1.00233
0.994968
1.00235
0.99511
0.995456
1.00476
1.00498
0.99875
0.99938
0.995163
0.99389
1.0035
0.998089
0.999639
1.00022
1.00001
0.996373
0.995539
1.00078
1.00271
0.99971
0.996797
0.9945
0.999142
1.00283
1.00162
1.00146
0.998688
0.999794
1.00218
1.01121
1.00497
0.996111
1.00084
1.00857
1.00588
1.00367
0.998283
0.996218
0.997811
1.00231
0.997201
1.0052
0.997691
1.00164
0.998737
1.00508
0.994752
1.00211
0.998217
0.999739
1.00073
1.00542
1.00262
0.997005
0.997388
0.994463
1.00277
0.996544
0.991953
1.00621
0.998752
1.00047
1.00138
1.00152
1.00305
0.998774
1.00333
0.994716
1.00783
0.998799
0.999908
0.99735
1.00343
1.00131
1.00753
1.00071
1.00084
0.992789
0.99919
1.00655
1.00066
1.00172
1.0026
1.00163
0.999719
1.00098
1.00318
1.00266
1.00507
0.996935
0.995255
0.996001
0.99249
1.00081
1.00101
1.00063
0.995419
1.0003
0.999798
0.999121
0.995129
1.00521
1.0006
0.999162
0.999849
0.991289
1.00009
0.999317
0.994469
0.996032
1.00013
1.0017
1.00414
1.0035
1.00047
0.994728
0.999052
1.00114
0.99962
0.99914
0.998707
0.997071
0.999329
0.997456
0.996504
0.996266
1.00229
0.997517
0.99798
1.0004
1.00825
1.0014
0.996104
0.995591
0.997846
1.00105
1.00538
0.997678
1.00195
0.994776
1.00161
0.999073
1.00291
0.998999
1.00241
0.994005
0.996843
0.999559
1.00189
0.999942
1.00054
0.99326
0.993451
1.00035
0.996719
0.99888
0.994729
0.999314
1.00008
0.99817
0.997332
0.9999
0.996043
1.00217
1.00032
1.00085
0.998247
1.00184
1.00227
0.997472
0.997737
0.991916
0.998476
0.997019
1.00461
0.995444
1.00725
1.00087
1.00196
1.00103
0.999796
0.999289
1.00183
0.995055
1.00752
0.999059
0.995066
1.00107
1.00444
0.998241
1.00324
0.996344
0.995386
1.00575
0.996599
1.00274
1.00169
0.994434
0.998183
1.00702
0.995377
0.997926
0.997829
1.00361
0.999344
1.00109
1.00325
1.00664
1.00162
0.999725
1.00086
0.99951
0.997153
0.999467
0.999905
0.998287
0.999368
1.00175
0.999122
1.00267
1.00262
0.998588
1.00533
0.999008
0.999269
0.99962
0.992714
0.996111
0.99794
0.999837
0.998803
0.998441
1.00299
1.00013
1.00082
1.00862
1.00118
0.998698
0.999115
0.999061
0.995461
1.00223
0.999244
1.0001
0.994445
1.00274
1.00121
1.00117
0.998742
0.999747
0.999324
0.996699
0.999405
1.00414
1.00058
0.996345
0.996655
0.993318
0.996225
0.995215
0.993304
1.00312
1.00361
0.992799
1.00912
1.00266
1.00093
1.00874
1.00695
1.00059
1.00652
1.0011
0.992545
1.00432
0.99836
0.996301
0.996805
0.996639
1.00023
0.995716
0.997192
0.999024
1.00405
0.991934
1.00024
1.00555
0.994198
1.00599
1.0011
1.0015
1.00224
1.00768
1.0024
0.998976
1.00086
1.00025
1.00378
1.00302
1.00467
0.997995
1.00255
0.997506
0.998683
1.00239
1.0026
1.00148
0.99939
0.99343
1.00725
0.998068
0.999093
0.998347
0.99932
0.996699
1.00194
1.00155
0.999207
0.996084
1.00344
0.996707
0.999634
0.996392
0.997728
0.997863
0.998569
0.996438
0.997565
1.00089
1.0029
1.00263
0.996663
1.00259
0.998702
1.00138
1.00474
1.00355
1.00122
1.00428
1.00242
1.00436
1.00433
0.999838
1.00396
0.997596
1.0072
0.997095
0.998983
0.997219
0.998853
1.00135
0.999915
0.999196
0.998511
1.00402
0.997978
0.998836
0.9963
0.998813
0.998717
0.998293
0.99599
0.997142
0.999682
0.997993
0.999221
1.00243
0.996101
0.998554
1.0024
1.00086
0.994113
0.993778
0.997164
0.994509
1.00396
1.00063
0.999248
0.991105
1.00177
0.999297
0.998114
1.00396
0.9961
0.992159
0.997951
0.998906
0.993549
0.999823
0.999003
1.00008
0.99766
1.00298
0.99603
1.00381
0.998669
1.00267
0.996892
1.0044
0.999013
0.997434
1.00212
1.00023
1.0018
1.00105
0.993771
0.994416
1.001
1.00386
0.997752
0.998288
0.995663
0.994469
1.00159
1.00603
0.995151
0.996612
0.997566
0.998507
0.99777
1.00065
0.999184
1.00119
0.996736
0.998541
0.996696
1.00137
1.00339
1.00042
0.992072
0.993297
0.995644
0.995405
0.996181
1.00153
0.994184
0.999292
1.00205
0.997684
0.998395
0.994499
0.990652
1.0001
0.994825
1.00365
0.996917
0.998775
0.99664
0.999871
0.995268
0.999441
1.00261
1.00784
1.00082
0.998207
1.00429
1.00275
1.00418
1.00743
0.997673
0.999805
1.00159
0.998939
1.00223
1.00111
1.00207
1.00665
0.99744
0.999412
0.997693
0.994908
1.00393
0.996633
1.00077
0.99446
0.993429
0.996015
0.997661
1.00071
1.00496
0.996259
1.00535
0.992111
0.992651
1.00117
0.998859
0.996395
0.999994
1.00522
0.995746
0.99789
1.00008
0.998829
0.994303
0.998125
0.99966
0.996673
1.00676
0.993736
1.00049
0.995777
1.0016
0.99752
1.00455
0.999775
1.00281
1.00065
0.998888
0.994968
1.00223
0.997716
1.00468
1.00383
0.994648
0.995962
1.00391
0.994436
1.00366
1.00487
0.998927
1.00022
0.998904
1.00174
1.00444
1.00393
0.99551
1.00481
1.00007
1.00333
1.00119
1.00336
0.996209
1.00318
0.995193
0.995057
1.00159
1.00329
0.990313
1.00228
0.996494
1.00236
0.999907
0.99795
0.998826
0.999469
0.999561
1.0034
1.00208
1.0017
0.999588
0.992545
0.998905
1.0031
1.0022
0.995792
0.996644
1.00328
0.993674
1.00428
1.0039
1.00259
0.998947
1.0043
1.00274
0.997157
0.9958
1.00403
1.00316
1.00545
0.997136
0.996629
1.00445
1.00297
0.994086
0.998299
1.0022
1.00293
0.995919
1.00212
0.999456
0.994071
1.00015
0.998382
1.00093
0.997789
0.999303
0.997423
0.997543
1.00142
0.995751
0.999831
1.00144
0.999914
0.999521
1.01191
1.00312
1.00055
0.997401
1.00686
1.00316
1.00125
0.99676
1.00219
0.999582
1.00712
0.997452
1.00324
0.995671
0.998461
1.00374
0.997658
1.00325
1.00155
1.00086
1.00143
1.00377
0.998567
1.00003
0.997677
0.995773
1.00198
1.00073
1.00284
0.999199
1.00192
0.999578
1.00564
0.995633
1.00545
1.0075
0.997605
0.999342
1.00253
0.993064
1.00409
1.0011
0.994984
0.993566
1.01092
1.00515
1.00382
1.00408
1.00076
0.999389
0.998876
1.0006
1.00614
0.997939
0.997655
0.998558
0.995583
1.00387
1.00354
0.994019
1.00469
0.997234
1.00036
1.0068
1.00045
1.00638
1.00167
1.00249
0.994389
0.999592
0.997918
0.999215
1.00001
0.997614
0.993166
0.996447
0.998737
1.00929
1.00256
0.997388
1.00138
0.998641
0.996929
1.00552
0.991893
0.994357
1.00215
1.00412
0.998751
1.00106
1.00248
1.0008
1.00195
1.00757
0.99827
1.00077
1.00652
1.00012
1.00368
1.00957
0.994219
0.998861
0.998791
0.998182
0.998314
1.00144
0.999588
0.999882
0.997989
1.00553
1.00115
1.00542
1.00157
0.995837
1.00763
1.00052
1.00725
0.999526
1.00854
1.00313
0.999589
1.00413
0.999114
0.996956
1.00242
1.0033
0.995289
1.00214
1.00697
0.998761
1.00379
1.00207
1.00202
1.00105
0.999731
0.996318
0.996743
0.995917
1.00171
1.00067
1.00703
0.999208
0.99713
0.995759
1.00513
0.99628
1.006
0.997768
1.00137
0.990722
0.998254
0.995991
0.998096
1.0039
0.9993
0.997318
0.996028
0.990892
0.997603
1.00126
1.00053
0.998199
1.00242
0.997138
1.00115
1.00011
0.997984
0.998638
0.998263
1.00219
1.00135
1.00119
0.996325
0.994197
1.00025
1.00359
1.00084
1.00287
0.998351
0.997637
0.995005
1.00162
0.995314
1.0011
1.00004
0.996705
0.998226
1.00483
1.00054
0.999314
1.00239
1.00232
0.99974
0.994043
1.00109
0.999294
1.00578
1.00359
1.00002
0.9968
1.00396
0.998028
1.0027
0.997497
0.996531
0.998693
1.00209
0.995638
0.991701
0.999184
0.997894
1.00458
1.00054
1.00152
1.00225
0.999611
0.999103
0.997876
1.00384
0.999729
1.00131
0.997982
0.999115
0.997332
1.00411
0.999126
0.999646
1.00002
0.998141
0.994423
1.00271
0.993838
0.991022
0.999619
1.00115
1.00363
0.991888
1.00326
0.999379
1.00531
0.998005
1.00083
0.994409
0.999733
0.995755
0.997683
0.999848
0.997603
1.00091
1.0036
0.99675
1.00041
1.00251
0.994347
1.00467
0.993502
0.996247
1.00054
0.997555
1.00321
1.00163
0.99124
1.00282
0.999814
1.00356
1.0029
0.998995
0.998586
1.00489
1.00266
0.99976
1.00112
0.999062
0.997922
1.00672
0.999049
1.00077
0.997277
1.00287
1.00504
1.00042
0.998383
0.997668
0.996418
1.00119
1.0007
0.998235
0.999409
1.00788
0.995815
0.998159
0.999695
0.996349
1.00838
1.0008
1.00443
0.998376
0.999705
1.00284
1.00455
1.00168
0.999189
1.00535
1.00432
0.999323
1.00629
1.001
0.999839
1.00209
0.998512
0.995501
0.994368
1.00835
0.999276
0.996973
1.00091
0.999573
0.99942
1.00358
0.999627
0.998579
0.997184
0.993429
1.00506
0.993784
1.00173
1.00104
0.998454
0.997035
1.001
0.999116
0.998771
0.994691
0.998376
1.00014
0.996138
1.00093
0.995515
1.00356
1.00058
1.00668
0.997688
1.00301
1.00226
0.995156
0.999795
0.996998
0.993803
0.996703
1.00193
1.00384
1.00471
1.00287
0.997891
1.0011
1.00253
0.996698
1.00039
1.00409
0.999309
0.999636
0.996057
1.00023
1.00159
1.00447
1.00434
1.00149
0.991373
0.999653
1.00008
1.00189
1.00408
1.00509
1.0017
0.996875
1.00242
1.00236
1.00183
0.998438
1.00417
1.00284
1.00023
0.994461
1.00416
0.999655
0.997492
1.00523
0.999724
1.00145
1.00183
1.00133
0.995789
1.00025
1.00286
0.999179
0.999123
1.0036
0.998013
1.00659
1.00177
1.00452
0.994756
1.0049
1.00098
1.00284
0.997755
1.00682
0.996842
0.99888
1.00029
1.00584
0.995074
1.00236
1.00124
0.992431
1.00233
1.00481
0.994383
1.00221
1.00538
1.00103
1.00864
0.998595
1.00085
0.996793
1.00208
0.998971
1.0034
0.999725
1.00392
1.00056
1.00364
0.996491
0.999918
1.00666
0.999875
1.00548
1.0036
0.999994
1.002
1.00277
0.99529
0.998283
1.00183
1.00163
1.00026
1.00356
0.9964
1.00327
0.999106
1.00218
1.00031
0.996114
1.00363
0.995934
0.998953
0.999367
1.0038
0.993117
1.00554
0.999477
1.00066
0.995823
1.00131
1.00468
1.00133
0.999605
0.992282
1.0073
0.998673
1.00432
1.0024
0.996963
0.997599
0.999868
1.00003
0.997828
0.993078
0.994111
1.00541
0.999656
0.995568
1.0031
1.00443
0.995547
1.00255
0.997645
1.00313
1.00818
1.00259
0.998998
0.996249
1.00263
0.997802
1.00004
0.99873
1.00618
1.00458
1.00402
1.00424
1.00311
0.999526
0.998007
0.999271
1.00832
1.00419
1.00066
1.00482
0.998036
0.994235
1.00357
1.00059
1.00752
1.0024
0.991176
0.998538
1.00315
0.999275
0.999237
1.00231
0.994571
0.99899
0.999495
0.997116
0.994367
1.00098
0.994753
0.996954
0.995925
1.00272
0.99792
0.99953
0.998889
1.00371
1.00443
1.00311
0.999285
0.99959
1.00304
1.00394
1.00374
0.995681
1.00591
1.00446
0.999713
1.00064
0.996533
1.00302
0.998438
0.998397
0.997468
1.00405
0.998088
1.00057
1.00225
0.995591
1.00701
1.00438
0.996611
0.996011
1.00031
0.999864
1.00119
0.997522
1.00509
1.00008
0.999343
0.996504
0.9982
1.00536
1.00347
1.00462
1.00064
1.00261
1.0024
1.00179
0.999611
0.997995
0.997754
1.00078
0.996813
1.00288
1.00747
1.00093
1.00599
0.996931
0.992047
0.996734
1.00484
0.995597
1.00226
0.997594
0.997283
1.00399
0.992433
1.00346
0.999276
0.998268
1.00177
0.997252
1.00311
1.00218
1.0044
1.00042
1.00003
0.999361
0.996385
1.00609
1.00125
0.994193
0.999344
1.00014
1.00026
0.992708
1.00293
0.999724
1.00043
0.995365
0.993488
1.00241
1.00455
1.00021
1.00044
1.0005
0.993183
1.00016
0.990252
1.00004
1.00225
1.00808
0.999842
1.00271
1.00043
0.999711
1.00094
1.00294
0.998351
0.999274
0.997892
1.00193
0.997842
1.00479
0.999576
1.00083
1.0041
0.999656
1.00175
0.996242
0.997325
1.00158
1.00932
1.00072
1.00835
0.998962
1.00023
0.999781
1.00492
0.999549
0.998174
1.00631
0.998375
0.998059
0.999389
1.0013
0.992803
0.99944
1.00325
0.996489
1.00567
0.997768
0.999419
0.996793
1.00079
0.987676
0.995449
0.997465
1.0052
0.997805
0.997118
0.992935
0.995511
0.997498
1.00309
0.999222
1.00449
0.998249
1.00132
0.993776
0.997784
0.993747
1.0036
0.999806
0.999426
0.997601
1.00127
0.994345
1.00197
1.00377
0.992613
1.00288
0.998173
1.00486
0.997919
1.00047
1.00056
1.00066
1.00017
0.999397
0.99768
0.998674
1.00213
1.00086
1.00312
1.0008
1.00146
0.998863
1.00308
1.007
0.997274
0.998466
0.999134
0.998917
1.00042
1.00329
0.999064
0.999624
1.00768
0.999024
1.00267
1.003
0.997239
1.00219
1.00276
0.997526
0.99253
0.998012
1.00606
1.00225
0.996742
0.99724
1.00445
1.00095
1.0059
0.993804
1.00192
0.99504
1.00018
0.998069
0.996067
0.992314
1.0005
0.999917
0.997718
1.00122
1.00133
0.998037
0.996694
1.00264
1.00275
1.00076
0.999945
1.00362
1.00644
0.999067
1.00172
1.00025
0.997163
1.00238
1.00057
0.997948
0.996151
0.995961
1.00091
1.00226
1.00369
1.00002
0.994081
0.992217
1.00769
1.00062
1.00234
1.00158
0.999209
1.00253
1.0045
1.0057
0.997216
1.00104
0.99802
1.00339
0.994998
1.00014
0.999399
1.00051
0.997421
0.999677
0.998671
0.997353
1.00145
0.999046
0.999913
0.999053
1.00143
0.99276
1.00388
0.995651
0.998385
1.00295
1.00752
1.00018
0.99821
0.999814
1.00314
0.999447
0.993048
1.00354
1.00281
0.997154
1.00057
1.00252
1.00205
1.00686
0.998854
0.998177
0.997618
1.00066
0.997541
1.00277
1.00155
0.996107
1.00066
1.00634
1.00708
1.00269
1.005
1.00174
0.996912
0.99494
1.00346
0.994399
1.00264
0.997497
0.996225
0.994003
1.0003
0.999442
0.995627
1.00128
1.00264
0.998936
0.999457
1.00605
1.00232
1.0011
1.00574
1.00578
1.00481
0.998221
1.0032
1.00013
0.998615
1.00159
1.00267
1.004
1.00283
0.996156
0.998805
0.993283
1.00306
1.00082
0.999211
1.0009
0.997415
1.00331
0.998373
0.999155
0.994189
1.00738
1.00287
0.9984
1.00343
0.995909
0.995763
0.998408
0.996854
0.994303
1.00176
0.999812
1.00037
1.0041
0.998509
0.993382
1.00328
1.00061
0.996782
1.0025
1.00778
1.0013
0.998781
0.995289
1.00175
0.99582
1.00305
0.999711
0.998903
0.998633
0.998951
0.992232
1.0028
1.00338
1.0018
0.996801
1.00241
0.998805
1.00649
1.00774
1.00507
1.00061
1.00149
1.00006
0.99741
0.999699
1.00189
0.996434
0.998618
1.00518
1.00297
1.00347
1.00249
0.996299
0.994155
1.0055
0.993836
0.997683
0.998721
0.999111
0.998154
0.993175
0.996749
0.996671
0.998645
0.994554
0.994352
0.998253
1.00456
0.99932
1.0022
1.01172
1.00386
0.999816
1.001
1.00269
1.00428
1.00489
0.999133
0.992834
0.998873
0.995477
0.999515
1.00218
1.00063
0.992786
1.00231
0.996782
1.00062
0.999235
0.991554
1.00174
0.997435
0.996805
1.00358
0.997308
0.987445
0.99459
1.00306
0.999027
1.00011
0.998612
0.999109
0.993315
0.999703
0.999297
0.996052
0.999484
1.0077
0.997087
0.997535
0.997519
1.00386
0.998832
1.00298
0.995831
0.998061
0.997796
1.00315
1.00529
0.999264
1.00363
1.002
0.999785
0.997822
0.992805
0.99742
0.995565
1.00027
1.00509
1.00366
1.00018
1.00174
1.00694
1.00484
1.0019
1.0045
1.00565
1.00188
1.00183
1.00048
1.00058
1.00636
1.00064
1.0004
1.00539
1.00047
0.996977
0.994047
0.995114
0.995553
0.995473
1.00446
0.998173
0.994256
0.998203
1.00329
1.00317
1.00165
1.00074
1.00192
1.00198
0.996359
1.00187
1.00318
0.998217
0.995274
1.007
0.997994
1.00125
1.00442
0.997508
1.00353
0.998075
0.995593
0.997512
1.00174
0.997792
0.999925
0.998502
0.995015
1.00255
0.996885
0.997408
0.993952
0.998675
0.99885
1.00082
1.00655
0.997144
1.0047
1.00005
0.999259
1.00147
1.00158
0.998672
0.996763
1.00136
1.00089
0.998079
1.00046
1.00299
0.999874
0.999107
1.00126
1.00078
0.999272
0.997415
1.01135
0.995566
0.997826
1.00451
1.00463
0.995766
1.00325
1.00283
1.0036
1.00086
1.00088
0.995586
0.994851
1.00359
1.00445
0.998272
0.999409
0.994324
1.0028
1.00257
0.995064
1.00083
0.995403
0.999016
1.00285
0.9958
0.998494
0.996552
0.99889
0.997507
1.0025
0.998881
0.997336
1.00258
0.994279
1.0019
1.00531
1.00444
1.00395
0.999977
0.996825
1.00415
1.00016
1.00209
1.00128
0.999847
0.998434
0.996519
0.996786
0.998108
1.00235
1.0023
0.989641
0.997299
0.998172
1.00887
1.00043
0.993776
1.00381
1.00402
0.997466
0.996245
1.00822
0.999682
1.00115
0.997063
1.00614
1.00595
0.999426
1.00043
1.00392
1.0009
0.998935
1.00197
0.998381
1.0034
0.999537
1.0019
0.997951
0.999661
0.999277
1.00083
0.998919
0.998569
1.00283
1.00025
1.00166
0.996739
0.995472
0.997265
1.00659
0.999262
0.99502
1.00288
0.999575
0.996174
1.00605
1.00637
1.00134
0.994559
0.998444
1.00612
0.996436
1.00574
1.00564
0.999854
1.00553
1.00057
1.00678
1.00093
0.999958
1.00281
0.999432
0.999039
0.998352
1.00446
1.00284
0.99894
1.00159
0.996021
1.00175
1.00088
0.998314
1.0008
0.995854
1.00605
1.00476
0.99962
0.997827
0.999413
0.998225
1.00149
1.00277
0.998664
1.00056
1.003
0.999807
0.997153
0.997144
1.00011
0.996551
1.00065
0.994606
1.00508
1.00125
1.00071
0.999745
0.998919
1.00722
0.999461
0.997854
1.0059
0.998565
0.995343
1.00068
1.0052
0.999381
1.0028
1.00027
1.00129
0.997871
1.00513
1.00421
1.00103
1.00727
0.995186
0.997538
1.00193
1.0045
0.997899
1.0026
0.998924
1.00367
0.996745
0.995501
0.999438
1.00298
0.999975
1.0029
1.00509
0.997091
0.998996
0.999164
1.00398
0.996745
0.997134
0.999175
0.999547
0.999997
1.00066
0.996738
1.00503
0.995158
0.998108
1.00051
1.00358
1.0012
0.995655
0.999258
0.996199
0.998483
1.00563
1.00223
1.00359
0.998286
0.994207
0.996601
1.0022
0.996767
1.00175
0.99641
1.00992
1.00023
0.99495
0.999633
1.00464
1.00549
1.00428
1.00175
0.9985
1.00593
0.999484
1.00111
1.00234
0.999003
0.999201
0.999904
1.0014
1.00161
0.99435
1.00313
0.999953
0.994651
1.00165
1.00088
0.998095
0.999193
1.00052
0.998065
0.996244
0.997529
0.99914
1.00535
0.992255
0.998632
0.997296
0.999751
1.00016
1.00324
0.99362
1.00516
0.997433
0.999276
1.00154
0.99823
1.00028
1.00481
0.992129
0.996097
0.994022
0.999058
0.997566
1.00713
1.00701
1.00533
0.998484
0.999795
1.00127
1.01058
1.00197
0.994542
0.995962
0.99861
0.995293
1.0037
0.998578
0.999703
1.00223
0.997351
0.996252
1.00227
1.00092
1.00336
0.997652
0.999276
0.994813
0.998244
0.995917
1.00067
1.00031
0.996748
0.999521
0.999131
0.998157
0.997025
0.994691
0.995907
1.00211
0.995437
1.00327
0.997227
0.996359
0.994834
0.999363
0.999894
1.00326
0.99938
0.999864
1.00332
0.999014
1.00324
0.999073
0.992064
1.00016
0.998451
0.99797
1.006
1.00209
0.996399
1.00424
0.997693
0.996576
1.00342
0.997658
0.997175
1.00272
0.999328
1.00267
1.00579
0.999951
0.99293
1.00341
1.00271
0.993247
0.999793
1.00202
1.00175
0.99615
0.997904
0.998992
0.996788
0.999521
1.0028
0.994253
0.999255
1.00015
0.995941
0.994347
1.00105
1.0002
0.997931
0.998542
1.00496
1.00637
1.00343
1.00097
0.993773
1.00284
1.00336
0.998443
1.00182
0.998894
1.00108
1.01082
0.994799
1.00675
0.999403
1.0004
1.00089
0.994614
1.00036
1.0022
0.997706
1.00333
1.00142
0.99621
0.996111
0.993548
0.998734
0.994587
0.995139
0.999202
1.00072
1.00355
0.999843
0.998635
0.996871
1.00044
0.998818
1.00607
0.99786
0.998977
0.99886
0.999736
1.00208
0.998724
0.99804
1.00243
1.00324
1.00418
0.997644
1.00214
0.99599
0.996238
0.995055
0.998888
0.997656
1.00466
0.99611
1.00617
0.997053
1.00418
0.99809
0.99931
0.999702
1.00426
0.999165
0.999666
0.99983
1.00454
1.00146
1.0002
1.00007
1.00638
0.99987
1.00385
1.00084
0.99727
0.999153
1.00174
1.01063
1.00468
1.00657
1.00292
1.00132
1.00214
1.0036
0.995763
0.999427
0.993289
1.00388
0.994763
1.00064
0.994639
1.00003
1.00278
0.993995
0.997681
1.00216
0.993257
0.999183
1.00086
1.00108
0.998688
0.994184
1.00072
0.998254
1.00128
0.997486
0.997588
0.998791
0.996904
1.00587
1.00684
1.00031
1.00027
1.00287
0.995231
1.00249
1.00263
1.00316
1.00146
1.00429
1.00202
1.00176
0.994344
1.00021
0.99648
0.994669
0.997593
0.993399
0.999009
1.00461
0.998208
0.994123
0.999471
0.994526
1.00277
1.00308
1.00081
1.00013
0.994486
0.997686
0.997371
0.997743
1.00075
1.00142
0.998109
0.992099
0.997927
1.0057
0.998613
1.00498
0.995575
1.00133
1.00265
0.998604
1.00177
0.996155
0.998972
1.00059
1.00668
1.00427
0.997685
0.994984
1.00342
1.00251
0.999659
0.999853
0.996155
1.00277
0.996903
1.00315
0.999464
1.00385
1.00371
0.999425
1.00028
1.00188
0.999974
0.995785
1.00155
1.00099
1.00016
0.995323
0.999005
0.996055
0.996107
1.0031
0.999183
0.999996
1.00172
0.996433
1.00183
1.00735
0.999582
1.00066
0.999487
1.00109
0.993958
1.00153
0.996373
1.00876
0.998061
1.00161
0.99577
0.999815
0.999819
1.00426
1.00177
1.00753
1.0008
1.00082
0.999076
1.00017
1.00008
0.999259
0.999088
0.999209
0.997755
1.00228
1.00409
0.998678
1.00044
1.00306
0.997369
1.00549
1.0027
1.00081
0.997993
0.995245
1.00056
0.995333
0.996771
1.00081
1.0038
1.00333
1.00548
1.00096
1.00134
1.00489
1.00307
1.00222
1.00129
0.992345
1.00372
1.00122
1.00215
1.00232
1.00109
0.997419
0.998613
1.00128
1.00206
0.997851
1.00388
0.996101
0.9947
0.998234
1.00293
0.9987
1.0066
1.00028
0.996424
0.999026
1.00045
0.995408
1.00047
0.996327
1.00049
1.00168
0.997965
1.00226
0.99932
1.00037
0.998747
0.999042
0.997919
1.00592
1.00268
1.0048
1.0009
1.00397
0.996066
0.999933
0.990749
0.994252
1.00213
0.999816
0.992238
0.997207
0.993605
0.997257
0.99942
1.00552
0.99639
1.00514
1.00295
1.00265
0.996099
1.00143
0.999766
0.994497
1.00406
1.00089
1.0038
0.991572
0.998285
0.995148
0.998513
0.99931
0.994971
1.0032
0.995675
0.999017
0.999259
1.00088
0.996356
1.00392
0.999538
1.0046
0.995545
1.00506
0.998915
1.00175
0.995596
1.00447
0.999335
1.00196
0.998485
0.999322
0.998693
0.996303
0.998907
1.00005
1.00233
1.00501
1.00268
1.00027
0.999882
1.00894
1.00391
1.0019
0.999282
0.999811
0.994834
1.00072
0.999491
0.996847
0.999457
1.0052
1.00079
1.00099
1.0017
1.00255
0.997753
1.0033
1.00116
1.00319
0.998002
1.00385
0.998901
1.00132
1.00028
0.994258
0.997976
1.00137
0.995766
0.998987
0.99877
0.99585
1.00162
1.00389
1.00164
0.999557
0.995781
1.00676
0.996293
1.00053
0.999846
0.996817
1.00008
1.00357
1.00539
1.00395
1.00347
0.995523
0.996242
0.995718
0.994311
0.996122
1.00729
0.998934
1.01231
0.998155
1.00064
0.996629
1.00059
1.00656
1.00438
0.998664
0.99981
0.999841
0.998782
1.00471
0.997372
1.00695
1.00254
0.997888
1.00677
0.998147
1.00462
0.997239
1.00253
0.994756
1.0047
0.998496
0.996339
1.00726
1.00345
0.998845
1.00074
0.996434
0.999633
0.994496
0.997819
1.00165
1.00031
1.00048
0.997818
0.995928
0.99757
0.997717
0.998423
1.00259
1.00403
0.99283
0.995353
1.00749
1.00359
0.999951
0.995195
0.994163
1.00073
0.99698
1.00665
1.00287
0.999601
0.997095
1.00567
1.00029
1.00592
1.00363
0.995121
0.999733
1.00522
1.0027
0.993625
0.999473
1.0015
0.99679
1.00361
1.00086
0.997171
1.00196
0.996204
0.995345
1.00144
1.00001
1.00888
1.00165
0.999467
1.00395
1.00388
0.997667
1.00298
1.00224
1.00187
1.00118
1.00457
0.997221
1.00131
0.999178
0.999327
0.995883
1.00096
1.00708
1.00079
1.00181
1.00036
0.997911
1.00377
1.00603
1.00161
0.997971
0.993796
1.00173
1.00022
0.997282
1.00161
1.00039
1.00168
1.00999
1.00072
0.999707
0.998866
1.00001
1.00471
1.00513
0.995085
0.999522
0.998917
1.00592
1.00358
0.997694
0.999509
0.998332
1.00546
0.99276
0.999718
0.998398
0.993736
0.99795
0.999723
0.997224
1.00148
1.00019
0.997396
1.00003
0.998357
0.996925
1.00119
1.00388
1.00183
0.998978
0.997281
0.999568
1.00528
0.997621
0.998471
0.995168
1.00289
0.996697
1.00121
1
1.00398
1.00339
0.995712
0.995515
1.00726
0.999845
1.00144
0.999594
0.997296
0.997115
1.00052
0.995466
1.00281
0.998756
1.00103
0.999607
0.998998
1.00502
1.00281
0.999698
1.00131
0.997472
0.999378
0.999578
0.998317
1.00305
0.993712
1.00321
0.999088
1.00107
0.997665
0.999827
0.993361
0.991545
1.0058
0.997141
1.00447
1.00107
1.00257
0.998309
0.999739
0.992015
1.0073
0.997569
1.00205
0.991209
0.996857
1.00256
0.999299
0.996736
1.0072
1.00051
0.99783
1.00274
0.998536
0.99973
1.00571
0.998514
1.00287
0.997683
0.995966
0.999413
1.00142
1.00352
0.99807
1.00118
0.997676
0.996562
1.00094
1.0004
0.996835
0.997388
0.999511
0.997702
0.99393
0.998385
1.00253
0.995603
0.999779
1.00518
1.00494
1.0058
1.0046
1.00345
0.999533
1.00298
1.0079
1.00473
1.00566
1.00305
0.993609
1.00162
0.997642
0.998055
0.999505
0.9965
0.996647
1.00246
0.998925
0.99651
1.00189
0.999054
0.992549
1.00429
1.0003
0.999161
1.00378
1.00197
0.998481
0.992553
1.00532
0.997837
0.995333
1.00192
0.996651
1.00116
1.00536
0.99493
1.00095
1.0058
0.995321
0.994915
1.00029
1.00593
1.0087
1.00213
0.993783
0.997138
0.997894
0.998851
1.00305
0.989322
0.995125
0.995803
0.998945
1.00033
0.99948
1.00016
0.998968
1.0025
1.00207
0.999754
0.995415
0.997923
1.00429
1.00024
1.00273
1.00286
0.995581
1.00301
1.00387
0.999555
0.993788
1.00246
0.99845
1.0009
0.996457
1.00189
1.00442
0.995097
0.992914
0.99911
0.998083
1.00132
0.994584
1.00476
0.987634
0.99498
1.00363
1.00272
0.992256
0.999962
0.998149
0.997389
0.994792
0.999048
1.00129
1.00053
0.99945
1.00114
0.997422
1.00003
1.002
0.997329
0.997761
0.999911
0.997343
0.99751
0.998438
1.00201
0.99798
1.00387
0.999587
1.00047
0.996711
0.999767
0.999766
1.00042
1.00002
1.00399
0.999447
1.00227
0.99637
1.00218
0.996729
1.00207
0.995898
1.00246
0.997593
0.999672
1.00023
1.00808
0.999114
1.00338
1.00664
1.00173
0.999528
1.00158
1.00056
0.996888
1.00076
1.00028
0.998483
0.998274
1.00566
1.00272
1.00137
1.00689
1.00179
0.995863
1.00409
1.00267
1.00361
1.00163
1.00038
1.00588
0.996538
0.997374
0.998531
0.998193
0.996226
1.00056
1.00099
1.00124
1.00427
0.996798
1.00111
0.99591
0.996514
1.00026
0.997568
0.997778
0.999684
0.997531
1.00695
0.999583
0.995816
0.995348
1.00267
1.00127
0.999065
1.00217
1.00112
0.996598
1.00214
0.998786
1.0003
1.0018
0.994895
1.00661
1.00344
0.989519
0.998092
1.00427
0.996359
0.99907
1.00468
1.00122
1.00591
0.99681
1.00008
1.00008
1.00454
0.996979
0.995286
0.99117
1.00172
0.998047
1.00228
1.00277
0.995043
1.0012
0.998982
1.00043
1.00342
1.00057
0.997141
0.997161
0.993159
1.00218
1.00255
1.00579
1.0041
0.998786
0.988609
0.999967
1.00119
1.00292
1.00505
1.00081
0.998913
1.00237
1.00408
1.00583
0.998128
0.997526
0.993601
1.00284
1.00039
1.00496
1.00181
1.00447
0.995756
1.00781
1.00091
1.00282
1.00515
0.998279
1.00305
0.998445
0.999694
0.997059
0.998725
0.997165
1.00112
1.00651
1.00105
0.999008
0.996174
1.00009
0.995435
1.00096
0.99856
1.00282
0.994656
0.997776
0.996478
0.997498
1.00162
0.999082
1.003
1.00112
0.995091
1.0043
1.00252
1.00428
0.997411
1.00186
0.998679
1.00309
0.997754
0.996209
1.00197
1.00434
1.00178
1.00275
0.997824
1.0056
1.00298
0.999307
1.00446
0.999263
1.00117
1.00167
1.00205
0.9993
0.998332
1.00541
1.00497
1.00109
1.00301
1.00115
0.997799
1.00381
0.988389
0.995955
1.00114
1.00357
0.99259
0.994695
0.997555
0.998809
1.0036
1.00033
0.993466
1.00368
1.00012
0.99777
0.991652
1.00066
0.999124
0.999043
0.999921
1.00464
1.00446
0.998243
0.998271
1.00022
1.00283
1.00046
0.992085
0.997496
0.993037
1.00388
1.00049
1.00343
0.992583
0.996295
1.00554
0.999028
0.999485
1.00004
0.999985
0.997544
1.00137
1.00342
1.00231
1.00082
0.996654
1.00106
1.00184
0.998188
0.99914
1.00029
1.00259
0.998944
1.0039
1.00347
1.0065
1.00256
1.0027
1.0038
1.00264
1.00417
1.00351
1.00189
0.997509
0.99553
1.00124
0.999922
0.993517
1.00166
1.00062
1.00656
1.0021
0.99688
0.996187
1.00004
0.998209
1.00758
0.996749
0.996396
0.999761
1.00314
0.991482
1.0004
1.00221
1.0036
1.00085
1.00153
0.998087
1.00538
0.996455
1.00112
0.999082
0.993633
0.996574
1.0018
0.997853
1.00347
1.00225
0.997126
0.998621
0.994506
0.99858
0.99769
1.00174
1.00197
0.998429
1.00404
1.00276
0.996376
1.00184
1.00661
1.00186
0.998264
0.997645
1.00031
1.0008
1.00431
1.00044
0.996828
0.999149
0.997432
1.00116
1.00188
1.00264
1.00352
1.00108
1.00655
1.00385
0.995647
0.998365
0.998511
1.00033
1.01145
0.999354
0.997654
1.00473
0.997227
1.00321
1.00259
0.997973
1.00193
1.00495
0.996068
1.00642
1.0017
1.00366
0.998731
0.997469
1.00176
1.00207
0.998493
0.996352
1.00169
1.00507
1.00116
1.00253
0.997279
1.00266
1.0012
0.995029
0.9993
1.0019
0.999877
0.998133
1.00812
1.0035
1.00081
1.00008
0.996644
0.996367
0.999703
1.00263
0.996129
0.997103
0.9988
1.00217
1.00345
0.998656
1.00032
1.00644
1.00693
1.00076
1.01013
0.996935
1.00077
0.995441
1.00333
0.99864
1.00708
1.00193
0.999753
0.997594
1.00449
1.00074
0.994597
0.998525
0.995803
1.00195
0.99941
0.996272
0.995704
1.00498
0.998898
1.00483
0.998546
0.997198
0.999495
1.00424
0.996821
0.995992
1.00558
0.997575
1.006
0.999042
1.00015
0.994322
1.00288
1.00106
1.00033
0.996535
0.997082
1.00066
0.9992
1.00265
1.00077
1.00156
1.0012
0.996769
1.00018
1.00512
0.995364
0.9952
0.998104
1.00205
0.99849
0.998643
0.999868
0.99945
1.00018
1.0023
1.00069
0.997932
0.99836
1.00158
1
1.00175
0.997484
0.996151
0.997478
0.99248
1.00414
1.00242
1.00106
1.00381
0.99891
0.998448
1.00422
1.00428
1.00591
1.00045
1.00176
1.00035
1.00259
1.00161
0.994053
1.00061
1.00462
0.995124
0.993893
0.997631
0.992998
1.00106
1.00507
0.998753
0.996641
0.999692
0.999966
1.01292
1.00105
0.999378
0.998725
0.998835
1.00047
1.00635
1.00053
1.00008
0.995053
1.00051
0.999385
1.00689
1.00184
1.00188
0.999851
0.998493
1.00003
1.00158
1.00148
1.0001
0.997217
0.992278
1.00057
1.00126
1.00226
0.999922
1.00027
0.998398
0.999247
1.00086
0.998164
0.999603
1.00771
1.00127
0.998986
1.00094
1.00279
0.997509
0.998157
1.00153
0.998758
1.00116
0.997357
1.00178
1.00048
1.00115
1.00159
1.00023
0.999925
1.00183
1.00334
1.00258
1.00191
0.996632
0.996549
0.995768
1.0007
0.996169
0.992281
0.993855
1.00344
1.00239
0.999476
1.00457
1.00424
1.00288
0.999566
1.00159
1.00397
1.00022
0.998933
1.0024
0.998342
1.00123
0.998741
0.994407
0.992154
0.9927
1.00335
0.99897
0.999542
0.99793
1.00186
0.997409
1.00289
0.998023
0.999821
0.992278
1.00324
0.990628
0.998262
1.0067
0.997196
0.999005
0.992023
1.00101
0.998343
1.00189
0.994521
1.00023
0.996808
0.997419
0.993517
1.00329
1.00221
1.00245
0.996272
0.993027
0.998145
0.999973
1.002
0.999488
0.998869
0.996773
0.998939
1.00165
0.991857
1.00224
0.997551
1.00335
0.990814
0.997805
0.994093
1.00054
0.997388
0.995124
0.994292
0.996562
0.996835
0.994152
0.999879
0.997447
0.999227
0.999213
1.00011
1.00215
0.995116
0.998685
1.00342
0.993752
1.00224
0.995102
0.996723
0.999293
0.999743
0.996198
1.0029
0.998689
0.9913
1.00298
0.998358
0.998466
1.00344
1.0027
0.998287
0.994004
0.999507
0.999776
0.997733
1.00812
1.00185
0.999334
0.993913
1.00001
0.997931
1.00375
1.00297
0.999491
1.00088
0.996528
0.99748
1.0059
1.00314
0.998083
1.00226
1.00394
0.999359
0.996937
0.999678
0.996616
0.996097
0.99499
1.00957
0.998596
0.999042
1.00671
1.00617
0.997465
1.00092
0.998945
0.994096
0.996662
0.997733
0.999334
1.00725
0.998885
1.00414
0.996601
0.997633
1.00274
1.00144
1.00286
1.00128
1.00117
0.998089
1.007
0.994932
0.997416
1.00703
0.999512
0.999971
0.99708
1.00089
0.996199
0.996612
0.999713
0.9983
1.01093
0.998242
0.993032
0.999169
1.00098
0.99693
1.00948
0.9982
1.00229
0.995387
0.996245
0.999085
1.00387
1.00537
1.00089
1.00422
1.00542
0.998278
0.99758
0.99891
1.00253
1.00303
1.00768
1.00162
1.00397
1.00016
1.00261
0.998675
0.997386
0.999164
1.00197
1.00065
1.00139
1.00562
0.996412
1.00457
0.999912
0.999517
1.00046
1.00199
0.994961
0.998257
0.99277
1.00435
1.00214
1.0029
0.997315
1.00143
1.00014
1.00404
0.998129
0.999052
1.00335
0.998169
1.00231
1.00422
0.995778
1.00134
0.998071
0.999445
0.995925
0.999045
0.995384
0.998142
0.997123
1.00351
0.996637
0.999428
1.0009
0.991171
0.998963
1.00053
0.997426
0.998237
1.00294
0.9973
0.990365
1.00629
1.00244
1.00199
1.00034
1.00259
0.993929
0.999762
0.991926
1.00156
0.999233
1.00134
1.00079
0.996428
0.998546
0.99885
0.998666
0.999291
0.995238
1.00142
0.992442
0.999186
1.00477
1.00299
1.00256
1.00487
0.99726
1.00423
0.999856
1.00533
0.999355
1.00375
1.00057
0.997159
0.998602
1.00086
0.994541
0.994347
1.00043
0.999051
1.0021
1.00375
1.00131
0.992454
1.00183
1.00267
0.995165
0.993365
1.00037
0.998351
1.00153
1.00289
1.00427
1.00004
1.00113
0.999563
1.00341
0.995091
0.998999
0.998681
0.999673
0.99502
0.996307
0.999934
1.00007
0.999748
1.00313
0.998181
1.00142
1.00111
1.0037
0.995448
0.999066
0.996125
1.00097
0.992847
1.00245
0.999493
0.998512
1.00289
0.997837
0.998469
0.998775
0.991158
0.999146
0.999937
1.00204
0.999179
1.0056
0.993686
0.998556
0.998313
1.0008
0.998733
1.00386
0.995649
1.00164
1.00516
0.999977
1.00207
1.00069
0.997277
1.0006
0.999761
0.998656
0.999909
0.990933
0.998666
1.00383
0.997798
0.99327
1.00313
0.996682
1.00233
1.00236
0.994444
1.00178
0.998578
1.00377
0.998549
1.00266
0.999248
1.00225
1.00612
1.00147
1.00033
1.00921
1.00236
0.998609
1.00148
0.995706
1.00527
1.0034
0.998578
1.00168
1.00477
0.999997
0.998112
1.00307
0.998812
0.998705
1.00095
1.00742
0.993153
0.999627
0.995813
1.00334
0.999627
0.999227
0.99958
0.997323
1.00168
1.00374
1.00407
1.00079
1.00293
1.00021
0.997876
0.999382
1.00128
0.999102
1.00293
1.00197
0.996659
0.996607
0.995019
1.00101
1.00313
1.00082
0.993622
0.993798
0.998208
1.00585
0.997626
0.999681
0.994515
0.998533
1.00248
0.999315
0.999258
0.998522
0.995941
1.00439
0.998414
0.997107
0.997267
1.00484
1.00031
1.00026
1.00339
0.999753
0.999074
0.994406
1.00072
1.00006
1.00266
0.997152
0.995422
1.00016
0.999656
1.00207
0.994605
1.00504
1.00215
0.998218
1.00013
1.0008
0.997138
1.00495
0.997686
0.998458
1.00493
1.00295
0.997337
1.00445
0.997238
0.999745
0.994962
1.00228
0.996101
0.998376
1.00341
0.999099
0.997848
1.00402
1.00024
1.00267
0.995942
0.997744
0.997577
0.99927
1.00078
0.994427
1.00228
0.999813
1.00233
0.999251
0.99552
1.00411
0.997421
1.0029
1.00722
0.999184
0.999542
1.00366
0.997659
0.999548
1.00549
1.00098
0.999019
0.995059
0.997682
1.0032
0.99378
1.00007
0.997999
0.999508
1.00513
0.998996
0.998026
0.999645
0.999621
0.997301
1.00066
1.00073
0.998467
0.997831
0.997018
1.00052
1.00543
0.999799
1.00081
0.997481
1.00024
1.00401
0.999325
0.998829
0.99897
0.999849
0.997647
1.00332
0.997783
1.00277
1.0061
0.998382
0.998304
0.99787
0.99423
0.998442
1.00122
0.997283
0.999096
0.99773
1.00448
0.99743
0.999281
0.996667
0.997739
1.00041
1.00175
1.00054
1.00068
0.999226
1.00389
0.996356
0.999841
1.00461
1.00283
0.998815
1.00054
0.997335
0.99913
1.00505
1.0005
1.00063
0.997518
1.00414
0.999389
1.00327
1.00525
1.00431
0.999414
1.00183
0.997605
1.00051
0.999906
1.00204
0.998302
0.998124
0.997953
1.00097
0.995758
0.999816
0.996541
0.998408
1.00117
0.998101
0.993278
0.995257
1.00303
0.995202
0.997992
0.996853
0.998502
1.0031
1.00227
0.998434
0.999488
1.00098
1.00189
1.00012
0.997773
0.99677
0.997618
1.00026
0.996337
0.997184
1.00449
1.0023
1.00327
1.00057
0.996431
0.9925
0.997431
1.00027
0.996968
1.00048
1.0022
0.99966
0.993028
1.0028
1.00222
1.00105
1.0039
0.995827
1.00211
0.994734
1.00076
0.999701
0.996456
1.00022
1.00635
0.997575
0.99798
0.998734
1.0034
1.00753
1.00578
1.00856
0.99772
0.999274
1.0017
1.00329
1.00105
1.00104
1.00382
0.999518
1.00101
1.0012
0.997406
1.00679
1.00256
1.00171
1.00022
1.00242
0.998138
1.00006
1.00084
1.00134
0.999085
0.99899
0.994411
1.00204
0.997643
1.00258
1.00257
1.00363
1.00101
0.997765
1.00251
1.00318
0.99528
1.00376
1.00221
0.999034
0.99872
0.991819
0.998718
1.0019
1.00565
0.997999
1.00182
1.0007
0.993904
1.00004
0.999249
0.995494
1.00221
0.997579
0.997517
0.998232
0.997428
0.993005
1.00134
1.00091
1.00036
0.996489
1.00015
0.996592
1.00337
0.997555
0.997158
0.998604
0.998942
1.00497
1.00015
0.994573
0.995618
1.00114
1.00351
1.00181
1.0008
0.991801
0.998353
0.995474
1.00484
1.00129
0.997885
0.999245
0.998843
1.00522
1.00116
1.00359
0.996692
0.995773
0.995549
0.999481
0.997796
1.00506
0.995285
0.999598
1.00149
1.00091
0.997321
1.00056
1.00364
0.999145
1.00055
0.997445
0.995694
1.00441
1.00149
1.00369
1.00248
0.9935
1.00075
1.00201
1.01115
1.00234
0.994814
1.00334
1.0013
0.996058
1.00068
0.999465
1.00549
1.00299
0.999325
0.996199
0.998003
0.999662
0.998101
1.00001
0.999848
0.997672
1.00053
0.998715
1.00316
1.00247
0.997068
1.00098
1.00076
0.998952
0.996507
1.00346
0.998541
0.996743
1.00272
1.00354
1.00231
1.00405
1.00151
0.997338
0.999017
0.997724
0.998464
1.00311
1.00063
1.00293
1.00019
1.00458
1.00811
0.998028
0.998534
0.999869
1.00226
1.0005
1.0055
0.994706
0.997054
1.00064
0.997938
0.999047
1.0026
0.997999
1.0015
1.00209
1.00171
0.99987
0.999398
0.994953
1.00207
0.996445
1.00152
1.00282
0.996331
0.994429
1.00335
1.00096
1.0014
1.00047
1.00345
0.999194
0.994398
1.00167
1.0009
1.00076
1.00338
1.00809
1.00197
0.995353
1.00194
0.992968
0.995025
0.998497
1.00602
0.998739
1.00073
0.99739
0.99341
0.999035
0.99462
1.00024
0.99476
1.00284
1.00075
1.00525
1.00442
1.00309
0.995435
0.99809
0.998222
1.00048
1.00109
1.00289
0.997114
1.00221
0.994412
1.00427
1.00687
0.998238
0.999554
1.00971
0.996712
1.00806
1.00515
0.999995
1.00203
0.997432
1.00239
0.998322
0.995606
1.0059
0.997094
0.996557
0.996787
0.996154
0.996776
1.00731
0.996267
0.999789
1.00123
0.995753
0.999748
1.00397
0.997509
1.00746
0.995621
0.99772
1.00001
1.00355
1.00348
1.00526
0.999517
1.00314
1.00068
1.00158
1.00624
1.0052
0.993726
1.00006
1.00584
1.01021
1.004
1.00492
1.00339
1.00138
1.0017
1.00144
1.00169
0.997854
0.999698
1.00021
1.00811
1.00054
0.997587
0.999474
0.998699
0.998483
0.997807
0.998872
0.996448
1.00427
1.0024
0.999434
0.998966
1.00571
0.996279
1.00099
0.999268
1.00447
0.998697
1.00659
1.00149
0.998138
1.00316
0.997354
0.997078
0.997208
1.00396
0.99497
0.998046
0.996214
1.00158
1.00168
1.00098
0.997549
1.00014
0.995182
0.99384
1.01123
0.998522
0.999399
0.996557
0.99967
0.999199
1.00462
1.00018
0.999784
1.00102
1.00304
1.00172
1.00326
0.996374
1.00345
0.992977
0.998311
0.996888
1.00607
1.00341
0.998777
0.992011
0.999171
0.999792
1.00868
1.00365
1.00295
0.998797
1.00391
0.999573
1.00451
1.00143
0.992982
1.00247
1.00181
0.994972
0.996733
1.00047
1.00017
1.0037
0.999484
1.00079
0.995359
1.00363
0.994954
0.996036
0.999966
0.994782
1.0016
0.992919
1.00048
1.00119
0.994285
0.998797
0.998486
1.00318
0.997663
1.00022
0.994388
0.997132
0.995351
1.00141
1.00739
0.997816
1.00167
0.999723
0.9989
0.999793
1.00178
1.00074
1.00276
1.00059
0.998595
0.995473
1.0042
1.00474
0.993019
1.00017
1.00072
0.998399
1.00008
0.996828
0.999899
1.00035
1.00197
1.00054
1.00036
1.00531
1.00186
0.999868
1.00067
0.999328
1.00284
0.996802
0.997564
1.00187
1.00241
0.999843
0.999515
0.992434
1.00134
1.00413
0.998582
1.0011
0.998186
0.997158
0.997556
0.999834
1.00531
1.00643
0.997943
0.995046
1.00064
1.00309
1.00412
0.996332
0.999029
0.992932
1.0044
0.991467
0.992047
0.992993
0.998492
1.00157
0.994349
0.999194
0.999684
0.99919
0.997247
0.999472
1.00262
1.00021
1.0008
0.998866
0.998133
0.997054
1.00145
0.999741
0.993599
0.99664
1.00084
1.002
1.00226
1.00643
1.00195
0.997942
0.995833
1.00272
0.999078
1.00728
1.00555
0.998526
1.00364
1.0072
0.995092
0.999466
1.00397
1.00335
1.00096
1.00047
0.993246
0.993495
0.9964
0.997276
1.00077
0.999666
1.00211
0.996646
1.00253
0.998248
1.00158
1.00186
1.00192
0.997276
1.00205
0.997684
1.00492
0.999968
1.00768
0.993666
1.0029
1.00035
0.997861
1.00157
1.00117
1.00094
0.997932
1.0022
0.996222
1.00002
1.00301
1.00324
0.999706
1.00196
0.999194
1.00059
0.996843
1.0003
0.997619
1.00557
1.00059
0.999409
0.999272
0.997796
1.00312
0.997092
0.995742
0.997251
0.991203
0.994289
1.00151
1.00419
1.00308
1.00413
0.997776
0.996469
0.99671
1.00301
0.998069
1.00348
0.996397
0.992857
0.996481
0.996091
0.996351
0.999743
1.00016
0.998954
0.99985
1.00312
0.998323
0.991294
0.996192
1.0039
0.997828
0.990582
0.999243
1.00108
0.995303
1.00381
0.9942
1.00146
1.00164
0.995859
0.997252
0.995478
0.997628
1.00285
1.00149
1.00325
1.00661
0.994836
1.00171
0.99469
0.99942
1.00097
1.00085
1.00172
1.00317
0.998389
0.997588
1.0035
0.999818
0.99556
1.00631
1.00016
0.998983
1.00387
0.999678
0.99897
1.00381
0.992742
1.00526
1.00051
1.00499
0.996645
0.995417
0.993326
0.996
0.99805
1.00351
1.00133
0.997098
0.994737
1.00347
0.992019
0.997458
0.997384
1.00183
1.00396
1.00751
0.997884
0.996224
1.00642
0.996832
1.00197
1.01015
1.00076
0.991842
0.998778
1.00189
1.00077
0.998305
1.00083
1.00126
0.998789
0.998956
1.00232
0.9978
0.999136
0.999105
1.00264
0.99583
1.00395
1.00042
0.995125
0.996307
1.00247
1.00351
0.99613
1.00095
0.995945
1.00247
0.996909
1.00225
0.994693
0.994531
1.00296
0.997091
1.00471
0.999297
0.997807
0.995298
1.00095
0.995538
1.00224
1.00223
1.00558
0.997267
0.997329
0.998254
0.995225
0.998037
1.00427
1.00069
1.00147
0.998943
1.00173
0.997692
1.0095
0.995453
0.997622
0.99776
0.998059
0.99711
1.00057
0.996016
0.998605
0.996524
0.998673
1.00587
1.00009
0.998644
0.997447
0.994433
0.990639
0.99898
0.99561
0.997659
0.999787
1.00199
1.00034
0.995403
1.00568
1.00469
1.00319
0.999687
0.999963
1.00258
0.999386
0.995733
1.00497
1.00377
0.999878
1.00077
1.00614
0.993237
0.995523
1.00127
0.997839
1.00157
1.00573
0.995493
1.00255
1.00267
0.994717
1.00316
0.998714
0.997871
1.00018
0.9999
0.999066
0.996065
1.00037
1.00216
0.99832
0.998531
0.996141
0.998882
1.00214
1.00047
1.00054
0.997829
1.0019
1.00287
0.997682
0.997632
0.99977
0.999229
1.00133
1.00477
0.998272
0.999834
0.994474
0.999134
0.996603
0.999084
0.999361
1.00425
1.00356
1.0001
1.00138
0.998551
1.0018
1.00177
1.00283
0.991323
0.993564
0.999985
1.0013
0.999143
1.00134
0.994216
1.00178
1.00351
1.00295
0.993961
0.998988
0.99988
0.99675
0.9975
0.998322
1.00842
0.998824
1.00105
1.00091
0.995546
0.996919
0.994681
0.999972
0.997014
1.00131
0.998098
1.00029
0.989699
1.00249
0.993551
1.00058
1.0062
1.0041
0.997964
0.999751
1.00313
0.999218
0.999521
1.00173
0.993709
1.00097
1.00292
0.998624
1.00006
0.997008
0.994933
0.992468
1.00187
0.999605
1.00567
1.00267
0.998342
1.00368
0.998096
1.00668
1.00321
1.00716
0.99682
1.00039
1.00508
0.998963
1.00268
1.00407
1.00541
0.995246
0.997098
1.00322
0.999645
1.00281
0.997607
1.00017
0.998892
0.996226
1.00195
0.993517
0.997532
1.00334
0.995194
1.00102
1.00067
1.00274
1.00125
0.994614
1.00233
1.00458
1.001
1.00172
0.996382
0.996356
0.999224
0.998486
1.00346
1.00151
0.999039
0.994405
0.993828
0.999404
1.00335
1.00132
1.00126
1.00182
1.0019
0.998792
1.00029
1.00176
0.996732
1.00193
1.00355
0.995245
1.00272
1.00747
0.998259
1.00519
0.99864
0.99487
0.999966
1.0006
0.99836
1.00222
1.00612
1.0055
1.00327
1.00596
0.998924
0.998579
1.00262
1.00274
1.00238
0.996937
1.00212
0.997589
1.00117
0.997655
1.0029
0.999777
1.00163
1.00055
0.998985
0.999096
0.99434
0.999225
1.00626
0.9954
1.00348
0.997553
0.999099
1.00272
1.00172
0.997319
1.00279
0.996115
1.00031
0.99919
1.00274
1.00634
0.997812
1.00632
0.996667
0.999733
0.995129
1.0002
0.998536
0.999609
1.00108
1.00197
1.00163
0.995558
0.998292
1.00563
1.00606
0.996681
1.00695
0.993354
1.00156
1.00071
0.999346
1.00347
1.00155
1.00241
0.999785
1.00211
0.998305
0.993887
1.00382
1.00502
0.996143
0.99949
0.995742
1.00347
1.00053
1.00448
1.00054
0.998908
0.996938
1.00071
0.998657
0.996843
1.00309
1.00325
0.998165
1.00118
0.995572
0.995097
1.00173
1.00163
0.993992
1.00349
1.00825
0.997861
1.00374
0.999472
0.996767
1.00496
0.999096
0.997557
1.00005
0.999247
0.994204
1.00638
0.997403
0.995222
1.00257
0.988937
0.997859
1.00416
0.996289
0.995861
0.997939
0.997586
1.00269
1.00313
1.00312
0.999864
1.00075
0.989922
1.00193
1.00185
1.00742
1.00385
0.999981
0.997699
1.00348
0.999724
0.995744
0.995619
0.998596
1.00532
0.996003
0.995461
0.994366
0.998584
1.00392
0.989855
0.999286
1.00031
0.996262
0.996378
1.00024
0.996339
1.00416
0.997291
1.00442
1.00125
0.99691
0.997821
1.0037
0.997991
0.997871
1.00453
1.0001
0.996267
1.00383
0.996831
0.994215
1.0081
0.996902
1.00472
1.00097
1.00204
1.00508
1.00479
0.995133
1.00523
1.00004
1.00771
0.998271
0.998863
1.00688
1.00068
0.997944
1.00217
0.998187
0.998541
1.00054
0.998615
0.994947
0.995255
1.00312
1.00112
0.999445
0.996531
0.997839
0.997051
0.998146
0.994278
0.994798
1.00101
0.996374
0.998753
0.994868
1.00697
0.99989
0.99774
1.00116
0.996587
1.00471
1.00346
0.995256
1.00578
1.00683
0.998738
0.99941
1.00224
0.997897
0.992739
1.00347
1.00005
1.00484
0.999992
1.00497
1.00027
1.00112
0.999793
0.994944
0.997687
0.996781
1.00161
0.999678
1.00374
0.99317
1.00184
1.00575
1.00579
0.997631
1.00209
0.996846
0.996475
1.00353
1.00059
1.00006
0.993735
0.994974
0.993645
1.00264
1.00211
0.99075
0.998756
0.999381
0.994426
1.00294
1.00075
0.993958
1.00654
0.996857
0.999956
1.00784
1.00404
0.996955
1.00792
1.00044
0.997983
0.999631
1.00112
1.00608
1.00122
1.00825
0.995212
0.993999
1.00226
1.00132
0.99204
1.00413
0.99704
0.99809
0.993035
1.00363
0.99655
0.998849
0.997081
1.00489
1.0016
0.997517
1.00325
1.00254
0.996403
0.999158
1.00005
1.00054
1.00106
0.997765
0.999254
0.997663
0.990323
0.998766
0.993489
0.99705
1.00344
0.997077
0.996306
0.999832
0.99579
0.999624
1.00113
0.999662
0.994995
1.00474
0.995471
1.0015
0.994633
1.00136
1.00111
1.00115
1.00387
0.999943
0.998386
0.999688
1.0034
0.994578
1.00294
1.00143
1.00215
0.996616
1.00446
1.00231
1.00035
0.999925
0.998186
0.999155
0.999175
1.00021
1.00835
1.00585
0.999246
0.999057
0.997503
1.00243
0.99678
0.998888
0.998856
1.00584
0.993476
0.998744
0.997153
0.997582
0.999298
0.996746
0.996426
1.00542
0.999639
1.00214
0.998401
0.99927
0.998559
1.00131
1.00362
0.997017
1.00333
0.989814
1.00154
0.995634
1.00024
0.995576
0.997673
0.999199
0.999614
1.00345
0.996909
0.997042
1.00543
0.996299
1.00181
0.993299
1.00192
1.00198
1.00074
1.00293
1.00829
1.00347
0.993639
1.00688
0.998317
1.00019
1.00368
1.00791
1.0014
1.00298
0.995792
0.998906
1.00373
1.00988
1.00369
0.999509
0.993172
1.00249
1.00249
0.994541
0.997099
1.00027
1.00217
0.995563
0.999006
1.00303
0.99908
1.00055
1.00412
0.997587
1.00343
1.00282
0.994289
0.998929
0.997274
0.995784
1.00111
0.999453
0.999374
1.00249
1.00079
0.998897
1.0031
1.00128
0.999259
0.995611
0.998706
1.00264
0.995675
0.997464
1.00005
0.992797
1.00322
1.00241
1.00113
0.994963
0.995532
0.998202
0.999145
1.00494
1.00568
0.994978
1.0009
0.997243
1.00052
1.00719
1.00096
1.00438
0.998308
1.00635
1.00248
1.0065
0.998668
0.998274
0.997547
1.00772
1.00032
0.995015
0.999053
1.0048
1.00513
1.00042
1.00048
1.00076
1.0013
1.00124
1.00817
0.99566
0.997151
0.996948
0.996961
1.00442
0.999504
1.00225
0.999107
0.99721
1.00002
0.997636
1.00717
0.996171
1.00132
1.00363
1.00092
0.996241
1.0023
0.999392
1.00033
0.999075
1.00648
0.999962
1.00241
1.00335
1.00098
0.994942
1.00058
0.998462
0.999419
1.0055
0.992501
0.993875
1.00037
1.00136
1.00364
1.0013
0.992902
1.00202
0.998823
0.999238
1.00427
1.00066
0.99765
0.997591
0.996185
0.997558
0.999016
1.00458
1.00185
1.00709
1.00067
0.995504
0.996841
0.999029
1.00139
1.00137
1.00748
0.999763
0.994919
0.999611
1.00528
0.997366
1.00102
0.999982
0.998999
1.00508
0.999508
0.998299
1.00472
1.00162
1.00114
1.01106
0.994656
0.996387
1.00482
0.991575
1.00599
1.00004
0.999304
0.995107
1.00159
1.00005
1.00673
0.999014
0.999342
0.9997
1.00137
1.00424
0.997585
1.00311
0.992065
0.999035
1.00097
1.00367
0.999836
1.004
1.00031
1.00476
1.00274
1.00103
0.99756
1.0014
0.999142
0.99925
0.999701
1.00346
0.998181
0.999687
1.00479
0.998774
1.00006
1.00367
1.001
1.00205
1.00204
0.99868
0.997439
1.00137
1.00354
1.00389
0.99971
1.00192
0.996055
0.991211
0.999163
1.00078
1.00167
0.999312
0.994938
0.997953
0.994868
0.998963
1.00092
0.998816
1.00545
1.00063
0.997885
0.998038
1.00246
1.00231
1.00042
1.0036
0.996207
1.00344
0.998496
1.00421
0.992941
0.997237
1.00002
1.00657
1.00144
0.99985
0.992807
1.00182
0.999661
1.00183
0.997661
1.00111
1.00555
1.00216
1.00198
0.998824
1.00371
1.00771
0.996405
1.00119
1.00181
0.995566
1.00539
1.00205
0.998901
0.996524
0.999728
0.996495
1.00202
1.00078
1.00058
0.999481
1.0032
1.00593
1.00469
0.998477
0.99905
0.996556
1.0023
1.0019
0.99859
1.00387
0.998119
1.00047
0.996568
1.00672
1.00293
1.00477
0.992156
0.996893
1.00166
0.998272
1.00421
0.998355
0.994832
1.00187
1.00659
0.999862
1.00086
0.994373
1.00043
0.99943
1.00336
1.00736
0.9918
0.993226
0.997807
0.998503
0.999749
1.00172
0.995112
1.00108
0.994982
1.00232
1.00522
0.999689
0.992749
1.00182
1.00292
0.998748
1.00073
0.995695
0.994822
0.998708
0.999466
1.00418
1.00028
1.00843
0.994541
1.00018
0.997003
0.998542
1.00467
0.99437
0.996291
0.997354
0.996359
1.00167
0.994498
0.998471
0.998564
1.00135
0.99958
1.00547
0.998459
0.996021
1.00372
0.998298
0.99879
0.998185
1.00397
0.997315
1.00263
0.996478
0.997745
1.00761
1.00055
0.998611
1.00012
0.999457
1.00269
1.00247
1.00219
0.996891
1.00232
1.00165
0.997326
0.999261
0.997449
0.99933
1.00065
0.998765
0.996824
1.00207
0.996849
0.999829
1.00319
1.00575
1.00523
1.0038
1.00296
1.00124
0.997071
1.00471
0.998347
0.998975
0.999946
1.00141
0.996046
0.995175
1.00021
1.00081
0.999894
1.002
0.995408
1.00277
1.00171
0.999906
0.99719
1.00692
1.00164
0.999542
1.00375
1.00174
0.998898
0.998043
1.00001
1.00023
1.00163
1.00562
0.999094
0.994132
1.00423
1.00268
1.00285
1.00616
1.0054
0.999693
1.00055
1.00532
0.999735
1.00159
0.99468
1.00218
0.998015
0.998724
1.00369
1.00069
1.00061
1.00001
0.996344
0.994385
1.00114
0.9984
1.00808
1.0006
0.997113
1.00243
0.999543
0.997763
1.00417
1.00019
1.00243
0.998655
0.997996
0.989271
0.997458
0.999647
0.999469
1.0049
1.00358
0.999297
0.99704
0.992913
1.0023
1.01157
0.996812
0.996221
0.996878
0.996985
0.993473
1.0051
0.995092
0.993481
0.996643
0.997398
0.992656
0.998324
0.994873
0.995256
1.00045
0.992448
0.99564
0.995152
1.00094
0.999048
1.00195
0.996962
1.00083
0.995676
1.00207
0.991669
0.995513
1.00196
1.00032
0.992708
1.00264
1.00094
0.999249
0.993043
0.993038
0.994212
0.992283
0.999845
1.00279
0.994322
1.00076
0.99522
0.997974
0.993135
1.0016
1.00289
1.00192
1.00253
1.0027
1.00327
0.999179
0.999516
1.0004
1.0093
0.998109
0.990809
0.997706
0.995818
0.997647
1.00159
1.00008
0.99406
1.00551
0.999384
1.00666
0.997931
0.996889
0.996528
1.00383
0.999761
1.00043
0.996471
1.001
1.00735
1.00541
0.99845
0.995993
0.99872
1.00145
0.999272
1.0063
1.004
1.00338
1.00036
1.00125
1.0017
1.00151
1.00056
0.992299
0.99779
0.99966
1.00004
1.00296
0.997252
0.996383
0.999741
0.999225
0.997587
1.00191
0.999024
0.996168
0.99347
0.996615
0.996082
0.998363
1.00655
1.00356
0.995979
0.996615
1.00023
1.00314
0.997893
1.00098
0.996932
0.999438
0.997006
0.999523
0.995715
1.00013
0.996177
1.00001
0.999457
0.994505
0.999988
0.99869
1.00016
0.997202
0.998747
0.9963
1.00545
0.999241
1.00108
0.999736
1.00164
0.997573
1.00322
1.00086
1.00414
1.00173
0.998367
1.00353
1.0056
0.99733
1.00306
0.996135
0.995835
0.994665
0.999957
0.997803
1.00141
1.00057
1.00094
0.995507
1.00017
0.999593
0.998677
0.995233
1.00057
0.996115
1.00054
1.0008
0.995876
1.00436
1.00478
0.996999
1.00503
1.00353
0.995753
1.0006
1.00327
0.995085
1.00379
0.996241
0.995904
1.00243
0.997684
0.995402
1.00259
1.00274
0.999415
0.996008
0.995442
1.00531
0.997852
0.999565
1.00331
0.995713
1.00228
0.997863
