1.02657
0.958596
1.01157
0.967009
0.997504
0.9708
0.97214
0.995099
1.0487
0.968553
1.02689
1.03055
1.03933
0.994881
0.99842
0.974785
0.992757
0.974423
1.00295
0.992993
0.941248
1.01714
1.01906
1.0232
0.936038
1.01231
1.01575
0.999815
0.9826
0.982653
1.03324
0.9534
1.01099
0.987335
0.962062
0.994345
1.04257
0.984591
0.963903
1.01493
1.01132
0.990097
1.00018
1.07231
1.00541
0.979759
0.986632
0.939933
0.973728
1.02806
1.02754
1.00639
1.03171
0.93473
1.02294
1.06071
0.998771
1.03293
0.983536
1.03074
1.03541
1.01151
1.00754
0.985123
0.989775
1.01114
0.945453
0.987727
1.01663
1.04026
0.986144
1.01524
0.965985
1.05613
1.03959
0.995142
0.963821
0.991278
1.02216
1.03564
1.00881
1.02765
0.961917
0.975979
1.00244
1.00305
0.983483
0.991842
1.03651
1.04061
1.01147
0.998498
1.00326
0.977111
0.997311
1.01638
0.983783
0.98698
1.00327
1.01691
0.993004
1.02379
0.977055
1.04174
1.01691
1.00839
0.96669
1.00578
0.996871
1.02708
1.00213
0.995688
1.01077
1.00724
0.971318
0.973362
0.966262
0.991623
1.04836
1.00357
0.969159
0.991571
1.03873
1.00254
0.979625
1.03653
0.981921
0.986286
1.02704
1.0303
0.968553
1.01657
0.936406
0.991764
1.02087
0.974523
1.02059
0.971032
0.997142
1.01684
1.02041
0.965395
1.00052
0.995198
0.990935
0.973373
1.00015
1.03737
0.998512
1.01243
0.983835
1.02258
1.03702
0.9982
0.995397
0.945631
0.967955
1.0206
1.0333
1.0399
1.02125
1.00359
1.04855
0.957194
0.982846
1.01423
0.992955
1.02862
1.03475
1.00708
0.969562
0.989891
1.00251
0.995059
0.946794
1.00651
1.03417
1.01142
0.968987
1.02924
1.03713
1.01284
0.951692
0.999742
0.966995
0.994218
1.02953
0.95571
1.01071
0.989234
0.998648
0.932639
1.00652
0.949557
1.00479
1.00827
1.02179
1.00451
1.01196
1.04154
0.993493
0.990295
0.994204
0.998512
0.954696
0.984797
0.995451
1.02589
0.976077
0.994694
0.989969
0.994775
0.957391
0.99527
1.02454
0.96663
1.01215
1.01621
1.03858
1.01545
1.0016
1.01417
1.02011
1.0074
0.972247
1.00538
0.976503
0.987634
0.999502
1.0222
1.00037
1.04106
0.956755
0.980288
0.993715
1.04122
1.00211
0.992674
1.00015
1.03706
1.01459
0.997672
1.00031
0.994754
1.05812
1.01122
1.01114
1.01283
1.02487
0.99642
1.05174
0.991709
1.00264
1.02558
0.953689
0.997359
0.994247
0.98611
1.03772
0.997042
1.00935
1.0041
1.01356
0.978242
0.997477
1.01506
0.987222
1.00259
0.961638
0.998882
1.01869
1.00896
0.986989
0.988235
1.03049
1.00286
1.01701
0.990649
0.961364
0.979767
0.96221
0.98344
0.994123
0.956371
1.00771
0.990319
0.989419
0.988424
1.01298
1.01031
0.978417
0.966212
0.987255
0.984553
1.03021
0.984993
0.966786
0.984193
0.986835
1.02827
0.959943
1.03972
0.999289
0.999809
1.05048
0.966849
0.993011
1.02134
0.970873
1.01824
0.976388
0.978336
1.04319
0.952501
1.0421
1.02106
0.979654
1.02802
1.03567
1.02269
0.969744
0.961516
0.964051
0.999484
0.994013
1.00871
1.00094
0.966275
1.02818
1.0075
1.00197
1.02475
0.995215
1.02092
0.973106
0.993963
1.02259
0.999259
1.03124
1.01089
1.01112
0.964409
0.974237
1.07068
1.02406
0.970673
0.979205
0.972213
1.00863
1.04662
0.986768
1.04068
1.01768
0.999722
0.990396
1.02487
1.00293
0.961979
0.996033
0.999178
0.956516
0.999971
0.966672
1.00165
1.00126
1.01991
1.00406
0.955424
0.996588
1.00747
1.03095
1.05496
0.969855
1.03165
0.98887
1.03925
1.00765
0.979081
1.01213
1.00529
1.02022
0.977581
0.993542
0.998359
0.987517
1.00273
0.992231
0.979813
1.00519
0.974755
0.977249
0.985186
0.978035
0.97744
0.996379
0.987958
1.01818
1.00865
1.01852
0.98464
0.979112
0.999918
1.00734
0.968159
0.996222
0.996825
1.00211
0.989758
0.982401
1.00727
1.03379
1.00635
1.03002
0.988259
1.0458
1.01053
1.02174
1.02948
0.963383
0.980147
0.964548
1.03209
1.00774
0.983483
1.00434
0.996175
0.995473
1.00195
0.994164
1.03535
0.972327
1.02398
0.985395
1.01194
0.986408
1.01281
0.920831
0.961698
1.03466
0.934959
1.01355
0.975997
0.987476
0.953506
0.975035
0.995959
1.01176
0.993393
1.00531
1.01181
0.976985
0.991447
0.970759
1.02067
0.944412
0.993858
1.01258
0.988638
0.99071
1.00047
0.985516
1.05008
1.00958
1.01434
0.939805
1.01092
1.01494
0.954468
1.00503
1.02574
1.01014
1.02214
1.02942
1.04125
1.00792
0.990704
0.98045
0.994161
1.00765
1.02968
1.00835
1.05481
1.02522
0.974229
1.0022
1.00773
0.968662
1.03344
1.00593
0.989232
0.97762
0.9831
1.0089
1.0098
1.00634
1.04932
1.0186
1.00229
1.00754
0.996457
0.988042
0.997401
0.975394
1.00275
1.00512
1.01433
0.980617
1.03092
1.0396
1.03522
0.992612
1.0084
1.03309
1.08709
1.03043
0.97518
0.973083
1.03205
1.07331
1.02377
0.996891
1.03228
1.01003
0.978401
1.01145
0.990389
0.98045
0.998675
0.993537
1.0034
1.02198
0.99535
0.970516
0.993229
1.00269
1.01683
1.01489
1.02555
1.04474
0.998493
0.971724
1.00711
1.02748
0.983155
0.99598
1.02024
0.982015
0.96407
1.02622
1.01322
1.0334
1.06307
0.96424
0.9972
1.02569
1.00484
0.982099
1.01891
1.02586
1.0036
1.01171
1.02533
1.02683
1.01461
1.0125
0.993643
0.931537
1.00324
1.00817
1.01412
0.975038
1.02414
1.03651
0.975439
0.970062
1.00788
0.989231
1.03025
1.02083
1.00683
0.992167
0.990357
1.03242
0.998342
0.994661
1.01918
0.983792
0.970596
0.969877
0.988333
1.019
0.977916
1.01101
0.995494
1.09089
1.01254
1.02098
0.984089
0.959163
1.03374
0.989022
0.99846
1.05521
0.987209
0.944649
0.937587
0.9742
1.00245
0.982304
0.965143
0.997371
1.03786
1.0009
1.02851
0.983808
0.977816
0.994188
0.997949
1.00922
0.990091
0.98525
1.03699
1.00669
0.981449
0.97223
1.01574
0.983183
1.01113
0.994949
1.04476
0.99163
1.01671
1.0139
1.01338
1.00488
0.962877
1.01232
1.00799
0.977839
0.946966
0.949346
0.99861
0.939198
0.991976
1.05427
0.98887
1.04473
1.00788
1.01257
1.06239
0.959252
1.00101
1.00383
0.92517
0.991617
0.950015
1.02043
1.02572
0.975071
1.00629
0.972765
1.03109
1.03527
1.00307
1.00106
0.986613
1.01167
1.00875
1.0112
0.97777
1.01082
1.02944
0.983538
1.00354
1.07393
0.949783
1.06288
0.976908
0.985405
0.984802
1.03202
1.01836
1.0176
1.01928
1.01888
1.00884
1.01701
0.98422
0.952519
1.02203
1.02485
1.04472
1.0069
0.998961
1.01227
0.980805
0.995597
0.971569
1.02589
0.982712
0.979451
0.963941
0.960928
0.970664
1.02966
1.01263
0.998365
1.00795
1.00206
0.9856
1.03246
1.01957
1.04127
0.979061
1.03175
1.05346
0.974999
1.01546
0.94706
1.02425
0.955908
1.02237
1.00187
1.03791
1.01183
0.957966
1.01615
0.978174
1.01662
0.989572
0.997104
1.03277
1.00751
0.99966
0.985954
0.985821
0.978064
0.975691
1.02109
0.986717
1.02669
1.00008
1.00636
0.980822
1.0241
0.957763
0.958285
0.967848
0.988931
1.02667
1.02746
0.96806
0.971506
0.948258
0.9966
0.997845
0.992119
1.03757
1.00145
0.980322
1.04287
0.983775
1.01971
1.00627
1.00666
0.99516
0.976116
0.997465
0.985112
0.96507
0.950199
0.956085
1.01636
1.01977
1.03112
1.00134
0.981127
0.97789
1.0035
0.978429
0.973497
1.00115
0.979375
1.00304
1.00336
1.02591
1.00555
0.9646
1.03935
1.01644
1.02825
1.03307
0.980015
0.996182
1.01421
0.970713
0.985474
0.977947
1.03414
0.991711
0.987496
0.982659
1.0167
1.02077
1.04159
1.03061
1.00892
1.02066
1.0412
1.00046
1.00249
1.01395
0.999862
1.01177
1.0002
1.00366
0.985919
0.966674
0.981241
1.01003
0.93872
1.00554
0.964284
0.999258
0.913941
0.985214
1.0081
0.995016
1.04928
1.00649
0.950823
1.04241
0.99541
0.946688
0.983169
0.993934
1.0171
1.01463
1.04442
0.996976
1.0035
1.01503
0.984231
0.975414
1.02521
0.956708
0.965047
1.00487
1.02095
0.999124
0.988739
0.997979
0.97898
0.963338
1.04405
1.0143
1.01188
0.946466
0.983583
0.972188
0.972738
0.961282
0.994115
0.98276
1.0061
0.991051
0.981226
0.99589
1.01309
1.02041
0.982255
1.0367
0.979991
0.992411
1.00725
1.04631
0.974226
0.987293
1.03917
0.997043
1.00658
1.01923
0.982806
1.00653
0.998336
0.996003
0.999505
1.0095
1.01605
1.01704
1.00412
0.927793
0.99178
0.995878
0.99769
1.00804
0.988468
1.03383
1.00102
1.00902
1.01526
1.06243
1.01449
1.00009
1.0039
1.01906
0.957028
1.0357
1.00145
0.977293
1.0115
1.00981
1.00443
0.978256
1.02167
0.971481
0.992579
1.02275
1.00164
0.985645
1.01477
0.998689
0.990363
0.996232
1.0129
1.06436
0.993073
0.983294
1.01495
0.978604
1.01069
1.00999
1.01672
0.986675
0.984872
0.998975
1.03847
1.00338
1.00462
0.979943
1.02892
0.975791
1.01326
0.97286
1.02756
0.983405
1.02212
0.980977
0.978843
0.989596
1.05124
1.00644
1.01724
0.980285
0.982636
0.984813
0.983381
0.989683
1.02281
1.04683
1.00183
0.985068
1.0127
1.02344
1.02841
1.02683
1.01207
0.971539
1.02076
0.98543
0.944486
0.96678
0.987388
0.988058
0.99885
1.00181
1.00898
1.00197
1.01848
1.03343
0.980169
0.94329
0.991641
0.945495
1.02734
0.99402
0.998464
0.953935
0.983981
1.01985
1.02983
1.03181
1.06094
0.946903
0.973272
1.03951
0.975584
0.9532
0.988452
0.96971
0.974514
1.01443
0.987735
1.01245
1.03774
0.999674
1.05834
0.973515
0.978582
1.00578
0.959536
0.949405
1.01246
0.99276
1.01857
0.999061
1.01796
1.01553
0.982157
1.04523
0.997649
1.048
0.974224
1.01719
1.00015
1.04169
1.03154
0.98244
1.02442
0.992549
1.02826
1.00846
0.982703
0.964172
1.00916
0.976173
0.997638
1.01633
0.983672
0.985149
1.01901
0.983069
1.01359
1.00949
0.961673
1.01161
1.00664
0.979497
1.00167
0.970132
0.992171
1.0112
0.954668
0.986228
1.00585
0.918858
1.02032
0.966478
1.03049
0.986899
0.971232
1.01963
1.00942
1.00734
1.00419
1.0141
0.990255
1.03173
0.994235
1.01175
1.02592
1.0146
1.016
0.949391
0.983626
1.00294
0.986567
1.00167
0.983967
0.997799
0.976221
1.03344
1.00551
1.00692
0.999805
1.00244
0.984902
1.00733
0.990078
0.980447
1.00587
1.02996
0.980263
0.967547
1.02656
1.03705
0.96493
1.0264
0.971699
1.02453
0.981281
0.985813
1.02655
0.986694
0.991059
0.948717
1.03282
1.00667
1.01722
0.973168
1.00398
0.950147
0.968421
1.04899
1.00233
1.00787
0.961831
1.02282
0.960763
1.01316
1.02129
0.991652
1.00925
1.01344
1.03321
0.979177
0.978977
0.957615
1.01608
1.0294
1.02266
1.02287
0.990611
1.01098
0.999431
0.966982
0.982744
1.0322
1.02283
1.01027
1.0049
1.02421
0.982065
0.99861
0.980273
0.979022
0.983373
0.983426
1.00368
0.985473
0.975668
0.982972
1.0065
0.987679
0.997616
0.997654
1.00752
0.988979
1.02625
1.01054
0.998731
1.02332
1.0052
0.959531
0.981935
0.985489
1.01672
0.968666
1.04469
1.02326
1.00026
1.01364
0.972763
0.971284
1.00172
0.997988
0.966854
0.992609
0.986084
1.02918
1.02601
1.0342
1.02483
0.965431
1.02654
0.995374
1.0084
1.00403
1.00097
1.00089
1.00934
0.998247
1.06279
1.02727
1.04314
0.99098
1.06303
0.998468
1.01519
0.998524
0.978206
0.987453
0.989915
1.0175
0.928564
1.02426
1.04285
1.00712
0.969301
1.02795
1.0431
1.03247
0.953897
0.961721
1.01501
1.0277
1.01508
0.950308
1.06637
0.998507
1.00828
0.968935
0.997477
1.00415
0.994689
0.985278
0.983018
1.03922
1.00175
0.972895
1.03475
1.001
0.997609
1.00742
1.04263
0.97836
0.935722
1.03573
0.982887
0.983913
0.974134
0.983453
0.989822
0.992814
1.03236
0.970403
0.969311
0.999714
1.0221
0.988919
0.99867
1.02613
1.00957
1.01216
0.982994
1.03153
0.946243
1.00539
1.02117
0.951491
1.00602
1.0344
1.0129
0.998707
0.993502
1.03838
1.00615
0.995392
0.971804
1.00454
1.02448
1.053
0.980374
0.967807
0.982256
1.00247
1.02931
1.0038
1.05158
0.985133
0.986326
1.00679
0.982828
0.965439
0.954927
1.00518
0.999905
1.00611
0.999328
1.00648
0.994106
0.994771
1.02848
0.955575
1.02137
1.01164
0.987465
1.008
1.04537
0.9836
0.995149
1.02273
1.04594
1.00961
0.98618
1.02337
1.01736
0.986171
1.00647
1.01522
0.977312
0.947345
1.03023
1.00984
1.01435
0.976208
1.01559
1.01347
1.01542
1.01858
0.959846
1.01572
1.01793
0.99993
0.993344
1.05191
1.01216
0.980471
0.951687
0.987302
0.993733
1.01182
1.01662
1.03023
1.02029
0.951412
1.02245
0.977316
1.0086
1.01809
0.992174
0.962045
0.959773
1.01516
1.02203
0.980721
0.969315
1.00855
0.951833
1.02365
0.959678
0.972943
0.996535
1.00389
1.01863
0.990824
1.00123
0.973091
1.01627
1.02911
1.00497
0.994208
0.994282
1.00444
1.0185
0.987798
1.00043
1.01691
0.985163
1.02242
0.991301
0.954428
0.974808
0.959911
0.975475
1.01283
0.950111
1.01411
1.03154
0.97281
0.994205
1.00077
0.991883
1.00445
1.01634
1.01179
0.975204
0.950708
1.01825
1.01663
1.02625
0.979482
1.00899
1.00803
0.982578
1.02716
1.02346
1.02028
0.969495
1.0216
1.01723
0.955963
0.992544
1.03598
1.015
0.960919
0.958021
1.02223
0.999382
1.00814
1.00557
0.985137
0.953157
0.977749
1.02038
1.00684
1.02632
0.989186
0.996648
0.962545
0.959593
1.00281
1.00797
1.00748
0.997818
1.02157
0.977194
0.960634
1.00158
1.01805
1.01323
1.01768
0.970274
0.974394
0.974134
0.978884
1.01475
1.01348
0.964815
1.02778
1.02039
0.95138
0.99699
1.01121
1.02853
1.01703
1.00329
0.996945
0.98311
0.96661
1.00876
0.99762
1.00224
0.94738
0.998915
1.03843
0.993354
1.07191
0.977339
0.996819
0.975991
1.02705
0.9909
1.03488
1.02432
0.965283
0.999447
1.03938
1.04863
0.981507
1.035
0.963197
0.984144
0.996405
0.995755
1.02825
0.962356
0.981257
1.01162
1.00585
1.03971
0.967752
0.967003
0.961776
1.00953
1.00206
0.974656
0.993139
0.96512
0.968494
1.00633
0.977552
1.01189
0.987914
0.99423
1.02327
1.01562
0.989245
0.978973
1.02898
1.00043
0.994603
0.977647
0.998225
1.01774
1.02461
1.01733
0.983494
0.991352
1.02191
0.995829
1.00468
1.03087
1.04223
0.993495
0.949478
0.98278
0.960904
1.00489
0.967455
1.0344
0.987419
0.986863
1.03874
0.984483
1.03821
1.05496
1.00502
0.970832
1.01932
0.971892
0.969789
1.03153
0.98496
1.01299
1.01348
0.97687
0.987046
0.992699
1.0008
1.00549
1.00057
0.980211
0.955165
0.962166
1.00652
0.99123
0.952964
0.987032
0.992509
1.00669
0.973149
0.994892
0.985924
0.967467
1.03954
1.00227
0.984813
1.02255
0.987791
1.02155
0.999099
1.01916
1.00421
0.986189
1.04133
0.996565
1.01511
1.00294
1.02682
1.02176
1.02732
1.00822
0.997245
1.01368
0.984609
0.974539
0.96884
1.031
1.01039
1.00758
0.980507
1.00254
0.980514
1.018
1.0289
0.9919
1.0159
0.997426
1.00595
1.01271
1.02019
0.990818
1.01188
1.0167
0.98892
1.02834
0.961682
0.989149
0.961205
0.995234
0.961406
0.983526
0.961507
0.946062
0.978281
0.988232
0.98747
1.04898
1.02043
1.01987
0.979262
0.997535
1.01178
1.01235
1.015
0.979791
0.965651
1.02106
0.984479
1.02178
0.975448
1.00391
0.942618
1.03037
0.950451
0.996999
1.01125
1.02672
1.0581
1.02165
0.974482
1.02371
1.01104
1.00993
1.00124
1.01825
0.998618
0.992208
0.998963
1.00384
0.991974
1.05507
1.02409
1.0533
0.999295
0.992866
1.06673
0.971545
0.987498
0.966947
1.01116
1.00792
1.00769
1.01292
1.02012
1.02082
1.00418
0.956677
0.95927
0.99924
1.05587
0.956897
0.98303
1.01633
1.0222
1.04609
1.03717
1.0355
1.00508
1.01423
0.97008
0.999623
0.976198
1.00298
0.997396
0.966847
0.968216
0.980033
1.00233
0.962849
0.972697
1.05758
0.985561
1.0105
1.00815
1.01204
0.978732
1.02898
0.978264
0.990183
0.99307
0.963607
1.00082
0.994574
0.985727
1.00412
1.03039
1.02959
0.974714
0.948388
1.01443
1.02397
0.979627
0.976453
1.03171
0.996429
0.970575
0.988069
0.982307
0.993445
0.960481
0.96511
1.01661
1.01574
0.988201
1.02999
0.948711
1.05222
1.05047
0.970889
0.987453
0.984273
1.01393
1.03398
1.00414
0.996826
1.0184
0.988379
1.04431
1.02143
0.997068
1.01007
0.997049
1.0007
0.998617
1.02631
1.00053
0.989533
0.979327
1.03029
1.00984
1.00939
1.00188
1.01118
0.98306
0.974544
1.00328
1.00526
0.972084
1.0157
0.99088
1.00615
0.985505
1.00596
1.00625
1.00019
0.986672
1.00218
0.961067
1.0026
0.973184
1.00441
0.993354
1.00624
1.01448
1.0016
1.01158
1.01408
1.03738
0.973307
1.00887
0.995609
1.01712
1.00464
0.95805
0.918017
1.0163
1.00702
0.998316
1.0024
0.998478
0.992323
1.00803
1.05938
1.08479
0.977912
1.01342
0.997977
1.00558
1.03404
1.00878
1.03641
1.01722
1.01339
0.976692
0.985512
1.02356
1.0082
0.979802
0.970491
1.03162
1.01784
1.02014
1.01371
0.966715
0.983265
0.993227
0.990238
0.980734
1.00211
0.985704
1.06
1.00393
0.965941
1.00677
0.956272
1.03507
1.01507
1.06356
0.999315
1.00153
0.977245
0.987182
0.991534
1.02735
1.0178
0.993673
0.974195
0.989347
0.985557
1.02732
0.987916
1.01667
1.00819
1.03142
1.00149
0.978551
1.01745
1.00502
1.01176
0.993214
1.01575
1.03138
1.06321
0.99347
1.0074
0.970018
1.0201
1.02507
0.958502
0.967996
1.01932
0.980119
0.986478
0.984385
0.986974
1.01303
0.963928
1.00312
0.993148
1.02551
1.00467
0.952111
0.983891
0.998471
0.991823
1.01063
0.970058
1.01335
0.996956
0.934712
0.947239
1.01585
0.977573
1.00398
1.03637
0.996063
0.991444
1.01729
1.00362
0.972931
0.998605
1.03849
0.99013
0.965753
0.978033
1.02008
1.02081
1.0537
1.06445
0.959291
1.06725
0.980872
0.987425
0.981831
1.01236
0.966804
1.03501
0.961592
1.05238
1.0496
0.983229
1.0472
0.98739
0.98333
0.99002
0.982623
1.03518
0.985088
0.978914
0.981168
0.978346
1.0358
0.998056
1.0494
1.00246
0.999294
0.946222
0.977273
1.01109
0.954857
1.04434
0.973372
1.03933
1.00376
0.985824
1.01465
1.00164
0.965345
0.99325
0.975476
1.04361
0.995996
0.983023
0.97403
0.98847
0.957755
1.01482
1.00404
1.00323
0.996989
1.00599
0.93663
0.973609
1.01416
0.985936
1.02344
0.998654
1.03078
1.04656
0.980648
1.04221
1.0104
1.02259
1.03018
0.982528
0.997308
0.96822
1.07002
1.05228
0.986149
1.02848
1.01946
1.00942
0.992571
0.989495
1.00662
1.02075
1.02768
1.00467
0.984542
1.00501
0.993296
1.00136
0.983432
0.992374
0.946042
1.00935
1.00299
0.991126
1.01885
1.01863
1.03337
1.04305
1.04191
1.00923
1.04313
0.989365
1.00133
1.00163
1.04503
0.951703
1.00801
1.03671
1.02101
0.972116
0.966441
1.02677
0.972341
1.03092
0.988319
0.9555
0.998851
0.996507
1.02912
0.99537
0.995466
0.975697
1.00127
0.965734
1.00059
1.0097
0.986795
0.982367
1.02278
1.04795
1.02375
0.985729
1.00457
0.99435
1.02797
1.03603
1.00032
1.007
1.04075
0.956349
0.989464
0.966718
1.0425
1.0323
1.04423
1.01311
0.995639
1.04084
0.993169
1.00519
1.02656
0.980628
0.980117
0.942072
1.01455
0.96984
0.992732
0.98086
0.984966
1.00435
1.00023
0.996619
1.0165
0.999717
1.02956
0.943659
1.01921
0.940994
0.977468
0.964726
1.00045
0.98735
1.00289
0.991273
0.984373
0.959462
0.948439
0.959629
1.00382
0.951716
0.996259
0.983629
1.00006
0.990135
1.04585
1.00633
1.02034
0.983722
0.999657
0.988435
1.02543
0.996789
1.03024
1.03146
1.02947
0.995846
0.99553
0.998065
1.02273
0.977952
0.995474
0.988855
0.978207
0.986084
1.0151
1.02725
1.00721
0.994337
1.05756
1.01455
0.99608
1.03157
0.967154
1.02032
1.0015
1.02733
0.988793
1.00863
1.00861
0.958265
0.91928
0.99536
0.952317
1.01823
1.02481
0.987807
1.00266
1.01911
1.00705
1.00097
0.944462
0.954865
1.01379
0.956707
0.969733
0.970709
1.00835
1.04036
1.00272
1.02312
1.00199
1.04242
1.00615
1.00377
0.951289
1.01924
1.02342
0.941237
0.952646
1.03446
1.00997
1.04437
1.00576
1.03814
0.998098
1.04031
0.979027
0.986298
0.959708
1.00971
0.968757
1.0016
0.97834
0.984799
0.992969
1.02063
1.01178
0.988163
0.986353
0.970358
1.01622
1.00999
1.00897
1.0019
0.988614
1.03617
1.01055
1.00847
0.950262
0.968756
0.990793
1.01313
1.00522
0.965823
1.00092
1.0158
0.998974
1.00118
1.01306
1.03606
1.04281
0.996168
0.998465
1.02362
1.04309
1.00693
1.00678
1.02846
1.00526
0.985891
0.976237
0.989794
0.969333
0.993261
0.967325
0.982382
0.97778
1.02271
0.989386
1.06928
1.04919
0.996378
0.935144
1.03556
1.04403
0.985393
0.961557
1.02849
1.00573
1.0223
1.00071
1.00792
1.004
0.992296
0.950824
1.01316
0.983054
1.00228
1.00353
0.97634
1.00661
1.06459
1.03524
0.974988
1.00744
0.995089
1.02082
0.992648
1.01258
0.99975
0.964024
0.985188
1.00161
0.947207
1.05089
0.99656
1.01132
0.950243
0.97817
0.947807
0.934005
1.04304
0.953957
1.03962
1.01221
0.984615
0.99065
1.00544
0.993266
1.01313
1.01233
0.995835
1.02497
1.00088
0.981251
0.98807
1.01937
0.984823
1.01101
1.01969
1.04659
1.00199
0.985754
0.992534
0.993265
1.01837
1.0333
1.00664
1.0465
1.00498
0.981157
1.01546
1.01639
0.95904
1.00804
0.981203
0.988623
0.973917
1.00092
0.981176
0.995609
0.967711
0.9685
1.01778
0.996035
0.9661
1.02405
1.00352
0.996043
0.969188
1.01534
1.03375
1.03788
1.00874
1.05507
1.05104
1.0439
0.9669
0.975296
0.969167
0.958207
1.01757
0.987383
1.02711
0.963635
0.994942
0.994481
1.00511
0.992376
1.0137
0.953903
1.02845
0.979322
1.01699
1.0543
0.97069
1.00912
0.976576
1.00141
0.986079
1.00695
0.965643
0.977314
0.965726
0.992763
1.03548
0.98837
1.01116
0.992133
0.992385
0.980853
1.00288
0.986805
1.02205
1.03715
0.98085
1.01027
0.98347
0.994784
1.0015
1.00972
1.01585
0.98389
1.01667
0.988929
0.987316
1.01875
1.05168
1.00477
1.0072
1.01223
1.00591
1.00272
1.00634
1.00201
0.968034
0.98696
1.00048
1.01272
0.980627
0.970798
0.995543
1.0151
0.995568
0.969227
0.961861
0.990943
0.984038
0.988562
0.961339
1.00756
0.939795
1.03749
1.03524
1.01605
0.96437
1.01383
1.01374
0.997405
0.985598
0.995942
0.980888
1.00338
0.966944
1.01289
0.991632
0.976425
1.01483
1.00085
1.01732
1.01639
1.03029
0.979311
0.979672
1.02699
0.999832
1.06054
1.01336
1.03193
1
0.983031
1.00183
0.994025
0.998814
0.953839
1.03878
1.02225
1.0113
1.0092
0.976357
1.01249
1.01462
1.01173
1.00501
0.994856
0.996591
1
1.03337
1.02271
0.965122
0.984877
0.970107
0.967756
1.03324
1.00044
1.01789
0.989356
0.989047
1.00604
1.04322
0.986454
1.00065
0.993197
0.969608
0.945006
0.971575
1.02402
0.970672
1.03577
0.988548
0.995771
1.05152
1.07193
0.971653
1.00246
0.983109
1.01977
0.981591
0.995619
1.03842
0.976956
1.03083
0.970136
1.00197
1.01746
1.03128
0.983319
0.956729
1.02404
0.981707
0.97649
0.965018
1.00212
1.02317
1.01927
1.00763
1.02093
0.998981
0.985048
1.04339
0.985948
1.00601
1.00426
1.02779
1.01954
1.01738
1.07209
0.999121
1.01956
1.00109
1.032
0.989242
1.02353
0.970991
0.989142
0.987785
0.993859
0.998653
1.01363
1.03303
1.01252
0.999211
0.991191
0.99331
0.997293
1.0226
1.02264
0.984934
1.04439
1.03518
1.03487
1.02544
0.953223
1.0294
0.994948
0.967236
1.01172
1.01784
0.960906
0.98754
1.00146
0.982363
1.05588
1.00323
1.04411
0.993085
1.01571
1.00235
1.01599
1.00828
0.960954
1.00557
0.967415
1.00813
0.985313
0.96968
0.957537
1.00702
0.978748
0.984857
1.03535
0.980227
1.00547
0.984678
1.01679
0.974066
1.00874
0.993309
1.03752
1.03835
1.02177
0.968092
1.01224
1.00328
1.06334
1.00325
1.01116
1.0223
0.984094
0.972528
1.02445
1.00442
1.00969
1.01714
1.03005
1.02819
1.01571
0.992486
0.970377
0.989068
0.961027
1.05869
0.955674
0.993324
1.03733
1.03439
0.956804
1.02817
1.01233
0.988754
0.981102
1.02728
0.940629
0.998397
0.997627
1.00196
1.00615
0.996668
1.00811
1.04979
1.01663
1.02438
0.981558
0.965063
0.969377
0.996045
1.01561
1.00244
0.979556
0.978018
0.968937
1.01188
1.00136
1.01075
0.993289
0.96803
1.00035
0.969214
0.987102
1.03416
1.01074
0.982028
0.989348
0.965284
0.994081
0.989806
0.965767
1.00865
1.00672
0.98215
0.989392
0.960869
0.970646
0.976845
1.03135
0.999274
0.976094
0.981749
1.05666
0.953347
1.01482
1.01255
1.02994
0.999621
0.970809
1.00228
1.0159
0.976392
0.968865
0.968013
1.0224
0.950729
1.01202
0.987727
1.02434
0.979454
1.0294
0.986099
0.987362
0.979075
1.05442
0.958198
0.981125
1.03762
0.994331
0.994873
0.980039
1.02786
1.02018
1.01757
0.964647
0.989858
1.01536
1.0168
0.970328
0.997029
0.999652
1.01579
1.0145
0.970102
1.02466
1.00015
0.969561
0.95133
0.999758
1.00365
1.01264
1.01836
1.01336
1.01173
0.978536
0.974445
0.991283
0.971688
1.00154
1.01845
0.976924
0.949085
0.993396
1.01021
1.02801
1.0163
1.01152
0.994734
1.02551
0.987753
0.975856
0.953566
0.982022
0.94425
0.979346
1.01163
1.02701
0.984103
0.973467
1.02838
1.04066
0.970819
0.982126
0.997021
1.02413
0.97906
1.01438
0.98731
0.939292
0.975817
1.0153
0.982901
0.993553
1.0205
0.97347
1.02326
0.962515
0.994311
0.971739
1.02338
0.987278
1.02622
1.00382
1.00361
0.964701
1.00881
1.00544
0.966558
1.00399
0.979454
0.988835
0.992115
0.986452
0.98716
0.971507
1.03254
0.984494
0.955918
1.02714
1.01696
0.998722
0.995157
0.991779
0.994193
0.994786
1.00766
0.996485
1.01092
0.999037
0.983815
1.00378
0.982269
0.982911
0.993217
0.983493
0.959493
0.984889
0.982129
0.962076
1.00632
0.985231
1.03393
1.01355
0.991856
1.03686
0.99363
0.994683
1.02112
1.00046
0.992597
1.00685
1.04566
1.00166
1.01454
1.01249
1.0173
1.02608
1.05274
0.957161
0.995652
1.00254
0.96447
1.00588
0.992924
0.997074
0.953715
0.990174
1.02317
0.963436
1.02744
0.991157
0.969231
0.997792
1.00319
1.02304
1.01311
1.02719
1.0065
1.02353
1.02109
0.983261
1.00378
1.0088
0.998434
1.04816
0.977567
1.00881
1.03837
1.00164
1.07139
0.971779
0.979384
1.0083
1.04865
1.01873
1.04341
1.02664
1.03445
0.972222
0.993687
0.951046
0.998286
0.936531
0.959015
1.00225
1.03084
1.0151
0.957719
0.982321
0.962183
1.00378
0.953982
1.0184
0.983031
0.951902
0.987852
0.997978
1.05293
0.994088
0.979926
0.99886
1.04316
0.992273
1.0309
1.01309
1.03253
1.00155
0.978918
1.00499
1.00203
0.983447
1.01886
1.01586
0.988053
0.997663
1.04769
0.996224
0.998648
0.99696
1.01479
1.05261
1.01356
1.03159
0.963888
0.971639
1.00731
0.985975
0.986835
1.03139
0.99796
0.995957
1.02894
1.02026
0.990864
0.982758
0.959834
0.943991
0.976889
0.963029
0.974807
1.01973
0.988534
1.00614
1.02466
0.983063
1.01145
0.985605
0.947349
1.01914
0.997186
1.00608
0.999067
0.997509
0.965007
1.057
0.987928
0.990478
1.04239
0.997543
0.991022
0.996918
1.00182
1.02835
1.04726
0.997415
1.01168
0.995395
1.00374
0.952345
0.994928
1.00585
1.02469
1.01651
0.99468
0.987165
1.02272
0.967329
1.04248
0.999742
0.980676
0.966405
0.9809
0.987934
1.01806
0.989873
1.0504
0.995952
1.00503
1.00419
0.997381
0.997579
1.04631
0.97985
0.969464
0.990251
1.00123
1.02128
1.05183
0.966002
0.979419
0.993135
0.978306
1.01652
0.975283
0.968572
1.04954
1.00146
0.994469
0.985429
0.966213
1.00388
0.988209
0.962119
1.01559
0.982012
0.980994
1.02407
0.966035
1.01672
1.01136
1.01745
0.977103
1.04412
1.0044
1.02343
1.00761
0.987388
1.01299
0.997181
1.03392
1.01516
1.0118
0.995686
1.01241
1.02009
0.968847
0.989637
1.02919
1.0708
0.942767
0.984397
0.996395
1.0513
0.987262
0.996229
1.00977
0.96353
0.994645
1.05222
1.0419
0.982782
1.0083
0.97503
1.06003
1.03217
0.977779
1.01679
0.996428
0.995845
0.972795
1.00202
1.04436
0.952184
1.04007
1.01204
1.00626
1.00805
0.99611
0.966795
0.997704
1.04114
0.921431
1.02801
0.997703
1.01766
1.04377
0.977378
0.987267
0.993518
0.987593
0.992446
1.00093
1.02257
0.983004
1.03613
0.970651
1.01469
0.973184
1.01336
1.01556
1.01632
1.01334
1.02644
0.972962
0.992679
0.990635
1.02606
0.975546
1.0063
1.04903
0.973825
1.03172
1.02784
1.03807
0.979439
1.0199
1.03485
1.04001
1.0224
0.976811
1.02229
0.985231
0.981499
1.00025
1.00637
1.01782
1.00044
0.98431
1.01453
0.990262
0.985908
0.959225
0.98211
0.970641
1.01717
0.988822
1.0355
0.960171
0.967573
1.01441
0.979652
1.05032
0.996798
0.996819
0.987806
1.01087
0.985797
1.03518
0.968601
1.03384
0.99105
0.974635
0.992042
1.0408
0.981266
0.953584
0.962967
1.01823
0.924236
1.01669
1.05537
0.997991
0.961325
1.01588
0.96077
0.988719
1.00184
1.0502
0.973136
0.997239
1.02574
1.03731
1.02586
0.998373
1.0236
1.01643
1.00901
1.02176
0.940924
1.01775
0.997929
0.998987
0.98834
0.974873
0.988604
0.903281
0.995619
1.01644
1.02792
1.02822
0.995726
0.950531
0.995897
1.04967
1.03458
0.953543
0.969931
0.985822
1.02431
1.03517
1.05933
0.979035
1.03638
0.968316
1.02123
1.02084
0.975115
1.00411
1.00809
0.964785
0.99246
1.03871
1.00454
0.966896
0.98191
1.00202
1.00564
0.991482
0.961869
1.02243
1.02837
1.03862
0.950182
1.03267
1.02
0.990266
0.984156
0.996884
1.04183
0.976139
0.976771
1.00646
1.00538
1.01956
0.991146
1.0215
0.989409
0.969885
1.00074
1.01883
0.956032
0.994577
0.96903
0.989216
0.98493
1.03731
1.00025
1.01502
0.991996
1.01842
1.05275
1.01079
0.995248
1.00152
1.00753
0.940674
0.988431
0.984933
0.942538
0.998106
1.0077
1.02489
0.985686
1.00154
1.0214
1.02036
0.998462
1.01549
0.937196
0.99331
0.966338
1.01049
1.01042
1.03253
1.00889
1.04362
0.950226
0.969759
0.976346
0.962395
1.00689
1.00241
1.01635
1.03062
0.994996
0.976978
0.985806
0.979702
1.01072
1.02072
0.974977
1.00611
0.988595
0.992663
1.0026
1.00563
0.998711
1.03313
0.971866
0.957851
0.986834
1.01332
1.00067
0.961954
0.974787
0.957604
0.998374
1.0092
1.0073
0.993926
1.02069
1.02905
0.984037
0.985438
0.997823
0.974817
1.01433
0.969894
1.00026
0.971584
0.995969
1.02159
1.00733
1.01553
0.970217
0.971621
1.03666
1.00448
0.990275
0.968873
1.00852
1.03746
0.992097
0.972632
0.995217
0.992524
1.00637
0.964177
1.00448
1.02239
1.00813
1.03265
0.981164
1.00716
0.974125
0.966592
1.00197
0.978437
0.984756
0.985625
0.996977
0.957299
1.00064
0.993176
0.961778
0.972042
1.02259
1.03865
0.964379
0.954928
1.02501
1.00866
0.951085
0.966008
0.993779
1.0479
1.00833
0.966749
0.989906
1.01226
0.994866
1.01084
0.968095
0.995887
0.963644
0.980881
0.968309
0.981889
1.01605
0.997048
1.00033
1.02725
1.04264
1.0127
1.04376
0.968071
0.97338
1.05187
0.918153
0.962899
0.972479
0.991959
1.01746
0.989713
0.996868
0.980964
1.00616
0.972128
1.0027
0.955782
1.06496
0.994273
0.983425
0.979482
0.965635
1.02162
0.996987
0.983928
1.00018
0.989831
0.986695
0.967094
1.01815
0.941715
1.02234
1.03844
1.05007
1.00225
1.0098
0.960519
0.953691
0.979452
1.03497
0.979615
1.00323
1.01696
1.0136
1.00473
1.02248
0.991676
0.985071
0.94669
0.974141
0.971298
1.03905
0.967173
1.01778
1.02194
1.0312
0.99193
1.02386
0.984299
1.01507
0.972692
0.966436
0.979112
1.03735
0.996504
0.963255
0.977749
1.04027
0.961663
0.95821
1.02597
0.992941
1.00131
1.00135
1.04247
1.02146
1.02274
0.979014
1.02629
0.987285
1.01423
0.986959
0.952028
0.977072
0.986436
1.03288
1.03051
0.993698
0.975114
1.02613
1.03414
1.00125
1.01209
0.999549
0.988751
1.00281
1.02124
1.03614
0.994782
0.997513
1.00035
0.9811
1.00252
1.03916
1.00299
0.96857
0.978261
1.02036
0.99157
1.00307
1.01171
1.00413
1.0197
0.991013
1.05803
0.990675
1.01001
0.95143
0.993503
0.992967
0.98645
1.00011
1.00764
1.00086
0.976862
1.04045
1.01134
0.984837
0.973644
1.00565
1.04891
0.987914
0.938813
1.03107
0.994837
0.972653
1.03382
0.962038
0.991967
1.00926
1.00376
1.00311
0.989424
0.987118
1.00939
0.98766
0.975913
0.988535
1.01094
1.01276
1.01844
1.01086
1.00757
0.999955
1.03525
0.97188
0.986137
0.950553
1.00921
1.05373
1.0026
1.03874
0.995642
0.998951
1.00171
0.971306
1.00395
0.998287
0.998926
1.07175
1.00201
1.03781
0.974944
0.974821
1.01712
0.988748
1.00233
1.01991
0.964804
1.00559
1.02069
0.984101
0.956073
1.03892
1.03048
1.02342
0.969513
0.970502
1.01575
0.924434
0.992607
1.01777
1.02686
1.05561
1.05224
0.989434
1.03057
1.00824
1.01066
1.02081
0.982186
1.03182
1.04164
1.00594
1.03111
1.02605
1.01728
1.03945
0.98489
0.974836
1.03839
1.03943
1.00003
1.03599
0.954154
1.00297
0.999143
1.02144
0.970159
0.98968
0.957626
1.00226
1.04729
0.97655
0.961963
1.00985
0.994573
1.00586
0.966204
0.954999
0.95194
1.04226
0.983669
0.956654
1.02306
1.00662
1.00658
1.01381
1.02696
1.03211
1.01523
1.00085
1.0053
0.997553
1.01632
0.985881
1.04831
0.999852
1.02504
0.998271
1.02948
0.967853
0.99751
0.990823
0.9867
0.969726
0.987158
1.03926
1.02825
1.03371
0.984051
1.02186
0.969342
0.952591
0.966187
0.994079
1.00309
1.00026
0.970106
0.98349
0.983838
1.02194
1.00988
1.01375
1.02135
1.01616
1.01409
1.00994
0.962876
0.997324
1.00875
0.998211
0.992376
1.00824
1.00433
1.02389
0.967799
0.972271
1.01774
0.983276
0.996339
1.03412
0.975853
0.999404
0.959392
0.997925
0.985739
1.01051
1.01145
0.966229
0.945357
1.00843
1.00567
1.01093
1.00313
1.0069
0.98437
1.0563
0.986318
0.9747
1.02463
0.958285
0.975987
0.990715
0.954021
0.998946
0.964514
1.0261
0.992537
1.03763
0.984995
1.00212
1.00656
0.994416
1.00935
1.0232
0.980166
0.995358
1.01908
0.965394
0.968548
1.00211
0.984899
1.02
1.03115
1.02304
0.976606
1.0443
0.953551
1.00162
0.933267
0.997199
1.01199
0.955368
1.03812
0.975981
1.00883
1.02361
1.04214
1.06348
0.956081
0.991309
0.989775
0.980462
1.03301
1.04067
0.974413
0.972634
1.02654
1.01727
0.988739
0.994919
0.967737
1.02901
1.0125
0.992369
1.0034
1.03462
1.0172
1.04891
0.962379
1.01696
0.992955
0.966917
1.01125
1.00829
0.942012
1.00936
0.985719
0.988348
1.0014
0.939638
1.0495
1.0218
0.978926
0.9989
1.01368
0.99318
1.02183
1.00541
0.993573
0.988677
1.01321
0.946262
0.990371
0.994791
1.00848
0.960604
1.03217
0.974672
0.998281
1.01659
0.981096
1.00238
1.04272
1.0011
0.995107
0.972412
1.013
1.02173
0.994429
0.984426
0.9871
1.02034
0.991417
0.944171
1.0135
1.02188
0.940752
0.98505
1.02064
0.97208
1.03138
1.0146
0.998081
0.970034
1.00753
0.969391
1.00471
1.00941
0.977133
0.975449
1.00762
0.998261
1.01476
0.990236
1.00847
1.00577
0.962918
0.996942
1.00065
1.04735
0.992798
1.03874
0.999638
0.985222
1.05005
1.00425
0.993169
0.988546
0.992818
1.00936
1.04993
0.948222
1.02978
0.996072
0.965119
1.02913
0.993217
1.00785
1.03928
0.963703
0.988043
1.02604
1.04174
0.987814
1.00801
1.02452
0.977434
0.997306
1.02603
0.994081
0.994558
1.02098
1.00657
0.974189
1.01966
0.992043
0.987671
0.938873
0.999872
1.00315
0.976627
0.988951
1.03621
1.00208
1.00842
1.00081
1.0134
0.984732
1.01704
1.01737
0.965921
1.00947
1.01324
0.980198
1.00533
1.01274
1.01815
1.01508
0.992969
1.03681
0.976559
1.04585
1.01511
1.03255
1.01545
0.978089
1.04184
0.984568
1.01123
1.0339
0.997103
0.996922
1.03564
0.953481
1.05312
0.984009
1.01799
1.03877
1.01604
1.01349
0.990468
1.02003
1.02337
0.974326
0.980197
0.991087
0.974764
0.966795
0.98702
0.989842
0.97526
0.999319
0.990052
1.03765
0.976509
0.967429
0.993691
0.998317
1.00165
0.970645
0.995316
1.03006
1.02304
0.988571
0.985343
1.00543
0.969595
1.02445
1.02276
0.978635
1.00209
0.960808
1.03342
1.00603
0.982186
1.04518
1.03327
1.02056
1.01525
0.977226
0.997501
1.04318
0.971377
1.01513
1.01556
0.999228
0.947476
1.02783
1.04212
0.967275
0.981195
1.04195
0.95071
1.01017
0.988991
0.986176
0.981182
0.972598
1.0064
0.958425
1.01833
1.00123
0.998764
1.02377
0.982645
1.00393
1.02861
0.988793
0.997822
1.0273
0.988161
0.983214
0.957505
1.02986
1.03731
1.0008
1.04837
1.02639
1.03733
1.01499
0.978763
1.02388
1.03673
0.973941
0.978695
1.00838
0.990476
0.987011
0.988088
1.02442
0.957586
1.01554
0.978017
0.969479
1.02446
1.01737
0.953099
0.948613
1.00613
1.02181
0.986232
1.00074
1.01252
1.00471
1.03214
1.02072
0.956638
1.00109
0.959002
1.01011
0.996662
0.978542
0.981626
0.980292
1.0114
1.01838
1.01036
1.00879
1.02785
1.03209
1.0169
0.999571
1.03996
1.0002
1.01097
1.02059
1.00268
1.03358
0.990789
1.01467
0.964894
1.00631
0.99101
1.04576
1.03301
0.999699
1.00184
1.03194
1.02095
0.990823
1.0176
0.977832
0.958831
0.973375
0.966354
1.01491
0.975561
0.987858
1.00323
0.977263
0.960653
1.00769
0.956501
1.01204
0.995374
0.976361
1.01875
0.990899
1.02749
0.975066
0.965189
0.975437
0.983852
1.01144
1.0448
1.01261
0.957532
0.953931
1.02025
0.975669
0.968547
1.02281
0.974489
0.969516
0.977795
1.00852
0.999861
1.00938
1.03394
0.964348
1.04748
1.00625
0.986485
0.971796
0.981184
0.964987
1.02875
0.977452
1.03837
0.958313
0.955682
1.034
0.997359
0.976341
1.00725
1.00444
1.03729
1.05737
1.00892
1.01797
0.995494
0.985039
0.977459
0.970479
0.984108
0.973902
1.00524
0.977278
0.990596
1.03949
1.01506
1.00119
0.972026
0.965638
1.04218
1.03298
0.969292
1.03708
1.02849
0.938353
1.05626
1.00259
0.986068
1.00801
0.961893
1.03861
1.0084
0.989985
1.01745
1.00195
1.0609
1.02926
1.01668
1.02751
1.03956
0.948492
0.944952
1.04494
0.992972
0.988762
0.996243
0.98521
1.01796
0.984911
0.996821
1.01414
1.01512
0.944028
1.00022
1.0103
0.99658
1.01421
1.00694
0.979842
1.01126
1.01721
0.994997
0.990981
1.04607
0.985078
0.928581
1.01858
1.01284
0.974927
1.00939
1.01197
0.958595
0.979069
0.997623
1.00209
0.972016
1.01183
0.991232
1.04362
0.99483
0.973934
1.0393
1.02455
1.00003
0.980029
1.02019
0.968008
0.976186
1.02372
1.03081
0.967943
0.945886
1.02112
1.03848
0.997667
0.991651
0.996232
1.00399
1.02766
0.9829
1.05204
0.974836
1.00644
1.01411
1.03307
0.991153
1.01309
0.971268
1.01339
1.02109
1.0163
1.01071
1.01551
1.02023
0.993391
0.997408
0.967207
1.01617
1.00983
0.981604
1.00131
1.01091
0.992505
0.979609
1.00226
0.991331
0.951673
1.0283
1.01865
1.00519
1.01687
0.985353
1.01782
0.970151
0.999979
1.00008
1.06796
0.960322
0.997035
1.0271
1.02705
1.02543
1.02161
0.985243
0.995434
1.04639
1.00415
0.983656
1.0343
1.02537
0.974504
1.03682
0.968797
0.984831
1.02347
1.0303
1.0343
0.945753
1.0067
1.05708
0.967246
1.01489
1.00296
0.981017
1.02076
0.997881
0.970495
0.979157
1.01638
1.00212
0.97396
0.966965
0.994206
1.03153
1.00462
1.00482
1.02238
0.99522
0.989678
1.01862
1.00211
0.933374
0.969356
0.968398
0.978528
0.990049
1.00579
1.00634
0.965743
1.01175
1.01172
1.02936
1.05205
0.9836
0.999171
0.936795
0.992936
0.977186
1.01158
0.986534
1.00131
0.966638
1.01443
1.00348
1.00369
0.952263
0.978913
1.02243
0.997888
0.94785
0.967358
1.03128
1.06174
0.957438
1.00254
0.984814
1.00877
0.957718
0.979348
1.00228
0.999112
0.976574
0.978819
1.00527
0.955024
0.991113
1.00259
0.975285
1.00625
0.967739
0.959919
1.00298
1.02724
0.961847
1.01894
0.958101
0.984873
0.957977
0.955641
1.01984
1.00659
0.976844
1.00441
1.00038
0.979129
0.961613
1.01584
0.987422
0.967366
0.954879
0.995596
0.982166
0.98252
0.946829
1.00674
0.992229
0.989351
0.997669
0.958806
0.966855
1.00649
1.02879
1.00539
0.973524
1.04423
1.00649
0.993138
1.0277
0.981326
0.975399
0.99844
0.992274
0.992739
1.03849
1.03311
1.01828
0.980046
0.967176
0.983183
1.01566
1.00945
1.00036
1.00755
1.02437
1.01311
0.951731
1.03744
1.01928
0.983154
0.99846
0.994068
1.0268
1.0039
0.986522
0.947307
0.986731
0.974796
1.0422
0.981499
0.966666
1.00523
0.978322
0.990867
0.963046
0.957753
0.998162
0.99662
1.00391
0.968858
1.0166
1.02966
0.983188
1.0158
1.01225
0.981894
0.969268
0.989661
0.986061
0.98004
1.02185
1.01063
1.00351
0.986726
1.02949
1.00735
0.975087
1.02479
0.969704
1.04579
0.977801
0.949648
0.990773
0.963844
0.982726
0.996807
0.974211
0.999727
1.02387
0.967362
1.00795
0.970815
0.988624
1.03605
0.979204
1.0225
0.970226
1.00909
1.02003
0.987479
1.02048
1.05537
0.966746
0.967184
0.965365
1.01216
1.01641
0.987713
1.0077
0.967417
0.995465
0.974737
0.961683
1.01426
0.989628
1.0037
1.0084
1.00953
0.988777
1.01723
0.991713
0.982035
1.00677
1.00323
1.00848
1.04663
1.01632
0.985076
0.974983
1.01079
1.01507
0.965402
0.993039
1.02736
0.946729
0.991468
0.980145
0.974346
0.948741
0.963611
1.03166
1.01621
1.00255
1.00165
1.04286
1.05002
1.0124
0.991728
1.01976
1.03813
0.991614
0.987828
1.01331
0.996317
1.00155
0.98159
0.992415
0.996823
0.994358
1.00719
1.03811
1.02767
1.00066
1.00081
1.02727
1.00981
1.04585
0.959381
0.972711
0.982194
1.03962
1.01875
0.973219
0.994547
0.993298
1.04209
0.990661
1.0072
0.980161
1.02997
0.975356
1.02258
1.00983
1.01734
1.05749
0.986643
0.963873
0.982923
0.942808
1.03104
1.03357
1.0316
0.973937
1.02257
0.987173
1.00263
1.02236
1.00288
1.00243
0.985228
1.04826
0.981044
0.988456
1.02009
1.0147
0.974376
0.997836
1.04285
0.99792
1.02931
1.01406
0.978454
1.0078
1.02884
0.992943
1.02595
1.00031
1.03406
0.970767
1.01424
0.961489
1.01721
0.986447
1.0179
1.01044
0.999741
0.987273
0.995246
1.03965
0.964912
0.963329
0.992708
1.00832
0.992566
0.98291
0.989475
1.03071
0.98666
0.958564
0.984951
0.983507
0.931423
1.00899
0.986986
0.977349
0.994091
1.05518
1.04431
1.01503
1.00722
0.993014
0.997598
1.03047
1.00638
0.942312
0.986528
1.02265
1.01816
1.01594
0.974221
1.02452
1.00252
1.04968
1.0166
1.01597
0.982906
0.992868
1.04089
0.968609
1.02084
1.05441
1.02849
1.012
0.977822
1.00664
1.00878
1.00841
0.974312
0.979453
0.986638
1.00774
0.997859
1.02318
1.02567
0.935465
1.03023
1.04824
1.00695
0.967548
0.985168
1.01683
0.981469
1.00776
1.03469
0.998919
1.03278
0.977381
0.9711
1.0254
0.988347
1.00488
0.988456
0.9865
1.04605
1.03861
0.983921
1.03249
0.98276
1.00653
0.99041
0.959731
1.02843
0.982547
1.02318
0.970042
1.00288
1.01638
0.97947
0.989966
1.0508
0.995453
1.00968
0.999259
0.976736
0.999828
0.964343
1.00994
1.00406
1.00808
1.00849
1.02589
0.997743
1.00435
0.996172
0.994011
1.0179
0.987128
1.03674
0.973988
1.03261
0.997405
0.963982
0.998476
0.999831
1.01969
0.960436
1.01944
0.978785
1.02203
1.01157
1.03668
1.01788
1.01118
1.02
1.00023
0.968961
1.03265
0.973253
0.974191
0.998208
0.981296
0.959277
0.99842
1.00591
1.02188
1.00776
0.983729
0.976944
1.00122
0.97634
1.02884
1.00083
1.03457
0.982484
1.01343
1.0021
1.01353
0.995122
0.984546
0.980099
1.02876
1.00435
0.95594
1.00863
1.00982
1.02999
1.0617
1.02686
1.00395
1.00607
0.985497
0.982949
1.00767
0.99394
1.00027
1.00008
0.973065
0.971631
1.0083
0.961495
1.01124
0.991628
1.00969
0.986717
0.963397
1.01959
0.994132
1.02464
1.01331
0.982898
0.998244
1.00698
0.998962
1.01137
1.0293
0.975255
0.982961
1.00094
0.983915
1.04261
0.986498
0.94982
0.980731
1.00549
0.960676
1.02711
0.990697
0.989496
0.991188
0.951303
0.991932
1.02751
0.936771
1.01394
0.976391
0.993163
1.02522
1.07387
1.01757
1.06674
1.02261
0.995439
0.995492
0.998645
0.987629
0.978497
1.04488
0.995865
0.995205
0.959021
0.999587
1.03575
0.980193
0.988808
0.970434
1.05091
0.971062
0.999215
0.987233
1.02165
1.0358
1.0027
1.00195
1.06688
0.982292
1.00736
1.01576
1.0367
1.00285
1.00858
0.997374
0.959195
1.02061
1.00044
1.04976
0.974205
1.00948
1.00985
0.975368
1.00835
0.96952
0.983599
0.997346
0.99897
1.05566
1.02107
0.998906
1.0094
1.00678
0.954325
0.978833
1.03931
0.987292
0.998921
0.979808
0.993846
1.04131
0.989782
1.04247
0.993256
1.02475
1.02958
0.970084
1.01212
0.987964
1.02999
1.0176
1.05332
1.00173
1.01592
1.06601
1.03751
0.941751
0.971007
0.980754
0.993879
1.00588
0.98197
0.960311
1.0095
1.02085
1.0025
0.952045
0.96973
0.969658
0.957536
0.932546
0.967473
0.993858
0.988789
0.981217
1.0226
1.01821
1.02668
1.02904
0.980291
1.02881
0.981539
1.00377
1.00369
0.998008
1.04427
0.981823
1.01138
1.02341
1.02361
1.02411
0.953714
1.02059
1.00216
1.01714
1.02712
0.979796
1.00388
1.02136
0.993077
1.00664
0.944901
1.01562
1.00967
1.00572
0.957973
0.948167
1.02478
1.03606
0.994122
1.00307
0.961724
1.03746
0.992789
0.993198
0.973301
1.02961
1.00516
1.03815
0.982758
1.00715
1.01031
1.01768
0.971634
1.02886
0.990379
1.02426
1.03979
0.986218
1.01722
1.00121
1.0296
1.01994
1.02767
0.992363
0.980288
1.02842
0.987229
0.995655
1.00737
1.00164
1.0138
0.962822
0.95703
0.967682
0.989803
1.00277
1.00873
0.98623
1.01652
1.01875
0.978753
0.996488
1.04569
1.03114
1.05381
1.01845
0.995266
0.996709
0.989758
0.996225
1.02818
0.994521
1.00249
0.988233
1.00392
0.995701
0.994396
1.06942
0.971091
1.00592
0.986275
0.982306
0.974449
1.01151
1.03646
0.999466
1.0157
0.974608
0.97331
1.04947
0.955494
0.957187
1.01703
1.04022
1.00344
0.99672
1.00961
1.01264
1.02149
1.02686
1.01399
0.975554
1.01498
1.00117
0.956588
1.02577
1.03352
1.01702
1.00592
1.00929
1.05021
0.996879
1.02607
0.957149
0.966958
0.958934
1.01365
0.970733
1.00735
1.00741
1.02019
0.980258
0.983631
0.997986
0.990363
1.02207
0.96381
0.99457
1.00211
1.0181
0.980042
0.989151
1.03241
1.03738
1.00498
1.00029
1.01801
0.989945
0.958187
1.00257
0.988327
0.984195
1.00594
1.01368
0.955171
0.97201
1.01003
1.01179
0.996042
0.978838
0.979776
1.01342
1.01348
1.03513
1.02615
1.04414
1.00979
0.999239
1.00517
0.983116
1.01596
1.01323
1.01566
0.940395
0.995854
1.03967
0.998218
0.951655
1.01074
0.993759
0.95749
1.01564
0.979503
0.955278
1.01142
0.999406
0.936526
0.984453
1.00346
0.99643
0.97233
0.925554
0.996904
1.02693
0.999244
1.04309
0.995964
0.992907
0.962954
1.02221
0.931114
1.00895
0.977971
1.01788
1.00013
1.01323
0.979147
1.00631
0.927779
1.01339
1.01517
1.03471
0.985111
1.01146
1.02415
1.00906
1.01595
1.00223
1.0336
0.981276
0.971495
0.991386
0.956597
0.993404
0.974154
1.01112
0.957922
1.00118
1.05133
1.03639
1.02923
0.974011
1.02211
1.01738
1.00492
0.988334
1.01232
0.993357
1.03336
0.983251
0.979612
0.988937
1.00183
0.968623
0.979735
1.03885
1.00209
1.01368
1.03139
0.991219
0.95829
1.04086
1.01387
1.03486
1.00754
0.985023
0.99641
0.974487
0.997341
0.978201
1.01499
1.04613
1.02332
1.03062
0.94787
0.993967
1.04139
0.9862
1.00794
1.00486
0.954068
1.00995
1.02666
1.01356
0.965876
1.00308
1.00023
1.00643
0.970555
0.98074
1.00784
0.979663
1.04094
0.995899
1.01079
0.991924
1.03335
0.996229
1.06457
1.03151
1.02732
1.00496
0.992258
1.01065
1.00947
0.983684
0.993343
1.01984
1.05752
1.00182
1.01658
1.01405
0.977993
0.995446
1.00163
0.969454
0.97042
1.01298
1.00792
1.0078
0.964238
1.01352
0.981435
0.9902
1.01194
0.998072
1.00811
0.988155
1.02465
0.993624
0.984259
1.0311
1.04374
1.03691
1.0113
0.970944
1.02243
0.981086
1.04998
1.01024
0.984025
0.998966
1.02873
0.990505
0.982552
0.998514
1.00745
1.00235
0.997879
1.04802
0.972798
1.01135
1.04201
0.996022
1.00802
1.03283
1.00213
1.01768
0.990119
1.00983
0.982422
1.0044
0.996351
0.966768
0.986677
0.991849
0.993633
1.01985
1.03855
1.02065
1.00159
1.02197
1.04809
1.03392
1.02713
0.977952
1.00266
1.06481
1.00746
1.00373
0.982983
0.956548
1.0204
1.02388
0.974704
0.972141
0.96519
1.01813
0.96847
0.96704
1.00308
1.0027
0.970959
0.973359
1.00306
1.004
0.970141
0.987849
1.01719
0.995595
1.0049
0.96528
0.999703
1.01344
1.00672
0.978316
0.999375
1.04743
0.977611
0.962641
0.973402
0.965593
0.971214
0.984227
1.02681
1.02542
0.987314
0.959319
0.978162
1.00003
1.01682
1.00213
1.01913
1.02741
1.02517
1.05312
0.98139
0.99011
1.01289
0.986331
0.999392
1.01548
1.01805
1.01267
1.02782
0.995198
1.00292
1.01178
1.01664
1.02034
0.976262
0.992744
1.03429
1.00302
1.01319
1.01874
1.00422
0.955268
1.01363
1.01343
0.995923
0.990944
1.01322
0.995305
1.00825
1.02806
0.991356
0.993301
1.00446
1.01463
1.01676
0.962229
0.987966
0.987738
1.00017
0.978887
1.03256
1.0061
0.989954
1.01711
0.995353
1.00159
1.01303
0.986287
0.995309
0.997076
0.977107
1.01859
0.979937
1.00021
0.980425
0.994706
0.99073
0.986029
0.99438
1.00274
1.03741
1.00098
1.06473
0.995897
0.993982
1.00432
0.989996
1.0217
0.995677
1.0184
1.00979
0.976816
1.03424
1.02382
1.01822
0.995257
1.00778
1.01591
0.98248
0.977196
1.02255
0.995602
0.987023
1.031
1.04277
1.01823
1.0311
0.991235
0.963751
0.944554
1.02126
0.990465
0.984747
1.02433
1.00243
0.986538
1.02535
0.971342
0.990833
1.01128
0.979395
1.0108
1.02451
0.972323
1.01579
1.02141
0.96735
0.986906
1.06041
0.991074
0.980098
0.990283
1.03386
1.00867
0.99846
0.992098
0.956019
1.00185
1.04505
1.04449
0.989761
0.981383
0.966804
1.01448
1.00804
0.989973
1.00179
0.966442
0.999016
1.00314
0.991257
1.01634
1.01461
1.01202
0.995378
0.97108
1.00774
1.01343
1.01783
1.06182
0.966575
1.02389
0.960741
1.03552
0.974638
1.02832
0.965209
0.97187
0.975066
1.0276
0.982525
0.987697
0.972598
1.03178
1.02486
0.966063
0.997545
0.970233
0.972267
0.985511
1.017
1.0437
1.02663
1.01344
1.02678
1.0197
1.00285
1.01796
1.02614
0.97695
0.986764
1.055
1.01698
1.00996
0.980602
1.02872
0.983691
1.02146
0.973154
1.00854
1.02654
1.00609
1.01729
1.00658
1.02944
0.968976
1.06464
1.01631
0.9579
1.0103
0.994885
1.00261
0.995808
1.00985
1.01318
0.988631
0.960504
0.983209
0.967743
0.998461
0.986302
1.01583
0.966118
1.0292
0.949972
1.03972
0.968737
0.984306
1.01974
1.01765
1.01983
0.955409
1.02053
1.02083
1.01113
1.01681
0.998735
1.03544
0.96985
1.02668
0.988429
0.987206
1.03415
0.98211
1.01943
1.00874
1.00873
1.03448
0.953349
0.968966
1.01346
0.99795
0.959626
0.983559
1.00324
0.992927
1.01591
0.985569
1.05958
0.993647
0.991088
0.944132
0.971193
1.00446
1.02997
1.00897
0.965973
1.02303
1.03959
0.97285
0.979384
0.971444
1.0201
0.975653
1.02854
1.01539
1.03217
0.985703
1.01451
0.968161
1.03153
0.924928
1.01491
0.974257
1.05761
1.01053
0.995077
0.980315
1.00831
1.00093
0.974271
1.02636
0.996037
0.983301
1.00596
1.00042
1.01338
1.00971
1.00821
0.985347
1.00772
1.01724
0.989498
1.0152
0.969671
1.02236
0.963132
0.985576
1.03846
1.01538
1.00492
1.02544
1.02026
1.0042
0.974107
0.984838
0.984183
1.02713
0.995398
1.02054
1.00634
0.988413
0.991223
0.963634
0.972637
1.01868
1.03746
0.997067
1.02816
0.985117
0.980432
1.00537
1.02354
1.02702
1.01396
0.9427
1.00604
1.07001
0.996481
1.00931
1.02043
0.992801
1.02733
0.985179
0.974339
1.02916
1.00723
1.05853
0.962107
1.06332
1.02701
1.01909
0.974771
0.996372
0.974672
0.990063
1.01511
1.05302
0.991627
1.06882
1.00885
1.00377
0.984558
1.00398
1.02141
1.0216
0.997643
1.00775
0.99359
1.01966
1.00352
1.00635
1.05099
1.03656
0.965141
1.03459
1.05661
0.998272
1.01241
0.991466
1.01399
0.987137
1.00816
0.999819
0.982
0.995519
0.957983
1.07838
0.992984
0.985382
1.00967
0.999827
0.98992
0.997193
1.05814
1.00983
1.01418
1.0262
1.01233
0.972097
1.00445
0.996184
0.983069
0.996048
0.989812
1.01822
0.998305
0.996981
1.02837
1.02257
0.99176
0.958776
1.02851
0.982047
0.99213
0.974978
1.03609
0.96845
0.998505
0.979324
0.984788
1.01807
0.989205
0.989282
0.945115
0.971574
1.00393
1.02334
1.02039
0.989824
1.03163
1.02354
0.99905
1.02758
0.98237
0.939841
1.00911
0.99047
1.0304
1.00742
1.03788
0.942935
0.961156
0.973545
1.00505
1.04261
0.962996
1.01458
0.987461
0.996162
1.00191
1.01365
1.00384
1.05168
1.0241
1.0177
1.01916
1.00255
1.00962
0.984255
0.976018
0.967752
1.01684
0.981211
1.00668
1.01864
1.02499
1.01758
0.950333
0.994579
1.02163
0.997065
1.01515
0.990112
0.966674
1.01972
0.99743
0.985366
0.999778
1.02117
0.971145
0.984441
0.967847
0.994501
1.05519
0.988685
0.978226
0.995584
0.985627
0.992992
1.01786
1.0326
0.98593
1.03687
0.972473
1.0204
1.02215
1.01198
0.985787
0.997386
1.0127
1.02191
0.988152
0.973942
1.04767
1.0115
0.957451
0.958748
0.988812
1.00818
1.04068
1.00454
1.0125
1.01566
0.990691
1.01881
0.967262
0.991807
0.997413
0.985652
1.01382
0.996568
1.00047
0.995375
0.975258
0.996425
0.962255
0.979677
0.950855
0.98958
1.02265
1.06246
0.973146
1.00053
1.02478
1.01288
1.05172
1.0124
1.01216
0.980658
1.02127
1.00498
1.02207
0.999928
1.01481
1.00903
0.94605
1.01372
0.994528
1.02829
0.999331
0.983507
1.00558
0.985227
1.0351
0.984372
1.01639
1.01577
1.00804
0.977843
0.99001
1.03296
1.08786
0.968926
1.00092
1.04135
0.965171
1.02019
1.00194
1.02435
1.02371
0.986511
0.971942
1.05025
1.02801
1.03615
0.949979
1.02882
0.981348
0.998058
1.02446
1.00632
0.980588
0.997597
0.961238
0.969864
0.991533
1.00975
1.01959
0.994745
1.00978
0.959171
1.02122
0.994125
1.02682
1.03795
0.990002
1.02464
1.01118
0.973948
0.961664
1.0079
0.999019
1.04913
1.05671
0.994058
0.970745
0.983455
1.0037
0.968879
1.01331
1.00963
0.970464
0.988364
0.980509
1.00222
0.988332
1.01206
1.01326
0.998876
1.03136
0.986236
1.02412
0.971917
1.02316
0.984609
0.983691
1.00586
1.00382
0.99342
0.993193
0.991798
0.987194
0.992768
1.03662
1.02293
1.03152
0.985268
1.02819
1.01771
1.02486
0.990354
0.994052
0.9975
0.974718
0.984993
1.02176
0.979531
0.99853
1.00537
0.969021
0.995358
1.02534
0.977825
1.01621
0.988251
1.01988
1.03793
1.03529
1.00118
0.992354
1.0327
0.977118
1.01828
1.02863
1.02028
1.04138
0.988379
0.989656
1.03133
1.00184
1.04758
1.00318
1.02241
0.999786
0.965291
0.97932
0.977359
0.938712
1.00866
1.0058
1.01989
0.992903
0.966367
1.00887
0.987217
0.97159
0.998137
0.97734
1.01823
0.970229
1.01439
1.01901
0.991878
1.00905
0.992247
1.03015
1.02186
1.05813
0.984763
1.0104
1.00219
1.04047
0.997205
1.00888
0.962709
0.961546
0.957699
0.995632
1.02403
1.03889
1.00251
0.972965
0.992832
0.97244
0.962136
1.04643
1.01612
0.983374
1.01924
1.00736
0.988279
0.978435
0.995692
0.960982
0.992263
1.01833
0.982636
1.02692
1.02596
1.04183
0.988744
0.977879
1.05246
0.983864
0.993503
0.976915
1.002
1.01556
1.01848
0.973248
0.978795
0.986374
0.978562
1.02835
1.04167
1.00977
1.00996
1.00961
0.998499
1.02642
1.01579
1.00972
0.988141
0.985095
1.00179
0.989496
0.989491
1.04165
1.03806
0.996745
1.02654
1.00441
1.01142
0.973916
0.977675
1.0455
0.96671
0.983501
1.0368
1.0009
0.985638
1.0082
0.981194
0.968587
1.00729
1.00469
1.0109
1.01509
0.994982
0.996126
1.0037
1.01766
1.01717
1.01167
0.986869
1.01551
1.02686
1.02833
1.03556
1.0478
1.00627
1.03902
0.973118
1.01856
1.01662
1.01824
1.02908
1.00803
0.988717
0.959138
0.966654
1.03882
1.0086
0.967694
0.997142
0.983913
1.01133
0.973832
1.01542
1.00455
0.961957
1.01667
0.997264
1.03875
0.990589
0.987283
0.95854
1.00416
0.996441
0.976799
0.929587
1.00406
1.01674
1.03782
1.02629
0.944775
0.964125
1.01564
1.03594
1.01074
0.988564
0.998484
0.978276
1.0421
1.00117
0.994078
0.978036
0.99772
1.00523
1.01574
0.942114
1.02154
0.994512
0.995787
1.00148
0.987951
0.989953
1.0091
1.00469
1.01148
0.968954
0.999794
0.98787
1.02418
1.0163
0.97475
0.989919
0.984593
0.992066
0.980819
1.02604
1.01686
0.938215
1.01628
1.03675
0.98483
1.00523
1.00454
0.970106
1.02592
0.956939
0.976784
1.01989
0.977608
0.988136
1.00787
0.961648
1.0242
1.00633
0.990881
1.02314
0.990709
0.9706
1.04165
0.987137
1.01627
1.01946
0.973942
1.03065
1.03236
1.01323
1.00989
0.987165
1.05423
1.00139
0.94812
1.01089
0.99429
0.98934
1.0383
0.961733
0.991811
0.99442
1.03493
0.975097
0.951332
1.00448
1.01566
1.03645
1.00108
1.01517
0.983182
1.03137
1.00581
1.00338
0.995726
0.983819
1.0043
1.02342
1.03251
1.04428
1.02481
1.01714
0.997295
0.983822
1.02886
1.01782
0.962569
1.0514
0.987639
0.981303
1.04143
0.967914
1.03057
0.974479
0.982224
0.996058
1.00371
0.994144
1.04461
1.00617
0.98772
0.988941
1.015
1.02554
0.986842
0.956427
1.03634
1.01681
1.02403
1.0079
1.03255
1.01879
0.955922
1.01059
0.979744
1.00842
1.00229
0.987692
1.04188
1.00157
1.00356
0.970523
1.00493
1.03732
0.982925
1.02067
0.979118
1.02031
1.02611
0.989926
1.00875
0.989636
1.00609
1.02173
0.982352
1.02534
0.972654
0.998172
1.01028
1.02693
0.985446
1.00843
1.00803
0.995968
1.01725
1.01645
1.00741
0.998847
1.01091
1.0202
0.988751
1.00871
1.00816
0.980939
1.0385
0.956277
0.952729
0.948185
1.00205
0.99698
1.00197
0.989627
0.992187
0.95637
1.01149
1.05085
0.968428
1.03203
0.977815
0.948264
0.992224
0.992757
0.988452
0.990384
1.01015
0.994408
1.01204
1.0029
0.93796
1.03862
1.05186
1.03473
1.01732
0.986502
1.00407
1.02204
0.981151
0.951347
0.987417
1.01955
1.00586
1.00109
0.95553
1.00389
1.03372
0.995176
1.0424
1.03821
0.973343
1.04454
0.984032
0.950683
1.00189
0.984412
1.00673
1.00675
0.956528
0.971536
1.02047
1.01296
1.02617
1.02514
1.02313
0.970503
1.0011
0.974751
0.959044
0.997438
0.998814
1.00568
1.06706
1.01392
1.02131
0.975649
1.00655
1.02662
0.990607
0.964989
0.973395
0.999213
1.02722
0.997117
1.00304
0.981208
0.972931
1.02734
0.998902
0.988308
1.04675
0.920857
1.04688
1.05787
1.00333
1.04523
0.945343
0.963399
1.00762
1.06153
0.991385
1.00922
0.980373
0.979474
0.989823
0.992028
0.967746
0.972992
1.0068
1.01106
0.96061
0.985617
0.975104
0.996713
0.998171
0.996881
1.01284
0.958435
0.995372
0.966723
1.03369
0.968354
0.990946
0.978907
0.964198
0.997041
1.02877
0.987199
0.98164
0.951695
0.980166
0.993226
0.965347
1.02
1.01684
1.03546
0.982618
1.02778
0.99926
0.984364
1.01699
0.981874
0.99619
1.01978
0.9623
1.00248
0.997974
0.988051
0.946148
1.03762
0.985767
0.995824
1.019
1.0082
1.01111
0.97753
1.02551
0.969699
0.991957
0.930694
0.987282
0.988545
1.02244
0.9494
0.99547
1.01189
0.982298
0.990585
1.0002
1.02397
0.989478
1.02114
0.980683
0.975254
0.983118
0.983091
1.01131
1.01135
0.983741
0.992808
1.01441
1.03032
0.962432
0.979981
1.03437
0.956364
1.01663
1.02545
0.972434
1.00657
0.995349
1.00176
1.01518
1.0396
1.01863
1.03866
1.02215
1.005
1.02397
0.984277
1.0174
0.977602
0.9778
1.00238
0.93412
0.981541
1.00032
1.01049
1.04635
1.00419
1.0539
0.949475
1.02704
0.989119
0.985656
0.937011
1.01998
1.0216
1.01733
0.997277
0.984277
0.998781
1.00916
1.04986
1.03692
1.02984
0.946111
1.00917
0.952032
1.04421
0.953115
0.996164
1.00234
1.04476
1.01038
0.968335
0.984152
1.0534
0.984116
0.971095
0.980418
0.959076
0.973028
1.02566
0.994574
1.00122
1.01699
1.03109
0.985072
0.998485
0.968641
0.993264
1.00441
1.03487
0.962767
1.01426
1.01245
1.03669
0.989789
1.01945
0.995877
1.00697
0.96157
0.994218
0.994757
1.01956
1.0131
0.981891
0.954046
0.993108
0.991701
0.941797
0.989459
0.958022
0.996877
1.01788
0.986742
1.00215
0.99934
1.02694
0.994219
1.02155
1.00125
0.996511
0.992003
0.947369
1.00953
1.01648
0.975941
1.00345
0.990849
0.995334
1.0051
1.0149
0.988317
0.989725
0.972014
1.01157
1.05867
0.97454
0.969944
1.01152
0.930171
1.02461
0.98528
0.981386
0.997719
1.05123
1.00007
1.00844
0.999072
0.97761
1.02131
1.03405
0.991371
0.950948
0.97495
0.991079
0.974872
0.996635
0.939589
1.01459
1.02572
1.01027
0.958746
1.04854
1.03354
1.01481
0.967357
0.99708
1.01351
1.03676
0.966486
1.0946
0.980156
1.03538
1.01628
0.988915
1.00104
0.9907
0.968625
0.989185
0.992802
1.00148
1.01517
1.00958
1.00142
1.00354
0.988665
1.01802
1.00217
0.993569
1.01586
0.964781
0.993106
0.972455
0.980604
1.03612
1.00178
0.984212
0.991375
1.00951
1.02232
1.01372
1.00338
1.00049
0.966786
0.999737
0.994537
0.997108
1.01886
0.994226
0.986021
0.964158
1.01783
1.00315
1.01425
1.01435
0.957756
1.01377
1.01774
1.05992
1.00282
0.972383
0.955765
0.998638
0.959043
1.00113
1.03838
1.00306
0.970591
1.01511
1.01138
1.01278
0.990221
0.998287
1.02417
1.02892
1.01504
1.009
1.0096
0.982651
1.00531
0.959182
1.02783
1.04354
0.979329
1.00243
1.01806
1.02072
1.00832
0.997933
0.93382
1.02258
1.02006
1.05152
0.991396
0.98406
1.01938
0.996132
1.01428
1.00996
0.969906
1.00911
1.00204
0.956718
1.04194
1.01855
1.02578
0.945993
0.988055
0.956743
0.995671
1.02597
1.02139
0.980035
0.999093
1.01937
1.02084
0.979711
1.02236
0.999086
1.01367
0.958247
1.01637
1.03005
1.00442
1.01128
0.989101
1.04152
0.996927
0.986758
0.940626
0.994042
0.990126
0.991419
1.00047
1.03819
0.981537
0.975458
0.986826
0.995539
1.01745
0.992611
0.99148
0.968548
0.998526
0.963449
0.995639
0.986312
1.01288
1.0031
0.985525
0.978337
0.980027
1.02426
1.03733
0.966575
0.999788
0.99807
1.02685
0.975517
0.973716
1.01511
0.9982
0.999718
1.0128
0.969728
0.971481
1.01114
1.02506
1.01386
1.03879
0.99933
1.04461
1.02088
0.974879
0.964092
0.971449
0.964104
0.968922
0.989008
0.99366
1.03399
0.976235
1.03247
1.0216
1.0348
1.02904
1.01817
1.03532
1.0111
0.98466
1.00046
0.97592
0.999502
0.976793
1.04198
0.984076
0.984231
1.01003
0.986568
0.990777
0.977646
1.00246
1.00089
1.04313
0.949617
0.932567
1.0049
1.04127
1.00681
0.980774
1.03423
1.00878
0.983552
0.98522
1.02018
1.03498
1.01101
1.03201
1.00101
0.988253
1.05226
0.973166
0.945618
1.00929
0.949536
0.994295
1.02503
1.01148
0.970776
1.01354
1.02866
0.960312
0.995823
0.998297
1.01358
0.975936
0.976051
0.988773
0.96884
1.00974
1.00181
0.985048
0.996275
1.03569
0.983881
1.01092
0.967237
0.989973
0.962394
1.05919
1.0402
0.956492
0.99008
0.979719
1.00833
0.990256
0.951893
1.01798
0.977563
0.981043
0.996637
1.01303
1.01128
0.985822
1.04518
0.956325
1.05533
1.01168
1.02078
0.985766
0.987691
1.00633
1.0479
0.993297
1.01859
1.02994
1.03203
0.990377
0.99294
1.03439
0.986391
0.97577
0.995174
1.04421
1.02038
0.976622
0.987142
0.968857
0.97267
1.00155
0.982728
0.996653
1.01499
1.05784
0.995557
0.970358
1.00398
0.966476
0.988505
0.980112
1.00771
0.974913
1.03296
1.01222
1.01842
0.990778
0.95542
1.03702
1.04546
1.02552
0.952309
0.995715
0.963756
1.01433
0.96527
1.04067
1.04256
1.01872
1.01474
1.01864
1.03721
1.00782
1.01424
1.02055
0.98436
0.973246
1.04841
0.980914
0.977096
0.968086
1.03254
0.99485
0.973723
1.04805
1.01624
1.0008
1.0126
0.938744
0.979512
0.976305
1.02686
0.996422
0.992099
1.00155
1.02172
0.973918
0.980403
1.07381
0.990006
1.00693
0.9909
1.05291
1.02717
0.960708
0.96334
1.02533
1.01555
0.99946
1.02801
1.01824
1.00905
0.998973
1.02581
0.974169
0.97111
1.00041
1.007
1.01485
0.994036
1.03284
1.04393
1.00259
1.00928
0.989687
0.969118
0.99416
0.996358
0.973392
1.0047
1.02131
1.00385
0.9715
0.98636
0.993768
0.984114
1.04323
1.00931
0.998473
0.982545
1.00417
0.989912
0.989194
1.00671
0.985724
1.02741
0.961453
1.01295
0.994783
0.998026
1.00833
1.03506
0.979058
0.99291
1.02838
0.994601
1.0058
1.00409
1.00151
1.00007
1.00788
1.0111
1.02433
1.00715
1.00921
1.01193
0.997702
1.00472
1.02586
1.03011
0.986179
0.98267
1.01766
1.05212
0.960878
1.00315
0.971764
0.939066
0.97793
1.02784
1.00498
0.967972
0.96967
0.977475
1.01692
1.00642
0.936882
1.01013
0.976672
1.00218
0.977659
1.0015
1.00513
1.02235
0.986247
0.989824
1.01194
1.00456
0.998269
1.02997
1.04949
0.977088
0.988335
0.968044
0.991698
1.0207
1.01872
1.00398
0.99083
0.95719
1.03544
0.988843
1.0118
1.03279
0.94427
1.0123
1.01016
0.972138
1.0432
0.98866
0.996463
0.988497
0.967659
1.01612
0.999843
0.986361
1.01396
0.995988
0.992359
0.980774
0.998458
0.988109
0.989728
0.979208
1.0144
1.01842
1.00472
0.985003
1.03243
0.97065
1.0081
1.03371
0.96725
1.00924
0.99266
0.999998
0.981191
1.02462
1.01799
0.963083
1.01077
1.01043
0.980167
1.03081
0.959075
0.998781
0.977178
0.988245
1.0395
1.00793
0.987761
0.949766
1.02143
0.96836
1.00161
1.02599
1.00058
1.0105
0.987641
0.973519
1.02226
0.965589
0.986838
1.00793
1.0023
0.977564
1.00075
0.953109
1.01044
0.988494
1.00668
0.977713
1.00056
1.01136
1.02471
1.00644
1.00125
1.01538
1.0484
0.995456
1.00965
1.01637
1.00123
1.00322
0.973753
0.982135
0.997834
1.00177
0.98641
0.990612
1.01271
0.98859
0.953409
0.98704
1.00814
1.00799
1.01835
1.02528
0.987856
1.01687
0.971754
1.00154
0.983187
1.0077
1.02178
0.970017
1.02812
1.01436
0.978029
1.05258
1.00429
1.04089
1.00239
0.97218
1.01403
0.987894
1.00886
0.997272
0.957357
1.01955
1.00559
0.980163
1.05557
0.99793
1.04986
0.952205
1.01084
1.01369
0.995252
0.995639
1.03866
0.999651
1.01706
0.967413
1.01966
1.04726
1.00622
0.965618
0.980677
1.03278
0.986606
0.981257
1.00772
1.02343
0.950553
0.969727
1.03327
0.986721
0.946018
1.04242
0.991529
1.01395
0.986179
1.00159
1.01241
0.989577
0.991707
0.990839
1.01115
0.998834
1.01216
0.969411
1.03946
0.995312
0.977426
1.04478
0.994841
1.00358
0.991747
0.96286
0.972899
0.974424
1.00272
1.0459
0.985347
1.0226
1.01843
0.944931
0.976517
0.976987
0.985351
1.04279
1.02989
0.99441
1.00172
1.01158
1.03922
0.969478
1.00297
1.02821
0.996233
0.997171
0.989298
0.963338
1.01096
0.989999
1.01561
1.02547
1.005
1.01625
1.03121
0.97107
0.972203
0.991359
0.981259
1.03564
0.974021
0.980088
0.989585
0.980799
0.965962
0.984128
0.980451
1.03075
0.997799
0.983308
0.965406
0.98908
1.00697
1.03175
0.980123
0.988324
1.00877
0.991017
0.994459
0.978695
1.01995
0.996663
0.974363
0.989351
1.03953
0.992893
1.01291
1.02376
1.01962
1.03322
1.0135
1.00872
1.0449
1.02135
0.974571
0.963699
1.01469
0.980447
0.989152
0.990866
0.995421
0.97158
1.00578
1.05122
1.00914
1.01783
1.01532
0.986301
0.990352
0.995754
1.03632
1.00363
1.00692
1.01363
0.95756
0.958126
1.02771
0.978217
0.964462
1.01623
1.02166
0.969487
0.988237
0.978332
1.02019
0.987126
1.02523
1.0197
1.03725
1.00369
1.03639
1.02628
1.04335
0.974845
1.01262
0.991722
1.01812
1.01648
0.962265
0.990229
0.941093
0.956223
1.04261
1.01605
1.00551
1.01231
0.99093
1.00126
1.03822
1.01064
1.02277
1.00315
1.00254
0.961619
0.994065
1.01967
1.01531
1.02672
0.974173
1.01007
1.01192
0.989444
0.984582
0.995233
0.980257
0.988129
1.00691
0.993876
0.987351
1.02047
1.01532
0.995627
0.972647
1.0244
1.02169
1.03817
0.997867
0.979831
1.01176
0.984106
1.00641
0.985814
0.953318
1.00269
1.03854
0.99155
1.02545
0.976364
0.974402
0.977817
0.999609
0.981465
0.994242
1.00878
0.972493
1.05931
1.00866
1.04139
0.968303
0.996188
1.05377
0.98412
1.022
1.01007
1.03522
1.0002
0.987707
1.02622
1.02
0.96291
0.994509
1.02614
1.01024
0.997073
1.01549
0.955754
0.984314
0.98664
0.976695
1.01054
0.981911
0.989313
1.02121
1.0308
0.968271
0.963243
0.997021
0.997277
1.02456
1.04093
0.994437
0.947489
0.990153
1.03493
0.985315
1.05013
0.982555
0.966667
0.943008
0.977435
1.02918
0.985152
1.01216
1.04356
1.01547
1.04079
1.00031
1.05552
1.03159
0.956247
1.02935
0.994801
1.01145
0.992084
0.995814
1.02315
1.02113
1.00013
1.00136
1.01843
0.979891
0.990084
0.966531
1.01482
1.0159
0.989723
0.977845
1.03918
1.00253
1.00567
0.982993
0.960226
0.976824
1.01291
0.993681
1.01807
1.0108
1.01915
0.99832
1.00943
1.00742
1.0451
0.995549
1.01893
1.00118
0.988442
0.970708
0.980142
0.977735
1.01467
0.973748
0.951804
0.997466
1.01029
1.02363
0.983257
1.01643
0.991287
1.07217
0.963442
0.98032
0.999779
1.01506
0.95073
1.00083
1.0204
1.00928
0.996355
0.986089
0.993715
1.00673
0.982362
1.06322
1.03073
1.02022
1.00766
1.02766
1.04719
1.0019
1.01171
0.9928
0.986658
1.03089
1.01028
0.969314
1.01291
0.973885
0.999928
1.01754
1.00041
0.983566
1.03894
1.01503
0.966436
1.00255
0.992781
0.992773
0.929337
1.02954
0.954948
0.989126
0.984206
1.00441
1.00354
1.01325
0.988198
1.02654
0.996692
0.995162
0.993642
0.992202
0.985715
0.963822
1.02392
1.01692
0.97284
0.970953
0.985676
0.989651
1.01512
0.991462
0.987299
0.9672
0.987447
0.97976
0.984484
0.970993
0.952309
1.00785
1.01665
1.01391
1.00882
1.01686
0.993226
1.00306
0.989825
1.01413
0.994705
0.96699
1.00101
1.04215
0.948937
1.00086
1.00234
0.963902
1.01995
1.00647
0.997828
0.96935
0.99646
0.977016
0.998066
0.997431
0.976618
1.02663
0.976507
0.979414
0.999834
1.03685
1.02867
0.962255
1.00812
0.991206
1.00678
1.00205
1.01493
0.928849
0.974165
0.967054
1.03953
0.969692
0.978516
0.977129
1.00814
1.01425
1.02053
0.943532
1.00342
0.985828
0.951672
1.02458
1.03868
1.00492
1.02426
1.00901
0.983641
0.997014
1.01862
0.989107
0.967987
0.975835
0.998978
0.975992
1.02437
0.994482
0.979639
1.04089
1.02126
0.98538
0.994985
0.993657
1.00526
1.00166
0.951714
1.01459
1.02519
1.03115
1.02112
0.995348
0.974836
0.980657
1.0025
0.916279
0.96254
1.00009
0.991412
0.994777
1.01474
0.993385
0.95308
1.04469
0.971751
0.969835
1.0114
1.0112
0.979859
0.959152
1.00537
1.00274
0.967325
1.00923
0.992035
0.974273
1.0044
1.0155
1.0537
1.01342
1.01501
0.991308
0.998878
0.960867
0.971014
1.04171
0.988804
0.95717
1.04239
1.005
1.01439
0.989701
0.995846
1.03778
0.974871
0.987733
0.98785
1.03471
1.01222
0.965141
1.01589
1.0145
1.01903
1.04035
1.003
1.02331
1.02834
0.996592
0.98059
1.01943
1.00997
0.988531
1.00014
1.00915
1.01979
0.983182
0.953842
0.963811
0.977325
1.01351
1.02359
0.956696
0.976308
0.995751
1.04222
1.03274
1.07022
1.0111
1.00523
0.996135
0.978511
1.02202
1.03323
1.01167
1.01402
0.956764
0.991539
1.00761
0.990776
0.996954
0.971767
0.982204
1.00721
0.973525
0.997472
0.975382
0.933082
0.984809
0.991342
1.01203
0.941973
0.974023
0.992226
0.996118
1.0059
0.973706
1.04466
0.953928
1.00137
1.022
1.0035
1.02571
0.983239
0.952491
1.02511
0.968905
1.04401
0.979529
0.996423
0.98999
1.00837
0.990253
1.00406
0.990571
1.01934
1.00963
1.01697
0.98398
1.05305
0.999838
1.00944
1.04657
1.01343
1.01164
1.00276
1.00145
0.978791
1.02669
1.01248
0.998635
0.987915
1.03761
1.00612
0.956027
1.00668
1.00106
0.993936
0.969276
0.9914
0.992126
1.05835
0.974376
1.01506
1.00453
0.942858
1.04313
1.01225
0.993914
1.01303
1.04577
1.01909
0.986409
0.979004
0.995516
0.995474
0.989871
0.985655
0.970172
0.996091
0.972496
0.948972
1.03658
0.983823
0.993327
0.995697
1.03897
0.953128
0.996534
1.00589
0.943761
0.993062
1.01961
1.01855
0.996584
0.929801
0.942373
1.01185
1.01782
0.981711
1.02997
1.01526
0.964838
0.988864
1.00502
0.986031
1.03396
0.923197
0.9792
1.0137
1.02808
0.994234
1.00243
0.985855
0.98712
0.957073
0.998075
0.979135
1.02225
0.983415
1.01301
0.942
1.02014
0.957209
0.969112
1.01062
1.02687
1.01762
1.0144
1.03295
1.00469
0.964976
0.9889
0.996226
1.00552
1.01849
0.977812
0.978149
1.0193
0.988608
1.00164
0.988151
1.00576
0.961561
0.990287
1.03553
1.03533
0.973428
0.993969
1.03899
1.0297
0.946024
0.954232
1.03848
1.00754
1.01229
1.01211
0.974541
0.945205
0.985379
1.01498
1.05108
0.979515
0.99562
1.00104
0.975029
1.02056
1.00652
0.981403
1.00615
1.00641
1.00613
0.991024
0.957453
0.930867
0.988862
1.00664
0.990463
1.00073
1.01868
1.01336
0.961329
1.02657
1.02105
1.01947
0.985973
1.01253
0.964531
1.02444
0.986567
1.01483
0.966065
0.99841
0.97174
0.998354
1.01197
0.983246
0.96581
0.972897
1.029
1.00057
0.981492
0.994555
1.03175
1.0055
1.01038
1.01845
1.00266
1.02254
0.961581
1.01208
0.960024
1.07452
0.997662
0.988886
0.968054
1.0442
1.01154
0.986805
0.979247
0.977767
0.970653
0.957189
1.00733
1.04013
1.01302
0.989779
0.960182
0.978098
0.976455
1.00884
0.977245
1.00148
0.986426
1.0017
0.970774
1.00519
1.00472
0.97984
0.999187
1.05474
1.00115
0.997589
0.999086
1.02605
1.00304
0.980668
0.990159
1.00587
1.00174
0.944122
0.974207
0.981293
1.00909
1.00503
1.02852
0.961095
1.00124
0.939142
1.01697
1.00965
1.01401
1.0427
1.04522
0.996421
0.988765
1.03755
1.02206
1.03918
0.996289
1.01618
0.982831
0.97684
0.994101
0.99919
1.01603
0.996031
0.990971
1.01148
1.00327
0.992035
1.00436
0.988465
1.01585
0.970025
0.980607
1.00755
0.986446
0.992367
1.02841
0.968998
1.04567
0.987454
0.989858
0.972767
0.995928
1.02037
0.995582
1.00208
1.01228
1.01504
0.991006
1.01274
0.998353
0.983594
1.01559
0.974758
0.994748
0.972815
1.02565
1.02992
1.02823
0.999114
1.05971
1.03777
0.951767
1.05474
1.004
0.956687
1.00156
0.979679
0.997572
1.03225
1.01891
1.02189
1.01199
1.0012
0.994321
0.995511
1.02428
1.01888
1.02613
1.00798
1.01716
1.00822
1.01413
0.986357
0.99442
1.02432
0.976142
0.968043
0.993437
1.03034
1.01454
0.999637
0.958565
0.994842
0.995445
1.02499
0.987416
0.980064
0.95344
0.989551
1.00478
0.974833
0.986124
0.951118
1.0228
1.00785
0.992299
0.96784
1.01463
1.00664
0.968796
1.01587
0.979397
1.01853
1.0085
1.00098
1.02123
0.957065
1.02801
1.01182
0.977416
0.961064
1.02757
1.0326
0.998275
0.985027
0.982859
1.00635
1.00393
0.997974
1.01276
0.992828
1.00063
0.987092
0.996196
0.986285
0.954079
1.0233
0.996786
1.00023
0.987225
1.00712
0.954925
0.981506
1.05424
0.990552
0.998057
1.02531
0.998167
1.00228
1.03131
1.00733
0.979751
0.99491
0.948648
1.00779
1.00366
1.00272
1.00013
1.03665
1.03422
1.00197
0.980735
1.00182
1.00145
1.04197
1.05501
1.00988
1.03028
1.02284
1.0055
0.947428
1.02258
1.0268
1.02296
0.988956
0.976628
0.998309
0.994067
1.00966
0.963319
1.00305
1.00433
1.00381
0.991796
1.01017
1.03086
0.984884
1.03534
1.00901
0.964816
0.972428
0.935441
0.942587
0.99756
1.01885
0.998185
1.01251
1.03205
1.00239
1.00687
0.953489
1.00855
0.936779
1.01954
1.00012
1.03722
1.00442
1.04074
1.02824
0.976003
1.01191
0.988133
0.961838
0.957569
0.936712
1.02114
0.953573
0.994086
0.991304
1.05302
0.968199
0.965769
1.02237
1.00743
0.974099
0.988703
0.953702
1.01549
0.976255
1.06159
1.04106
0.967728
1.01068
1.0424
1.00907
1.03368
0.973058
0.996913
1.00898
0.967543
0.984062
1.02562
1.01399
0.966227
0.988754
1.01613
1.00197
1.01763
1.02616
1.05607
0.937595
1.01952
0.995263
1.00808
0.967501
0.975215
1.01623
0.959408
1.04497
0.985269
0.964928
0.961625
0.9993
1.01208
1.03583
1.01329
1.01796
0.955973
0.972445
1.02505
0.98428
1.02461
1.03603
1.00387
1.01092
1.03179
0.967029
0.980678
0.997783
1.01194
0.989436
1.00759
0.987975
0.998063
0.997158
0.968034
0.994989
0.982257
0.972404
0.982238
1.01627
0.998936
0.981917
1.01467
0.995178
0.980014
0.991741
1.00836
0.986796
1.02671
1.01812
1.02949
1.04404
1.02758
1.0242
1.00577
0.979315
1.01795
1.03247
1.02741
1.04149
1.01173
1.00099
1.02392
1.007
1.01795
0.994592
1.02077
1.02931
0.989914
0.980891
1.00382
1.02988
0.977786
0.983823
0.978858
1.03564
0.962956
0.975178
1.00447
1.01428
0.965661
0.986619
0.996627
0.977545
1.0084
1.00817
1.01316
1.01933
1.00647
1.00243
0.987352
1.03555
1.0252
0.981474
0.96059
1.00634
0.967049
1.02829
0.996529
0.994244
0.980748
1.01778
0.981296
0.986981
0.991881
1.00208
1.00607
1.02867
1.01521
0.969197
1.00379
0.980144
0.990449
1.03295
0.952711
0.976494
1.02562
1.00552
1.01019
1.00068
1.02876
0.984395
1.032
1.02831
1.04124
1.03632
1.02298
0.953004
0.965129
1.04174
1.01636
0.963933
1.03508
0.991086
1.01975
1.00912
1.00261
0.956893
0.9449
1.01789
1.00207
1.00519
0.98258
1.02064
1.00155
0.961037
1.05621
0.995526
1.02435
1.00412
0.972813
0.973742
0.973265
0.999376
1.02165
1.01543
1.00279
1.00949
1.00974
1.01731
1.01619
0.973754
1.02161
0.992778
1.03163
1.00685
1.0129
0.986491
1.04587
1.01714
0.988588
1.01423
1.00366
0.994537
1.0125
0.959941
1.0029
0.988735
0.968258
0.976167
0.998179
1.00485
0.986501
1.03909
0.985038
1.04028
1.01567
1.01076
0.975581
0.969496
0.984538
1.01761
1.00929
1.00636
0.994745
0.999109
0.948615
0.981924
1.01435
1.01866
0.99719
0.972935
0.985579
0.966245
0.96525
1.03035
0.999788
1.00185
0.975913
1.02766
1.02691
1.03116
0.998573
0.955238
0.974716
1.01762
0.992859
0.986986
1.00358
0.979421
0.973209
1.00966
0.981234
1.02245
0.990761
0.979855
1.04925
1.02113
0.993431
0.984326
0.989987
0.940693
1.00393
0.95892
1.01147
0.9958
1.02278
1.01628
0.996135
0.953303
0.99275
1.01768
0.996117
1.04709
1.0214
1.01037
0.994787
0.967961
1.01577
0.997703
1.01059
0.99787
0.996709
1.00497
1.0247
0.980593
0.960051
0.992227
1.02925
0.990806
0.95994
0.989158
0.987028
0.978479
1.00642
0.96963
1.03665
0.957149
1.00162
0.98766
0.999938
0.995718
1.03695
0.989142
1.01179
1.02012
0.958682
1.07795
0.974062
1.03489
1.0109
1.04158
0.975136
1.00675
0.995285
1.00433
1.0399
0.989519
1.07228
0.99008
0.951775
1.04041
1.00069
0.989101
0.984398
0.942323
1.05163
0.974961
1.01905
1.01738
0.99706
0.984079
0.963025
0.984872
0.999436
0.994569
1.02754
1.02456
1.00942
0.972596
1.00592
1.03693
0.981152
1.06749
1.01979
0.982817
1.01649
0.962186
1.04136
1.00152
1.01006
1.00324
0.988174
0.977792
0.97239
1.02167
1.02289
0.983712
0.989384
1.02979
1.01393
1.03276
1.05548
1.00777
0.993378
1.00527
1.00524
0.999816
1.03369
0.968234
0.964727
0.97131
1.0341
1.00754
0.997552
1.02703
0.995046
0.991928
0.994054
0.978703
0.964316
1.03827
0.9795
0.997123
1.00654
0.998463
1.03284
1.01475
0.97195
0.98577
1.00899
0.961667
0.969336
0.978824
1.00043
1.00723
1.01629
0.997568
1.01902
0.978443
0.991559
0.987936
1.00776
0.976909
0.991437
1.02895
1.06299
0.969274
1.01097
1.0034
0.995844
1.01633
0.96957
1.04607
1.01998
1.0042
0.999496
0.949589
0.967595
0.991327
1.00139
0.944636
1.02482
0.952502
1.01874
1.02724
1.02899
0.986123
1.01799
0.995427
0.985122
1.03627
1.01341
1.02471
0.973754
0.959881
0.993678
1.03216
0.976028
1.04082
1.01153
0.984771
1.00919
1.02942
0.97959
1.0267
1.01291
0.982796
0.98498
0.975486
0.987376
0.977031
1.02099
0.993153
0.993887
0.987406
1.02663
0.996449
0.989715
1.00997
1.00032
0.950205
0.963989
1.00183
0.948931
1.0069
1.00394
0.94623
1.02653
1.04154
0.998996
0.969323
1.00594
0.978732
0.99628
0.962817
0.975702
0.99458
1.01671
0.955382
1.03345
1.00433
0.994852
0.985855
0.974662
1.00385
1.04023
1.02858
1.04953
1.01187
1.0123
1.03057
1.0122
1.01095
0.998883
0.99378
0.981741
0.993208
0.93725
0.969704
0.979533
0.993808
0.979069
1.0179
0.983452
0.97049
1.03149
1.04074
0.97135
0.971612
0.997551
1.00548
0.968842
1.0525
1.00585
0.99475
1.00398
1.01231
1.00044
1.00759
0.980782
0.999894
0.992528
1.01415
1.03408
0.995646
0.985947
0.983458
0.975581
1.00864
1.0193
0.963706
0.996274
1.00042
1.02693
0.992009
1.06522
1.008
0.999972
1.00035
0.987681
0.966297
0.966171
1.02261
0.982991
1.03474
0.968969
0.998333
0.990577
1.01874
0.9598
1.00019
1.05449
1.05034
1.08247
0.997446
0.979517
1.03607
0.975519
0.998723
0.992047
1.02099
0.974889
1.0403
0.978299
1.04114
1.00131
1.0015
0.986024
1.01513
0.972508
0.986857
0.968192
0.98534
1.02644
0.928743
0.986649
0.988568
0.93745
0.952746
0.981181
0.987251
0.99954
1.00261
0.973876
0.993123
0.976393
0.985377
1.04617
0.98071
1.01855
1.06937
1.00956
1.02374
1.0202
1.0103
1.03454
0.966088
0.996589
1.00127
1.01372
0.974853
1.01641
0.993839
1.04343
0.998742
0.984772
1.00351
1.00442
1.00428
0.978371
1.00543
1.00852
1.0169
1.04047
1.00759
0.965751
0.984764
0.985972
0.990836
0.990441
1.01073
1.04126
1.02942
0.988694
0.973499
0.996717
1.00181
0.989022
1.01778
1.00453
0.983768
0.999742
0.969513
1.0304
0.997726
1.00134
0.965656
0.997435
1.00843
1.02911
1.00558
0.965413
1.05228
1.02856
0.952768
1.00347
0.966549
1.00135
1.03871
0.994077
0.955882
0.957543
0.956695
1.00992
0.985909
1.03742
1.01464
1.00012
0.988063
0.993314
1.00701
1.0324
1.04563
1.01087
1.01217
0.989993
0.984203
1.00215
1.00507
0.987103
0.954361
1.01522
0.981386
1.04537
0.973136
0.965007
1.02108
0.996902
0.973282
1.02561
0.988381
1.0171
0.991545
1.02275
1.02296
1.03133
1.01549
1.02358
1.01237
0.97954
0.951328
0.966344
1.03979
1.0063
0.997621
1.02029
1.01076
1.02423
0.998338
0.979894
0.981992
0.998849
0.985523
0.997957
1.0221
0.987331
1.00574
1.05695
0.952974
0.998031
1.02397
1.00965
0.964689
1.00083
0.975659
0.953218
1.04701
1.02193
1.04225
1.04317
0.942365
0.981553
1.01619
1.00929
0.992987
0.983664
1.01964
0.973236
1.00247
1.09748
1.00018
1.0186
1.01798
0.977417
1.00883
1.02715
0.96973
1.0057
1.02762
1.01661
1.01517
1.01503
1.00006
1.00353
0.970996
1.03304
1.0092
0.989138
1.00141
1.01292
0.987961
1.01022
0.998355
0.977361
0.995137
0.928269
1.00674
1.01108
1.03626
0.99996
0.977601
1.0365
0.997453
0.989334
1.01165
0.990518
0.963931
0.981299
0.988222
0.966945
0.98141
0.979659
1.00232
0.989918
1.07085
0.983935
1.02682
1.00271
0.991578
0.968601
1.03661
1.02351
0.969884
0.981446
1.01257
1.01546
0.981375
0.975204
0.998044
1.00161
0.984263
1.00427
0.992455
0.980534
0.98469
0.977642
0.985641
0.987626
0.971397
1.01815
0.95681
0.996343
1.02958
0.9923
0.981633
0.977439
1.05707
1.04048
0.993861
0.95309
0.972003
0.960492
1.01448
0.992021
1.01175
1.009
1.04181
1.01534
0.987533
0.982354
0.972637
1.00267
0.983963
0.969871
0.9891
0.975258
1.02508
0.989777
0.946198
1.05782
0.984826
1.02692
0.999008
0.976789
1.02834
0.963212
1.02951
1.05349
0.990051
1.03253
0.944676
0.991162
0.971457
1.00653
0.987685
1.02709
1.01404
1.01559
0.979209
0.955891
0.978044
0.979809
1.00123
1.00876
1.02923
0.990756
1.01964
0.988511
1.00662
0.989168
0.97692
1.05121
1.01429
0.985897
0.996889
1.03575
0.945271
1.00223
0.99827
0.999323
0.957076
0.995581
0.994043
1.02603
0.945073
1.00526
0.973872
0.97444
1.02096
1.04427
0.99329
0.99917
0.988739
1.02645
1.05344
1.00608
1.04144
1.02472
0.985208
1.03742
1.0436
1.01932
0.998111
1.0436
1.03903
0.989946
0.972413
1.00268
0.989172
1.04439
1.02553
0.996372
1.03008
0.998872
1.00226
0.996242
1.00497
0.95615
0.98898
0.999225
1.01617
1.03425
1.00311
1.04098
0.972463
0.989524
0.997245
1.00214
0.98964
0.936496
0.981805
1.02505
0.943943
1.01469
0.986142
1.01314
0.984642
1.01418
0.984077
0.99002
1.00842
1.07058
0.98401
0.967158
0.999602
1.02706
1.00177
0.975923
0.971531
1.01056
0.999329
1.10604
1.01346
1.01067
0.993149
0.983381
0.924337
1.03428
0.967974
1.01543
1.01367
0.992094
0.973187
1.00485
0.99194
1.03217
0.992581
1.02549
1.01384
0.979702
1.01423
0.978139
1.04892
1.00363
0.977587
1.01591
1.05431
1.03324
1.02311
1.00033
0.981871
1.00459
1.02931
1.04121
1.00999
1.04586
1.03026
0.972053
1.02392
0.9987
1.07364
1.01154
0.946703
0.973487
0.955544
1.00716
0.994293
0.946415
1.01701
1.00158
1.00442
1.02521
1.01597
1.00497
0.9999
0.967832
1.00475
1.0185
1.0204
0.983062
1.00819
1.022
0.971824
0.99233
1.05144
1.00475
1.00356
1.02643
0.958547
0.99854
1.00722
1.00528
1.00358
1.01808
0.988387
1.02216
1.01482
1.01288
1.01886
0.963652
0.954052
0.994541
1.02
1.04184
0.977902
0.989777
0.981948
1.01215
1.01725
0.969754
1.0091
0.988895
1.02821
1.01337
0.997184
1.02641
1.01545
1.01393
1.00453
1.02198
1.00006
1.01599
1.0197
0.979269
0.995036
1.00923
0.986785
0.976049
0.996633
0.962239
0.996488
0.987172
0.923993
1.03879
1.00914
1.0244
1.01013
1.02723
1.02313
0.983784
1.00675
1.00688
0.990684
1.0607
0.967095
0.993266
0.990187
1.0178
1.02658
0.989034
0.988132
0.966227
1.00916
1.04708
0.997391
1.01606
0.986025
0.924887
0.988173
0.998851
1.00739
1.02904
1.06077
0.948748
0.971023
1.00189
0.948962
0.974196
0.940592
0.983559
1.00908
0.960492
1.00329
0.9907
0.984568
0.999668
1.03233
0.987681
0.99464
0.993354
0.985865
0.975783
1.00749
1.00203
1.01862
1.01535
0.983303
1.0181
1.03668
1.00068
1.01925
0.99464
1.02291
0.974583
1.00176
0.999465
0.995953
0.95944
0.996776
1.03284
1.02669
1.0075
0.993871
1.01262
1.00503
0.990115
0.978354
1.07507
1.01678
0.98708
0.96704
0.964437
1.01353
0.992557
1.0026
0.991103
1.03093
0.977452
1.04855
1.00686
1.03103
1.04684
0.993191
0.961322
0.960358
0.999781
0.988281
1.02718
1.01509
1.00263
1.00845
1.03908
0.99687
0.9379
0.986479
0.986209
0.975921
1.00435
1.0171
1.04702
1.01028
0.991973
0.98431
1.00929
0.988968
1.00322
0.991075
0.98672
0.974596
1.02216
1.01161
0.989545
0.991129
1.02405
0.999957
0.998004
1.02795
1.00235
1.01298
0.989014
0.966719
0.936534
1.00851
0.986199
1.01523
0.984232
1.01965
0.980279
1.02045
1.01712
0.963168
1.01484
1.04594
1.03881
0.990876
0.981305
0.988642
1.05329
0.95455
0.989797
0.994979
0.933196
0.950644
0.992933
1.03282
0.983981
1.03731
1.01189
0.984767
0.974099
1.00908
0.991914
1.01445
0.991917
1.0651
0.966242
0.965264
1.01521
0.987513
0.9948
1.00378
0.987383
0.989978
1.01486
0.995191
1.02893
1.03215
0.999176
1.00913
1.06015
1.02281
1.04001
0.985854
0.980898
0.991131
0.971595
1.04678
1.00786
0.98297
0.978497
0.943822
0.964984
0.989279
0.996531
1.02249
1.02304
1.0116
0.976022
1.00202
0.980323
0.992952
1.02791
0.946923
0.985848
1.00508
1.00548
1.05186
1.00147
0.989087
1.0458
1.02531
0.98271
0.981915
0.996502
0.985216
0.99514
1.06506
0.973631
0.967188
0.958911
1.01043
1.00566
1.01153
1.02138
1.02313
0.948275
0.978873
0.985351
0.986024
0.993449
0.996289
0.989274
1.01684
1.00481
0.993677
1.00806
1.00532
0.988139
1.00185
0.97062
1.0185
1.02226
1.00068
0.994051
0.975613
1.01494
0.955465
1.00153
0.965402
1.00312
1.01354
0.967224
1.0004
0.973478
0.972096
0.9711
0.95928
1.03642
0.99472
1.03475
1.04652
0.993781
0.993058
0.997869
1.01992
1.00984
1.00536
0.982105
1.03024
0.930827
0.946289
1.04207
1.01934
1.01767
0.960362
1.03281
1.05253
0.999255
1.00001
0.993759
1.00733
1.04994
0.982132
1.03342
1.02301
0.979729
1.00677
1.00717
0.983646
1.02429
0.995573
0.975364
1.03416
1.0047
0.949469
1.00425
0.956791
1.02083
1.06578
1.01043
0.968494
0.993373
0.98642
1.026
0.988477
0.999273
1.0149
0.998244
0.99477
0.988332
1.02832
1.01677
0.980496
0.987453
0.962411
0.997678
1.01574
0.969676
1.01557
0.987103
0.982821
0.987172
0.993783
1.03724
1.01256
1.04668
0.98895
0.998371
0.999266
0.987426
1.00084
1.07572
1.00155
0.99829
0.980421
0.948591
1.0337
0.974131
1.01663
1.01107
1.00711
1.00645
0.980155
1.00283
0.982299
0.980448
0.96078
0.984577
1.01953
0.963559
0.994739
0.989948
0.967216
0.994051
0.985778
1.00738
0.973394
1.00996
1.04892
0.972253
0.995214
0.975817
0.976318
1.00799
0.961244
1.00078
1.01776
1.024
1.02535
0.976906
1.01866
1.05302
1.04369
0.984175
0.967131
1.01963
1.0048
1.02758
1.0072
0.962752
1.02398
0.999372
0.999457
1.02551
1.03889
0.983698
0.967361
0.962945
1.01812
1.01772
1.02988
0.993147
0.987365
0.997788
1.0314
1.0179
1.00688
1.01904
1.01255
0.990125
1.00504
1.01554
1.03423
1.04764
1.01792
1.04578
1.02038
1.01274
1.00786
1.01163
0.989844
0.989597
0.985236
0.947257
1.00565
1.03015
1.00819
1.01957
0.980935
1.01789
1.01832
0.967678
1.00614
0.934249
0.961425
0.957885
1.00283
0.977862
0.994076
1.03186
0.9888
0.986796
1.03705
0.976254
1.01268
1.00852
0.967277
0.991575
0.978911
1.01599
1.00124
1.0205
0.967457
1.00619
0.974823
0.948971
1.02138
1.0305
0.980108
1.03246
0.981498
1.00459
0.974311
1.01453
1.00669
0.987701
0.96607
0.989243
0.988458
0.974024
1.022
0.975238
1.02017
1.0106
0.988938
1.00537
1.0137
1.00238
1.05297
1.00506
0.944117
0.980607
0.989486
1.00636
0.990128
0.98754
1.00616
1.01007
1.00715
1.04204
1.00197
1.02854
0.963527
0.984147
1.01113
1.03725
0.978731
0.98653
0.998677
1.01187
0.993304
0.988142
0.981311
0.960419
1.01311
1.04941
0.998001
1.01552
0.987589
0.995097
1.01908
0.988357
1.01093
1.10174
1.03112
0.941824
0.988742
0.983001
0.99761
1.03324
0.976902
0.984357
0.970269
0.965768
0.979881
1.01625
1.0239
1.02924
0.997313
1.00591
0.940941
1.02118
0.992641
0.996897
0.929322
1.0012
0.966206
1.03789
0.993521
1.00148
1.00101
0.944669
0.999433
1.02323
1.01232
0.971997
0.957746
1.03225
0.9836
0.960598
1.01227
1.05632
0.988397
0.980344
1.05054
0.987096
1.0064
1.01084
0.963006
1.02888
0.993722
1.05255
1.02823
1.01848
0.97182
1.01353
0.983707
1.01114
0.997974
0.965638
0.954859
0.975596
1.04953
0.942024
1.00542
1.05215
0.963744
1.04292
1.00428
1.03567
1.04247
0.992275
0.982778
1.0137
1.0244
0.993869
1.00035
1.03358
0.984111
0.98651
0.991311
1.01321
0.956185
1.03185
0.990993
0.990608
0.984892
0.984903
0.966215
0.994727
1.00387
0.982513
1.03594
1.00909
1.03447
0.989852
1.04422
1.01657
0.965575
1.01152
0.997027
0.993821
1.00916
1.00338
1.02307
1.02826
0.997606
1.0064
0.949072
0.984744
0.958337
1.01721
1.02193
1.01846
1.00049
1.00267
0.943708
0.994577
1.01696
1.01391
0.982782
1.01367
1.01828
1.02591
1.01539
1.00806
1.00702
0.994869
0.996086
1.03434
1.00397
1.01704
1.0227
1.01735
0.960219
1.0607
0.997893
0.995933
1.0002
0.986218
0.991034
1.01246
1.00367
1.02669
0.974959
1.01061
1.03908
0.992989
1.01008
0.99004
1.06783
1.01259
0.987977
0.975258
1.00141
1.0055
0.991055
1.00706
1.00688
0.986928
0.998078
1.02136
1.00311
0.984056
1.03784
0.980394
1.00553
1.00465
0.998258
1.01768
0.949444
0.989141
0.99644
0.998722
1.00423
0.968293
1.01154
0.9677
0.984011
1.00766
0.995175
1.00726
0.98532
1.01844
0.965681
0.956653
1.02031
1.04389
1.01938
1.02031
1.04662
1.00059
0.969008
1.02258
1.01415
1.01939
0.962352
1.03572
1.01283
1.01415
1.03
1.01964
0.994256
0.978061
0.984541
1.03974
0.962467
0.964877
1.02792
1.01296
1.01688
1.04222
1.01993
1.02512
0.977943
1.01793
0.980884
1.00463
0.998316
0.979199
0.960455
0.992613
0.972953
1.00144
0.992736
1.03365
0.966732
0.989294
1.00429
0.961805
0.962172
0.971453
1.02946
1.05523
0.978166
0.990317
0.961721
0.994968
0.960843
0.976391
0.992123
0.979921
0.971929
0.955409
1.00147
0.998426
0.976571
1.06925
0.981372
0.997755
1.03095
0.97742
0.99807
1.03012
1.00644
1.04236
0.974906
1.00282
1.05694
1.00607
1.04715
1.06001
1.0135
1.00888
0.917745
1.00338
0.997506
1.00364
1.02592
1.00017
1.01506
1.00908
0.974527
1.00369
1.0153
0.976206
0.973604
1.02172
0.997691
0.971521
1.02466
1.01316
1.03055
0.995147
0.998641
0.96847
1.01755
1.00223
1.06095
1.02573
1.02753
1.00355
0.995246
0.973168
1.01346
0.98096
1.05033
1.03994
0.945078
1.00992
0.974378
1.04343
0.99851
0.987566
0.970581
1.01499
0.976261
0.951118
0.995297
1.01048
0.958764
1.01211
1.04717
0.941631
0.951865
