1.00068
0.999975
0.998772
1.00009
0.99967
1.00611
0.999784
0.997661
0.998004
1.00032
0.999648
1.00122
0.999871
0.999088
0.997158
0.999826
1.00037
1.00138
0.999965
1.00335
0.99915
0.998742
1.00029
0.998819
1.00384
1.00026
0.995492
0.99789
1.0006
1.00195
1.00117
0.998677
0.993314
0.998057
1.0012
1.00221
0.997949
0.999785
1.00171
0.999468
0.999478
1.00346
0.991323
0.996125
1.00288
1.00125
0.999756
1.00114
1.00376
0.998656
1.00149
1.00258
1.00196
1.00159
1.00005
1.00652
0.999377
1.00267
1.00158
1.00408
0.998647
1.00403
0.998765
0.994862
0.997785
1.0007
0.998675
1.00081
1.0019
0.998839
0.999803
0.998532
1.00262
1.0008
0.998596
0.995151
0.999254
0.996711
0.99699
1.00229
0.999622
0.997435
1.00324
0.997825
1.00289
0.997733
1.00091
0.998799
1.00193
0.996439
1.00241
1.00405
0.999004
0.999419
0.998956
1.00202
0.997609
1.00049
1.00379
0.998347
0.998935
0.999234
1.00119
1.00171
1.00359
1.00243
0.998696
1.00104
1.00288
0.999354
0.99923
1.00526
1.00006
0.999073
1.00146
1.00106
1.00491
1.00259
1.00439
1.0022
0.998579
0.994945
0.998837
1.00273
1.00134
1.00132
0.994555
1.00044
1.00119
0.999935
1.00142
1.00031
0.998279
1.00097
1.00205
1.00216
1.00012
0.999879
1.00396
0.999913
1.00047
1.00013
0.997576
0.997127
1.00012
0.999668
1.00286
1.00262
0.998775
1.00225
1.00358
1.00118
1.00153
0.999988
0.998046
1.00318
1.00356
0.998026
1.00516
0.999377
1.00135
1.00235
0.997844
1.00032
0.999887
0.999985
0.993432
1.00444
0.995796
0.998966
1.00273
0.999809
0.997185
0.999246
0.99971
1.00136
1.00046
0.997573
1.00094
0.998113
1.00571
1.00065
1.00251
1.00028
1.00114
1.00068
0.996665
0.998118
1.0022
0.996888
1.00021
1.00162
1.00144
1.00305
1.00156
0.997067
1.00189
0.99924
1.00036
0.99917
1.00264
1.00191
1.00259
1.0046
0.998733
0.998072
1.00787
0.99933
1.00283
1.00325
0.999073
1.00094
0.995806
1.00181
0.99968
0.996448
0.993355
1.00261
1.00029
0.999492
0.995148
1.00092
1.00496
1.00247
0.99746
1.00197
1.0026
0.997561
0.999529
0.999131
1.00193
1.00016
1.0011
1.0004
1.00115
0.999531
0.998114
1.00015
1.00182
1.00512
1.00056
0.99834
0.999895
1.00076
1.0008
1.00144
1.00014
0.998122
1.00023
1.00331
1.00148
1.00186
0.998917
1.0002
1.00028
0.994787
0.998759
1.00216
0.996808
0.998055
0.998338
0.999754
0.99945
1.00036
1.00309
0.998127
0.99555
1.00368
1.00371
0.997465
0.996174
1.00365
1.00413
0.999036
1.0022
0.999987
1.00353
1.00129
0.992793
1.00275
1.00344
1.00035
0.99783
0.997003
1.00008
0.996603
0.999301
1.00055
1.00109
1.00002
1.00419
1.00216
1.00287
1.00095
0.999303
1.00038
1.00144
1.00188
0.998891
1.00097
1.00574
1.00065
0.9979
1.00446
1.00149
0.994813
0.997511
0.999752
0.998621
1.00217
0.999323
0.999705
1.00117
0.996285
1.0004
0.996448
1.00125
1.00041
0.99654
1.00465
0.99945
0.996274
0.996482
1.00082
0.995311
0.997808
0.999186
0.995706
0.995764
0.997488
0.999017
0.998628
1.00018
1.00074
0.999084
1.00042
1.00022
1.0017
1.00049
0.997776
1.00014
0.999054
0.999159
1.00342
1.00127
1.00182
1.00365
0.998617
1.00398
0.996949
1.00223
1.00107
1.00213
0.999244
0.996325
1.00039
1.00161
1.00401
1.00244
0.998349
1.00384
0.999435
1.00122
1.00041
0.996112
1.0004
0.998037
1.00189
0.999648
0.999106
1.00158
1.00212
1.0008
1.00342
0.996995
1.00104
1.00395
0.996376
0.995552
0.999747
0.999289
0.999033
0.996946
1.00279
0.998382
0.99719
0.997795
1.00114
0.99412
1.00272
1.00085
0.998921
0.9984
1.00049
0.999734
1.00362
0.99784
1.00426
0.998621
0.996063
1.00374
0.995897
0.997896
1.00117
0.997597
1.00338
0.997736
1.00142
0.999034
1.00031
1.00291
1.00109
1.00355
1.00341
1.00048
1.00248
1.00012
1.00353
0.997224
1.00349
0.993881
0.99944
1.00267
1.00199
0.996438
0.99675
1.00288
0.996135
1.0007
1.00015
0.996955
1.00284
0.999703
1.00081
0.996303
0.997722
0.998846
1.00007
1.00325
0.997214
1.00002
1.00015
0.999856
1.00201
1.00174
1.00015
0.997025
0.997884
1.00034
1.00296
0.997848
1.00652
1.00353
0.996204
0.997673
1.0012
1.00123
0.995498
0.998507
0.998126
0.995501
0.998423
1.00486
1.00158
0.997476
1.00031
0.998796
0.998848
1.00025
0.993585
1.00085
1.00022
0.999313
1.00154
1.00072
0.999994
0.999768
1.00353
1.00174
0.995572
0.997607
1.00089
1.00034
0.999722
1.00157
0.999773
1.00298
1.00213
1.00256
0.997923
0.998037
0.99767
0.997521
0.994755
0.994188
0.999023
0.995805
0.999663
0.999482
1.00027
0.998927
0.996715
0.999371
0.999541
0.999042
0.998203
0.998727
0.999732
1.00092
0.993955
1.00031
0.999577
1.00126
1.00295
0.998296
1.00103
0.998507
1.00277
0.999179
0.999124
0.998644
1.00317
1.00041
0.997127
0.999143
0.999378
0.999633
0.998466
1.0007
1.00177
0.996653
0.999292
1.00013
0.997293
0.99903
0.997263
1.00272
1.00001
1.00188
1.00739
0.997091
0.994673
1.00108
0.999068
1.00018
0.999619
1.00057
0.999018
1.00033
0.996823
0.995606
0.999432
0.99871
0.997256
1.00159
0.998277
0.996888
0.997704
1.00248
1.00157
1.00473
0.996607
0.995801
0.999828
1.00186
0.998497
0.999029
0.998373
0.998282
0.995711
1.00563
1.00097
0.99963
0.998223
1.0002
1.00101
1.00267
1.0007
0.999758
0.997822
0.998783
0.999883
1.00125
1.00165
1.00059
1.00143
0.99942
1.00073
0.998276
1.00033
0.998221
1.00367
0.997824
1.00116
0.998252
0.998841
1.00225
1.0009
0.996868
0.996755
0.99589
1.00033
1.0037
1.00111
0.9973
1.00425
1.00604
1.00104
1.0034
1.00016
0.998306
1.00313
0.996813
1.00025
0.997447
0.998915
1.00033
0.997805
0.999959
1.00235
1.001
0.99909
1.00204
1.00145
0.996861
0.99843
0.999069
1.00222
0.999794
1.0014
1.00228
1.00172
1.00292
0.998907
1.00378
1.00297
0.998201
1.00265
1.0024
0.997973
0.998114
1.0004
0.998072
1.00061
1.00281
0.998369
0.997142
0.997565
0.998513
0.998804
1.00278
0.999906
1.00295
1.00325
0.997997
1.00131
1.00148
1.0019
1.00243
0.999544
0.999335
1.00184
0.997836
1.00099
0.999707
1.00059
1.00257
0.996847
1.00137
0.99786
0.998664
0.997394
1.00144
0.997855
0.999016
1.0039
0.997842
0.998214
1.00135
1.00201
0.998079
1.00001
1.00149
0.998533
1.0001
0.997222
1.00113
0.998318
1.0002
0.998892
0.997844
1.00344
0.999553
1.00267
1.00336
1.00038
0.998394
1.00151
1.00306
0.999859
0.998385
0.995705
0.993426
1.00085
1.00216
0.997845
1.00002
0.999041
0.996052
0.999963
0.999112
0.999632
1.00174
1.00221
1.00033
1.00387
0.999906
0.999415
1.00133
0.997664
0.995123
0.998012
0.999753
1.0006
0.99619
1.00091
1.00253
1.0011
1.00061
1.00119
1.00128
1.0005
1.00334
0.997283
1.0001
1.0006
0.995931
1.0024
1.00232
0.996654
0.997953
0.998449
0.996928
1.00046
0.995006
0.996822
0.999069
0.999882
1.00048
0.993668
1.00213
0.999542
0.999046
0.997113
0.994478
1.00441
0.998036
0.99753
1.00031
1.00046
1.00063
0.999993
1.00306
1.00035
0.997725
1.00145
0.999249
0.998952
0.997674
1.0008
0.999965
1.0002
0.996344
0.998878
0.996668
1.00132
0.997631
0.995123
1.00156
0.995942
1.00092
0.997354
0.99648
0.999973
0.998114
0.995922
1.00075
0.998195
0.998803
1.00244
1.00142
0.997824
0.9976
0.998478
1.00414
0.999151
1.00419
1.00182
1.00019
0.998554
1.00219
1.00049
0.996977
1.0012
0.99979
1.00139
0.999067
0.99661
1.00057
1.0006
0.994731
1.00236
1.00207
0.998138
1.00261
1.00067
0.997614
0.997789
0.998973
0.998642
0.996471
0.995441
0.999784
0.996702
0.999628
1.0008
0.999229
1.00093
1.00011
1.002
1.00058
1.00266
0.993599
1.00169
1.00319
1.0028
1.00117
0.999715
1.00108
0.99901
1.00045
1.00021
1.00056
1.00197
1.00647
0.99808
0.99898
1.00039
0.998984
1.00083
0.995076
1.0009
1.00383
0.994798
0.998004
1.00003
1.0007
0.999166
0.997188
0.999072
0.995989
0.996673
1.00027
0.999247
0.998686
1.00306
1.00233
1.00047
0.998336
0.996981
0.995963
1.00025
0.999115
1.00239
0.997818
0.998298
1.00122
1.00149
0.997729
0.997182
1.00028
0.999792
0.999946
0.997546
0.999116
1.00551
1.0031
1.00117
0.996205
1.00203
1.00219
1.00156
1.00381
1.00267
1.00039
1.00232
0.994873
0.998866
1.00327
1.00442
1.00137
0.994676
0.998504
0.996826
1.00047
1.00041
0.999216
0.999814
1.00044
0.998449
0.998958
0.998992
1.00004
1.00129
0.999821
1.00057
1.00132
1.00302
1.00005
1.00084
0.997134
0.99956
0.999626
1.00263
0.998343
0.99707
1.00127
0.99866
0.994849
1.00016
0.998999
0.999281
0.995708
1.00084
1.00023
0.999512
1.0023
0.999993
0.999529
1.00083
0.996426
1.00082
0.998534
0.99669
0.998517
1.00359
1.00458
0.999567
0.999564
1.00067
0.999412
0.997559
1.00147
1.0035
1.00126
1.00239
1.00221
1.00407
1.00369
0.996301
1.00376
0.998986
0.999111
0.999407
1.00125
1.00011
0.99979
0.998149
1.00086
1.00117
0.997774
0.999422
1.00013
0.998324
0.999668
1.00013
1.00087
0.997739
0.997626
0.996059
0.998446
1.0021
1.00069
1.00006
0.996443
1.00021
1.00003
1.00156
0.997772
0.996578
0.998555
1.00419
0.997884
0.999984
1.00227
1.00137
0.995436
0.998707
1.00094
0.99817
0.996315
1.00131
0.993921
1.0007
1.00253
1.00231
1.00348
0.997606
0.994865
0.994444
0.994166
0.993522
1.00045
1.00136
0.998368
1.0042
1.00433
1.00027
1.00441
0.998865
1.0005
1.00404
1.00424
1.00344
0.997086
1.00211
0.998812
0.998597
0.99745
0.999765
0.996212
1.00002
1.0037
1.00188
1.00522
0.999256
0.999323
0.996424
1.00119
1.00347
0.996937
0.997224
1.00104
0.998124
1.00092
1.00059
0.999303
1.00503
1.00368
1.00139
1.0021
0.997686
0.998898
0.99686
1.0013
0.996474
1.00011
0.99944
0.999894
1.00097
1.0019
1.00786
1.00148
0.998068
1.00215
1.00269
0.998965
1.00031
1.00152
1.00122
1.00345
1.00005
1.00158
1.0048
1.00169
0.997058
0.999807
1.00311
1.00191
1.00005
1.00435
1.00037
0.996623
1.00278
1.00173
0.999853
1.00199
1.00006
1.00098
0.994897
1.00058
1.00031
0.995679
0.997965
1.00031
1.00177
0.995941
1.00408
1.00214
1.00118
0.99698
0.999133
0.999078
0.999075
1.00117
0.996161
1.00023
1.00154
1.00017
0.998283
1.00184
0.996436
1.00049
0.997016
0.999189
1.00142
0.999385
1.00532
0.997222
1.00006
0.999731
0.99902
1.00235
0.999831
0.999939
0.999888
1
1.00107
0.996683
0.998602
0.998287
0.998833
1.00031
1.0003
1.00061
0.999017
1.00356
1.00273
1.00187
1.00252
1.00528
0.999516
0.997533
0.998385
1.00124
0.997484
1.00029
0.992802
0.995805
0.997747
0.996438
0.99884
0.99797
1.00337
0.997979
0.999934
1.00122
0.999933
1.00085
0.998569
0.998549
1.00048
0.999349
1.00232
0.999658
0.997855
0.998915
0.993834
1.00004
0.999191
0.999623
1.00347
0.995254
1.00101
1.00225
1.00109
1.00005
1.00101
1.00034
0.998655
0.999116
1.00037
1.00429
0.999995
1.00034
1.00134
0.997458
1.00022
0.9989
1.00079
1.00093
0.999471
0.998989
0.99663
1.00189
1.00009
0.998546
1.00374
1.00225
1.00012
0.998568
0.999017
0.997298
1.00102
1.00199
1.00238
1.00022
1.00209
1.00014
1.00337
0.999468
0.99912
1.00735
1.00071
0.999266
1.00007
0.999626
0.997947
0.997794
1.00195
1.0037
1.00048
0.999779
1.00092
1.0008
1.00223
1.00177
0.998212
0.99801
1.00339
1.00149
0.999051
1.00047
0.99449
0.998995
1.00019
0.998125
1.00157
1.00104
0.999636
1.00353
1.0018
1.00042
0.998775
0.996292
1.00025
1.00048
1.00196
0.997255
0.994512
0.997648
1.00018
1.00147
0.998728
0.998159
1.00088
0.997581
1.00618
0.998022
0.998298
1.00227
1.00208
1.0007
1.0029
1.00072
1.00069
1.00016
1.00775
0.998846
0.997615
0.999392
0.99994
1.00072
0.997747
1.00393
0.998714
0.999696
1.00126
0.998288
0.995106
1.00137
0.999775
1.00055
1.00333
1.00004
0.997418
1.00172
0.998915
1.00167
0.99794
0.999772
1.00315
1.00046
0.998354
0.998387
0.997901
0.998263
0.997732
0.998417
1.00035
1.00179
1.00368
0.99936
0.998079
0.999829
0.998991
0.998453
1.00317
0.998668
1.00156
0.999022
0.999893
1.00385
1.00063
0.995681
1.00003
0.998231
1.00305
0.998961
0.99858
1.00144
0.999087
0.99771
1.00167
0.998163
0.998938
1.00315
0.99547
1.00222
1.00185
1.00196
1.00176
1.00133
1.00025
1.00262
0.998109
0.997764
0.999335
0.998385
0.998049
1.00247
1.00244
0.999848
0.99897
1.00057
0.999439
1.00063
0.997953
0.999169
1.00207
0.996831
1.00202
1.00024
1.00379
1.00343
1.00386
1.0005
1.00179
1.00604
1.00255
0.999883
1.00542
0.996475
1.00018
1.00238
0.996846
1.00227
1.00086
0.994855
1.00011
1.00027
0.995294
1.00133
0.997639
0.995892
1.00502
0.996899
0.998422
1.00079
0.994004
1.00087
1.00044
0.997435
1.00193
0.995024
0.993096
1.00033
0.995578
0.997609
0.998156
1.0041
0.995099
1.00338
0.99955
0.996867
1.00002
0.999864
0.997036
0.997808
1.00079
0.99706
1.00089
1.00031
1.00335
1.00086
0.999305
1.00387
1.00022
0.995058
1.00157
0.999918
0.998977
0.998604
0.998139
0.999748
1.00127
1.00361
0.999167
1.00061
1.00008
1.00162
0.998442
0.998957
0.997307
0.997878
0.997396
0.998046
1.00131
0.996897
1.0036
1.00316
1.0035
0.99951
1.00197
0.999678
0.998058
1.00089
0.999952
0.998681
0.998697
1.00412
0.997535
0.992525
0.994374
0.997245
0.999745
0.998231
0.99747
0.999932
1.00252
1.00164
0.999325
0.998611
0.999513
1.0032
0.997465
1.00438
0.997907
1.0013
0.998394
0.995723
0.999718
1.00068
1.00267
0.998082
0.998703
1.00209
0.999079
1.0032
1.00257
0.999057
0.999589
1.00006
0.996434
1.00146
1.00007
0.998033
0.998125
1.00538
1.00037
1.0016
1.00007
0.997922
0.997604
0.999029
0.993599
0.997075
0.99946
0.996601
1.00296
1.00301
0.995067
1.00296
0.999082
1.00027
0.998121
0.999218
0.999775
1.00109
0.999589
1.00276
1.00426
0.996991
1.0009
1.0054
0.997844
0.994546
1.00301
0.999846
0.999741
0.996185
1.00032
0.995958
0.998302
1.00193
0.998621
0.998836
1.00474
1.0049
0.994479
0.998164
1.00102
0.995285
0.99722
0.999674
0.998981
1.00301
0.999793
1.00163
1.00158
1.00069
1.00379
1.0007
0.995179
1.00042
0.99607
0.998074
1.00251
1.002
0.999349
0.99577
0.997177
1.00044
1.00267
1.0027
0.998423
1.00229
1.00265
1.00277
0.99976
0.997182
0.998495
1.00009
0.999514
0.999636
0.998987
1.00028
1.00087
1.00298
0.999336
0.995896
1.00076
1.00302
0.999542
0.999834
1.00264
1.00054
1.00163
1.00216
0.995711
1.00096
1.00114
0.996041
0.995945
0.999461
0.998493
1.00046
0.997911
1.00182
1.00059
0.999412
0.999143
0.993674
0.999963
1.00102
0.998259
0.998378
0.997625
0.994756
0.998169
0.997857
0.999413
1.0057
1.00027
1.00419
1.00128
1.00055
0.997107
0.997238
1.0005
0.997111
0.997209
1.00293
0.998296
1.00086
1.00055
0.997833
0.999969
0.996216
0.998164
1.00451
0.998335
0.993339
1.00121
0.997376
1.00192
0.998807
1.00159
1.00464
1.00002
0.998231
1.00293
1.00033
0.996962
0.998005
0.996871
1.00126
1.00139
1.00016
0.996416
1.00048
1.00098
0.999616
1.00193
1.00124
0.995315
1.00211
0.998323
1.00012
1.00137
0.995026
0.997937
0.999925
0.999167
1.0009
1.00377
0.997998
0.998056
1.00059
0.995494
1.00126
0.997109
1.00077
0.998567
1.00216
0.999612
0.998184
1.00736
0.996991
0.999552
0.999934
0.998844
1.00168
1.00131
1.00227
1.00217
1.00044
1.00041
1.0027
0.99734
1.00101
0.998034
1.00167
1.00067
1.00034
1.00636
1.0043
0.998758
1.00353
0.997024
1.00402
1.00162
0.998204
0.999988
0.998753
1.00027
1.00064
1.00542
0.995868
1.00077
0.998874
1.00001
1.00144
0.999692
1.0014
1.00125
0.999476
1.00291
1.0021
0.994814
0.997466
1.0006
1.00016
1.00223
0.997279
1.00489
1.00076
1.00064
0.998206
0.999291
0.998546
1.002
0.999026
1.00185
0.999515
1.00044
1.00095
1.00197
1
1.00259
0.998793
1.00166
0.996445
1.00033
1.00274
0.99926
0.999121
1.001
0.996895
0.998571
1.002
0.998364
1.0009
1.00046
0.996322
1.00216
0.998715
0.99874
0.999336
0.995798
0.999136
0.994933
1.00241
1.00111
0.999535
0.999544
1.00227
1.00004
0.997554
0.996504
0.99531
0.999728
0.998604
1.00008
0.99906
1.00037
1.00578
1.00077
1.0022
1.00037
0.999001
0.996323
0.994838
1.00136
0.997947
1.00082
1.00021
0.999026
1.00243
0.998648
0.999752
0.995778
1.00022
0.997209
1.00026
1.00084
1.00388
1.00488
1.00203
1.00136
0.999864
1.00125
1.00021
0.995598
1.00133
1.00278
0.999947
1.0025
1.00417
0.999448
1.00196
0.997406
1.00315
0.999676
0.997645
1.00023
1.00047
0.998982
0.999329
1.00007
0.99483
0.995687
0.999603
0.999381
0.995229
1.00297
0.996536
0.998791
1.00178
0.999895
0.997415
0.995194
1.00248
0.998655
0.996488
1.00085
1.00577
0.994529
0.996124
0.998022
0.997891
0.999048
1.001
0.997446
0.999445
1.0032
0.992951
1.00294
1.00185
0.999395
1.00173
1.00031
1.00073
0.999657
0.99627
1.00172
0.998803
0.997663
1.002
0.997156
1.0008
1.00141
1.0001
1.00045
0.9965
0.997693
1.00083
0.994707
1.00007
1.00278
0.999102
1.00009
1.00405
0.999913
0.997903
1.00252
0.996881
0.999422
0.999599
1.00271
1.00037
1.00371
1.00043
1.0039
0.998089
0.99946
1.00038
0.999737
0.996832
1.00079
1.00344
1.00057
0.997884
0.998982
1.00195
1.00082
1.00108
1.00002
1.00026
0.995536
1.0014
0.995579
0.999129
0.998203
0.996684
0.999442
0.998417
0.99955
1.0003
1.00174
0.996798
1.00001
1.00266
1.00147
0.999617
1.00092
1.00398
1.00007
1.00221
1.00061
1.00309
1.00106
0.998055
1.00487
0.993183
0.995388
0.998958
0.995808
0.999492
0.99849
0.996956
0.997443
1.00178
0.999092
0.998621
0.997447
0.99709
0.99921
0.999377
0.998137
1.00151
0.999523
0.999417
0.99835
0.998238
0.998434
1.00207
1.00155
0.995941
0.997466
1.00064
0.998639
0.994027
1.0047
1.00135
0.998547
1.00084
1.00096
0.999668
0.999094
1.002
1.00066
0.998717
0.999894
0.997922
0.998772
0.999403
0.999841
0.999
0.999848
1.00144
1.00069
1.00395
1.00257
0.999903
1.00241
1.00099
1.0034
1.00181
0.997713
1.00003
0.996128
0.998564
0.99984
0.997873
0.997329
0.997159
1.00278
0.997927
0.996033
1.00017
0.998215
1.00237
0.998876
0.998794
1.00347
1.00613
0.999843
0.996979
0.993861
1.00043
1.00188
0.999453
0.996533
0.999467
1.00269
0.999854
1.0039
0.999027
1.00156
0.997461
0.996004
1.00015
1.00091
0.99965
1.00079
0.998566
1.00062
0.997598
0.995256
1.00454
1.00027
0.996888
0.999782
1.00424
1.00092
0.999054
1.00099
0.999002
1.00116
0.998114
0.9986
1.00184
0.999716
0.996783
0.998175
0.998648
0.997858
0.998175
1.00607
0.997369
1.00103
1.00031
1.00131
0.999368
1.00263
0.997597
0.992485
1.00568
0.998978
0.998424
1.00049
1.00307
0.997755
1.00157
0.995998
1.00187
0.999581
1.0022
1.00002
0.996775
0.99522
1.00046
1.00283
0.999619
1.00002
1.00003
1.00104
0.994462
1.00085
0.997316
0.996335
1.00231
0.9942
1.00195
0.998211
1.00188
0.999896
0.999655
1.00072
1.00168
0.999236
1.00024
0.994964
1.00232
1.00023
1.00266
0.999106
1.00225
1.00035
0.999035
0.999536
0.9969
0.998742
1.00491
0.997981
1.00287
1.00189
0.998263
1.00093
0.998877
0.995281
1.00074
1.00046
1.00009
1.00211
0.997714
0.998738
1.00366
1.00408
1.00157
0.99741
0.999381
0.997006
0.999508
0.997481
0.998743
0.997922
0.999293
1.00002
0.995314
1.00079
0.999108
0.999395
0.998347
1.00218
0.998658
0.995283
1.00487
0.999065
0.994526
1.00079
0.999928
0.998192
0.998159
1.00121
0.995648
1.00099
1.00154
0.999241
1.00669
1.00054
1.0047
1.00478
0.99725
1.00006
1.0012
0.999665
1.00191
0.998433
0.998978
1.00307
0.99981
0.995926
0.999658
0.999082
0.999609
1.00145
1.00091
0.999023
1.00331
0.998629
1.00237
1.00412
0.996815
1.00287
1.00119
1.00211
1.00035
1.00292
1.001
0.995628
0.996652
1.00082
0.99786
0.999459
1.00017
0.999879
0.995569
0.999701
0.99525
1.00091
1.00382
0.997598
1.0001
0.99938
0.997889
0.998392
0.996385
0.999902
0.999187
1.00483
0.995847
0.999449
1.00153
0.998362
1.00034
1.00095
0.998208
0.998201
1.00092
0.996902
0.996903
0.9978
0.997021
0.999125
0.998616
0.999106
1.00058
1.00004
0.999871
0.994826
0.997748
1.00003
1.00406
1.00149
0.999543
0.99844
1.00329
0.99807
1.00134
0.999791
1.00057
0.999668
0.99806
1.0026
0.996652
1.00072
1.00022
1.00495
1.00067
1.00019
0.99831
0.999096
1.00056
1.0009
1.00061
1.00217
0.999444
0.994413
0.998888
0.998622
1.00156
1.00472
0.999941
0.999088
0.998844
0.999672
0.998592
1.00119
0.999244
0.998011
1.00177
0.998463
0.994987
0.99572
0.998209
0.998203
1.00589
1.00483
1.00377
1.00381
0.998432
0.997331
0.996722
0.997973
0.998108
0.99799
1.0029
1.00009
1.0013
1.00496
1.00069
1.00056
1.0034
1.00133
1.00003
1.00054
1.00204
0.99641
1.00266
0.99872
0.998009
1.00174
0.997646
1.00007
0.998013
0.997795
0.997504
0.999226
1.00277
0.999628
1.00004
1.00415
1.00275
1.00339
1.00208
1.00078
1.00215
0.998101
1.0001
0.999556
1.00127
0.998407
0.997556
0.998505
0.996566
0.998838
1.00082
0.997327
1.00163
0.993945
0.995837
1.00229
0.995176
1.00054
1.00104
0.994129
0.998428
0.996686
0.999543
1.00032
0.999922
1.00067
1.00065
0.998223
1.00118
1.00143
0.994093
1.00243
0.99802
0.995066
1.00381
0.995882
0.998036
0.999212
1.00019
0.997638
0.999032
1.0019
0.992684
0.995525
0.998858
0.996738
0.999867
0.996447
0.995379
0.999237
0.997846
0.998256
0.997354
1.00523
0.999514
1.00352
1.00581
0.998739
1.00026
1.00167
1.00436
0.998426
0.9963
1.00028
0.997615
0.994722
0.999187
1.00061
0.998729
0.996911
0.997627
1.00261
0.996818
0.999453
0.996214
0.998166
1.00025
0.998133
0.999561
1.00216
1.00173
0.996928
0.999972
1.00425
0.995305
0.999175
1.00427
0.999573
1.00032
1.00418
1.00016
1.0017
1.00227
0.999694
0.995125
1.00244
0.996298
0.999426
0.998928
0.999148
1.00148
1.00189
0.996066
1.001
0.998998
0.999962
0.998975
1.00324
1.00162
0.999947
0.999915
1.00431
0.996882
1.00371
0.996192
1.00256
0.999019
0.996763
0.999265
0.999362
0.998363
0.999479
0.997791
1.00068
1.00572
1.00183
1.00213
1.0022
0.999474
1.00335
1.00035
0.997066
1.0007
1.0024
1.00114
1.00117
0.998855
0.998876
1.00178
1.00056
1.00261
1.00054
1.00255
1.00093
0.998575
0.998039
1.00224
1.00448
1.00242
0.999133
1.00337
0.997797
0.997071
1.0037
0.999356
0.998796
1.00363
1.00402
0.998442
0.998755
0.999613
0.99539
0.997592
1.00592
0.999383
0.997785
0.998708
0.998251
1.00144
1.00177
1.00137
1.00292
1.00364
1.0019
1.0019
0.998826
0.998248
1.00051
0.998936
1.00334
1.00349
1.00174
1.00388
1.00403
1.00136
1.00162
0.999688
0.999295
1.00456
1.00128
1.00204
1.00039
0.996531
0.998812
1.00385
0.998169
1.00044
1.00114
0.999571
0.994488
0.997043
1.0016
0.996673
0.994247
1.00089
1.00031
0.999146
0.999047
0.99845
1.00177
0.998755
0.997223
1.00222
1.00061
0.996321
0.998468
1.00057
0.997465
1.00269
1.00085
1.00103
0.997567
1.00254
1.00181
1.00038
1.00037
0.997014
1.00039
0.99367
0.998539
1.00256
1.00189
0.999357
1.00086
1.00052
0.998549
1.00072
0.999386
0.999078
0.998565
0.99243
1.00039
0.997761
1.00132
1.00166
0.997619
0.997744
0.998766
0.999258
1.00017
1.00146
0.999508
0.994874
0.999045
1.00242
0.997029
1.00169
1.00095
1.00174
1.00121
1.00009
1.00232
0.999911
1.00007
1.00273
0.998025
0.998805
0.999469
1.00364
0.996987
0.998022
1.00459
1.0014
1.00127
1.00312
1.00227
1.00182
1.00365
1.00097
0.997006
1.00136
0.998124
1.00024
1.0015
0.999103
0.995306
0.999422
1.00138
0.997745
1.00006
0.996731
0.999257
0.998534
0.999539
1.00363
1.00035
0.998709
0.998397
0.995253
1.00289
1.00379
0.999495
0.999613
1.00224
0.999473
0.998142
1.00303
1.00291
0.995513
1.00099
1.00459
0.999289
1.00239
1.00014
1.0035
0.997346
1.00191
1.00136
1.00059
1.00158
0.998021
1.00102
1.00136
1.0023
1.00314
0.999827
1.00191
1.00229
0.997861
1.00306
0.998717
0.996833
1.00357
0.998297
1.00321
1.00362
0.998823
1.00053
1.00156
1.00224
1.00006
1.00329
1.00268
1.0018
1.00238
0.996787
1.00173
1.00191
0.999836
1.00064
0.998213
0.999784
0.99916
0.998461
1.00251
0.998243
1.00299
1.00047
0.999792
1.0015
0.999679
0.998734
0.998931
0.993594
1.00253
0.999335
0.99999
1.0001
1.00566
1.00079
0.999441
0.99892
1.00246
1.0043
1.00368
0.998766
1.0038
1.00242
1.00143
0.998902
1.00406
0.99679
1.00085
0.999256
0.998442
0.999242
0.995742
0.997865
0.99644
1.00032
0.99921
1.00407
1.0012
1.00132
1.00384
1.00079
1.00208
0.998588
1.00073
0.997933
1.00107
1.00141
1.0013
1.0005
0.998158
1.00053
1.00131
0.999711
0.997352
1.00441
1.00263
1.0025
1.0007
0.997874
0.998795
1.00518
1.00346
0.994489
1.00079
0.998928
0.997438
0.998209
1.00137
1.00002
1.00018
1.00329
1.00023
0.997873
1.00367
0.996768
1.0002
0.997817
1.00008
0.994426
1.00348
1.00032
0.996844
0.995207
1.00114
1.00396
1.00157
1.00033
1.00064
0.998583
0.999885
1.00218
1.00247
1.00071
0.996784
1.00545
1.00454
0.999595
1.00235
0.998861
1.00234
0.998724
0.997054
1.00135
1.00108
0.998593
0.998789
0.991562
1.00133
0.997461
0.994223
1.0003
1.00186
0.999784
0.99578
0.998675
0.999616
0.999434
0.998159
0.99819
1.00053
1.00139
1.00051
1.00042
0.998539
1.0004
1.00199
1.00113
1.00097
1.00214
0.9988
0.999666
1.00118
1.00365
1.00085
1.00012
1.00247
0.995028
1.00204
0.999499
1.00085
1.00342
0.997862
0.997609
0.997068
0.996407
0.998818
1.00128
0.997365
1.00269
1.00035
1.00503
1.00039
0.998705
1.00148
0.99705
0.998436
1.00298
0.997051
0.999953
1.00148
1.00039
1.00351
1.00146
0.999528
0.999196
0.999768
0.998967
0.999174
0.9994
0.999479
1.00024
0.998318
0.997018
1.00523
0.999197
1.00148
0.996248
1.00317
0.99886
1.00229
1.00285
0.997898
0.999102
1.00216
0.998385
1.00671
1.00385
0.999326
0.999198
0.99852
0.996861
0.997153
0.997535
1.00196
0.999197
1.00419
1.00342
1.0053
1.00071
0.999374
1.00213
1.00342
0.99748
0.99817
1.00001
0.999157
1.00084
0.996672
1.00512
1.00092
0.995836
0.997631
0.998029
1.00009
1.0013
0.99833
0.998696
1.00514
1.00004
0.998519
0.999434
0.999307
0.998792
0.997515
1.00259
0.999608
1.00265
1.0064
1.00105
0.998736
1.0008
0.997526
1.00407
1.00298
0.995227
0.999669
0.998202
0.998632
0.994962
0.997658
0.994453
1.00141
1.00076
1.00779
1.00041
1.00348
1.00201
0.995853
0.997496
1.0014
0.99755
0.998703
0.995394
0.999587
1.00019
0.992376
0.998825
0.999568
0.99886
0.996509
0.997675
1.00359
0.997311
1.00069
1.00091
0.996946
1.00047
1.00228
1.00281
0.998804
0.995113
0.997915
1.00437
1.00096
1.00589
1.0032
1.00376
1.00116
1.00347
1.00052
1.00293
0.995512
0.995333
0.999966
0.996215
1.00075
1.00241
1.00133
0.99917
1.00252
0.996746
1.0025
1.00283
1.00052
0.996834
0.999624
0.998859
0.996759
0.999716
0.99568
0.998763
1.00369
1.00092
0.999654
1.00153
0.997717
1.00112
0.999272
1.00143
1.00018
1.00003
1.00438
0.996696
1.00457
0.99951
1.00321
1.00087
0.995219
1.00402
0.998841
0.998563
0.998819
0.998115
1.00093
0.997147
0.997721
1
0.998108
0.998431
1.0036
1.0042
0.998401
1.00215
1.00169
0.999141
0.996652
1.00023
0.995972
0.997736
1.00465
0.998793
1.00074
1.00223
1.00042
1.0016
1.00269
1.00217
0.999917
1.00017
1.00147
0.999924
0.999469
0.999875
1.0007
1.00096
0.996106
1.00193
0.997141
1.00123
1.00111
1.00386
0.996501
1.00128
1.00569
1.00269
1.00368
1.00045
1.00112
0.998696
1.00365
1.00026
0.998883
0.999596
0.998325
1.0054
0.998724
0.998819
1.00213
0.999614
1.0014
0.997148
0.99833
0.997626
1.00316
1.00023
1.00307
0.998658
1.00223
0.99801
1.00229
1.00154
0.999579
1.00467
1.00415
0.996362
1.00321
1.00025
1.00129
0.996123
1.00121
1.00144
1.00109
0.99908
1.00036
0.998154
0.999772
0.9987
1.00009
0.99931
1.00239
0.997457
0.997341
1.00393
1.00094
0.995404
0.999485
0.999081
1.00508
0.997292
1.00506
1.00302
1.00221
1.00029
1.00067
0.999553
1.00151
0.998738
0.997302
1.00126
0.998644
0.999291
0.996886
1.00225
0.995444
0.998524
1.0017
0.99939
0.998355
0.999887
1.00255
0.994113
0.99654
1.00235
1.00617
0.99914
1.00592
0.998254
0.997286
0.999495
0.999141
0.999791
0.99926
1.00214
0.998464
0.996529
0.998294
0.99853
0.999326
0.997591
0.995299
0.998774
1.00025
0.995596
0.999628
1.00132
1.00159
1.00113
0.995569
0.999306
1.00199
0.999244
1.00097
0.999998
0.997417
1.00102
1.00423
0.996441
1.00306
0.99652
1.00188
0.997027
0.99789
1.00116
0.996754
0.998046
0.997697
0.999065
1.00175
1.0049
0.997374
1.0031
1.00013
0.999985
1.00281
1.00307
1.00064
0.997486
0.999955
1.00238
0.996161
0.996141
0.994863
0.999963
1.00169
0.997753
0.999627
1.00197
0.998918
1.00091
0.998382
1.00283
1.00091
0.999063
0.995646
0.998272
1.00038
1.00161
1.00114
0.999506
1.00171
0.999748
1.003
1.00014
1.00313
1.00235
0.998212
1.00619
1.00563
1.00212
1.00287
0.997595
0.998585
0.997702
0.997332
0.998388
0.999919
0.99622
1.00097
0.996436
0.999486
0.999383
0.99819
1.00139
1.00357
1.00157
0.998861
1.0029
1.00287
1.00189
0.997278
0.995575
0.995496
1.00181
0.996165
0.996998
1.00292
1.00047
0.996086
0.997557
1.00109
0.995104
1.00181
1.00179
0.998455
1.00063
0.998965
0.999779
1.00547
0.996335
1.00296
0.999756
0.999464
1.00003
1.00166
1.00157
1.00108
0.997879
1.00127
0.997743
0.99753
0.999606
0.999589
0.999078
1.00459
1.00012
1.00029
0.997746
1.00256
0.999834
0.997793
1.00204
1.00465
1.00081
0.99962
0.99967
0.999148
1.00002
1.00139
1.00175
1.00143
1.00175
0.996619
0.997947
0.998792
1.00357
1.00322
1.00312
1.00265
0.996816
1.00247
1.00224
0.999253
0.999945
0.999956
0.999992
0.996467
1.00081
1.00344
0.997725
0.997929
0.9984
1.00108
1.00011
0.999846
0.998894
1.00192
1.00374
1.00243
0.998
0.992501
1.00097
0.994723
0.995431
1.00247
1.00076
1.0028
0.998766
0.997132
1.00248
0.997686
0.996717
0.998911
0.999085
0.997346
1.00007
1.00014
1.00207
1.0003
1.00033
1.00003
1.00065
0.998904
0.997498
0.99948
1.00367
1.00147
1.00441
1.00291
0.999547
0.997775
0.998169
1.00233
1.00089
1.00212
1.00053
1.00218
1.00093
1.00011
0.997269
0.999675
0.997376
0.99731
1.00275
1.0006
1.00127
0.998414
0.998331
1.00183
1.00467
0.999495
0.99598
0.995216
1.00311
1.00523
0.998634
1.00357
1.00152
0.999826
1.00174
1.00216
1.00021
1.00246
1.00093
0.998641
1.0016
1.0018
1.00115
0.998588
0.997065
0.999736
1.0004
0.996873
0.997643
1.00051
0.99843
1.00142
1.00177
0.994679
0.998857
1.00476
0.998348
1.00298
1.00478
0.997427
1.00396
0.996549
0.999147
1.00224
0.999566
0.995775
1.00073
1.00527
1.00171
1.00077
1.00261
1.00153
1.00089
1.00024
0.997605
1.00402
1.0013
0.999137
1.0049
0.999793
0.997765
0.99875
1.001
1.00584
1.00021
0.999438
1.00492
0.997303
1.00242
1.00064
0.99892
0.999111
0.999058
0.995843
0.998473
1.00084
0.998712
0.997641
1.00253
1.0004
0.998424
1.00145
0.996819
0.999794
1.00061
1.00368
0.995613
1.00355
1.00052
0.997205
0.997994
1.00078
1.00032
1.00201
1.00125
0.999392
0.999478
1.00068
0.998461
1.00008
0.998746
0.992453
1.00147
1.00277
1.00044
0.995877
1.00243
0.996628
0.99971
0.998017
1.00386
1.00028
0.999133
1.00211
1.00028
0.99769
1.00247
0.999627
0.997119
1.00067
0.997112
0.998606
0.996157
0.999069
1.00248
1.00537
1.00402
1.00126
1.00632
1.00435
0.997616
0.997849
0.998003
0.999553
0.997717
1.00047
0.998421
0.99973
1.00287
0.995517
1.00158
0.998625
0.998908
1.00014
1.00338
0.995118
1.00311
1.00542
0.99546
0.998372
0.996184
0.995464
0.999637
0.999818
1.00073
1.00091
0.996669
1.00227
1.0028
0.999293
1.00171
0.998125
0.999677
0.999172
0.999761
0.996012
0.999703
0.99967
0.991307
1.00317
0.996109
0.997769
0.99692
1.00091
1.00029
0.998724
0.999666
0.998836
0.997426
1.00023
1.00093
1.00003
0.998239
1.00009
1.002
1.00086
0.999276
0.999398
0.99918
0.998632
1.00415
1.00125
1.00419
1.00055
0.998723
1.00052
0.998379
1.00419
1.00413
0.998825
1.00338
1.00262
1.00313
0.996956
0.998362
0.998393
1.00111
1.00054
0.998512
0.998388
0.997673
0.998607
1.00327
0.995582
1.00197
1.00062
0.998859
1.00047
1.00105
1.00075
0.99648
1.00118
0.997714
1.00295
1.00136
1.00008
1.00076
0.993228
0.999886
1.00252
0.998123
0.999708
1.00199
0.997151
0.997669
1.00417
1.00144
0.994288
1.00205
1.00293
1.00064
1.00496
0.997827
0.99822
1.00268
1.00314
1.00178
1.00186
1.00172
1.00075
0.998376
0.997945
1.00381
1.00003
0.998132
0.998199
1.00069
0.996216
0.996988
1.00035
1.00206
0.999697
1.0034
0.999637
1.00088
0.996981
1.00316
1.00227
1.00171
1.00114
1.00186
1.00142
1.00067
1.00187
1.00303
1.00208
1.0008
0.992172
1.00236
0.993642
0.998182
1.00197
0.998572
0.998946
0.996155
0.999084
1.00228
1.00135
0.999246
1.00165
0.994791
0.998456
1.00196
0.994439
1.00228
0.999764
0.998764
1.00239
1.00157
0.998859
1.00002
0.999714
1.00076
1.00368
1.00453
1.00325
1.0034
1.0027
0.996519
1.00058
0.997591
1.00359
0.999493
0.998112
1.00289
0.996572
1.00145
0.995939
1.00291
1.00119
1.00174
0.99879
0.996358
0.999187
1.00066
0.999688
0.996564
0.998135
1.00186
1.00123
0.999566
1.00422
1.00006
0.998977
1.00256
0.998636
0.998291
1.00152
1.00308
1.00382
0.999747
0.998438
1.00589
0.998504
1.00098
1.0029
0.999949
1.00051
1.00406
1.0012
0.999616
1.00028
0.999021
1.00312
0.999905
1.00193
0.997164
1.00089
1.00312
1.00215
0.998364
0.998035
0.99938
0.997952
1.00281
0.99949
1.00668
1.00544
0.998852
0.999388
1.00286
1.00084
1.00104
0.99767
0.997164
1.00068
0.995988
1.00194
1.00169
0.998346
1.00053
1.00078
1.00179
0.999598
0.9986
1.0007
0.996809
0.999928
1.00171
1.00138
0.998474
1.00024
0.996652
1.00027
0.999256
0.999817
1.00149
0.998146
1.00079
0.999619
0.996815
0.99831
1.00174
1.00136
1.00133
1.0051
1.00111
1.00147
0.997831
1.00262
0.994509
0.995314
1.00306
0.997697
0.999829
1.00698
0.999051
0.999651
1.00344
0.997569
0.99995
1.00437
1.00087
0.999263
1.00153
0.99866
0.996423
1.00176
1.00009
0.998823
0.999514
1.00365
1.00013
1.00186
0.997833
1.00015
0.999258
1.00113
1.00137
1.00008
1.00259
1.00224
0.996591
0.998235
0.994225
0.998649
1.00093
1.00441
1.00122
1.00278
0.999575
1.00037
0.999986
0.99328
0.998024
0.999256
0.999896
1.00015
0.998922
0.997761
0.994445
1.00195
0.995514
0.999675
0.998203
0.998522
0.995468
1.00275
0.999361
0.995586
1.00099
0.999179
0.997856
0.996752
0.999896
0.997081
0.995949
0.998965
0.994708
0.996698
0.997015
0.998337
0.999663
0.998632
1.00105
0.997995
0.995912
0.999518
0.999547
0.994994
1.00067
1.00095
1.00049
0.996755
0.998754
1.00498
0.996624
0.998969
1.00336
1.00019
0.997004
1.00452
1.00017
1.00165
0.998307
0.996356
1.00228
0.998819
1.00644
0.999194
0.996521
0.997198
1.00329
1.00151
0.997117
1.00209
1.00207
0.99963
1.00097
1.00222
0.999742
0.998985
0.996405
0.999007
1.00458
0.9961
0.998956
1.00384
0.99884
0.997665
1.00462
1.00255
1.00185
0.998245
1.00278
1.00465
1.00206
1.00064
0.998275
1.00131
1.00351
1.00049
0.999714
1.00122
0.996609
0.99856
1.00252
0.999374
1.00209
0.99859
1.00076
1.00326
0.998559
0.998758
0.997485
0.996763
1.00032
0.998032
0.996037
0.999745
0.997832
1.00012
0.998326
1.00221
1.00147
0.996845
0.996743
1.00028
0.99861
0.998698
0.998979
0.998329
0.995814
1.00388
1.00372
1.00074
1.00259
1.00155
0.998863
0.999733
0.994444
0.999743
1.00292
0.996884
1.00225
0.994265
0.999361
1.00221
1.00215
1.00035
0.999252
0.99884
0.997346
0.998121
0.999911
1.00065
1.00126
0.999576
0.997595
0.996907
1.00097
1.0007
0.998153
0.994966
0.999542
1.00061
0.999643
0.998435
0.999765
0.999752
1.0034
1.00103
0.998983
1.00018
0.999282
0.994799
1.00081
0.998199
0.999506
0.9984
1.00018
1.00116
1.00096
1.00419
1.0009
1.00578
1.00004
1.00049
1.00099
1.00322
0.999055
1.00094
0.99983
1.00028
0.99772
1.00148
0.999403
0.999503
1.0039
1.00186
0.999044
1.00033
1.00102
0.999314
0.995813
1.00207
0.997223
0.996003
1.00174
0.997098
1.0005
0.999287
0.997232
1.0014
0.997187
1.00258
1.00182
0.999414
0.997562
1.00136
0.996287
0.999908
0.998338
1.0036
0.999175
0.998969
1.00132
1.00169
1.00014
1.00085
0.997354
0.999192
1.00089
0.998473
1.00213
0.999307
0.99766
1.00003
0.998355
1.00107
0.997385
1.00076
1.00506
0.999363
1.00066
1.00252
0.999999
0.996371
0.998488
0.999033
1.00232
0.998511
0.999633
0.998982
0.999596
0.997425
1.00298
1.0003
0.998863
1.00167
0.998899
0.998748
1.00055
1.00444
0.998343
0.99605
0.999832
0.99819
1.0011
0.998356
0.997203
1.00108
1.00061
1.00156
0.998099
1.00372
0.999679
0.998232
1.00278
0.999072
1.00177
1.00426
1.00186
0.999719
1.00021
1.00017
0.998038
0.998363
0.998179
0.999791
0.995689
0.999146
0.996597
0.997677
1.00268
0.998961
1.00144
0.998947
0.997194
0.9983
1.00083
1.00278
0.998501
0.994966
0.99862
1.00134
0.996344
1.00251
1.00247
0.998968
0.997746
0.998078
1.00328
0.997778
1.00107
1.00665
1.00314
1.00049
1.00217
1.00243
1.00026
0.999303
1.00468
1.00097
1.00028
1.00045
1.00021
0.9967
0.99984
1.00257
1.00232
1.00014
0.999231
1.00299
0.998877
0.995269
1.00378
0.999908
0.997304
0.999646
0.998853
0.997548
0.99783
0.997172
1.00063
0.998321
0.999983
0.997356
0.998773
1.00256
0.995096
1.00232
1.00131
0.995077
1.00016
0.999586
0.999044
1.00319
1.00014
0.995661
0.998638
1.00017
1.00054
0.999118
1.0021
0.999846
0.996569
1.00295
1.00308
0.997122
1.00658
0.998577
1.00232
0.998368
1.00248
1.00116
0.997101
0.998882
0.999928
0.999099
1.00094
0.999768
1.00087
0.99773
1.001
0.999734
1.00293
1.00278
0.998177
0.998094
1.00187
1.00156
1.00634
0.998281
1.00106
1.003
0.99588
0.99929
1.00083
0.999748
1.0019
0.999634
0.998514
0.998981
0.999573
0.998891
1.00118
1.00196
0.996796
1.00129
1.00207
1.00503
0.998646
0.993996
1.00226
0.999735
0.9954
0.996827
0.997498
1.00179
1.00484
0.999263
0.998156
1.00079
1
0.998313
1.00557
0.998896
1.00321
1.0066
1.00101
0.999911
0.996964
1.0015
0.996672
0.996465
1.00179
1.00051
0.997751
1.00074
1.00154
0.998865
1.00351
1.00239
1.00191
1.00391
0.999462
1.00295
1.00711
1.00415
1.00154
1.00156
0.998776
1.00416
0.999065
0.999086
0.998145
0.99766
1.00334
0.9992
1.00099
1.00013
1.00159
1.00404
1.00065
0.997216
1.00058
0.996508
0.998897
1.00133
0.998842
0.994511
1.00487
0.997978
0.999435
1.0024
1.0004
1.00238
0.999819
0.998211
0.9976
1.00474
0.995394
0.999482
1.00616
1.00087
1.00174
1.00297
0.997727
0.99839
0.998603
1.00194
1.00014
0.999494
0.995495
0.997374
0.997261
1.00084
0.996541
1.00083
0.998942
0.99576
0.998381
1.0026
1.0007
0.999347
1.00126
1.00167
0.997034
1.00447
0.996594
0.999558
0.998456
1.00013
1.00125
1.00284
1.00086
0.999999
0.999821
0.999717
1.00112
0.995975
1.00273
0.999839
0.997672
0.998695
1.00587
0.996495
1.00187
1.00023
0.99598
0.997931
0.99252
1.00003
0.996771
0.999437
0.998359
1.00141
0.999833
0.997593
1.00059
0.99512
1.00142
1.00434
0.999948
0.999276
1.00318
1.00204
1.00542
0.997279
1.00366
1.00071
0.99337
0.996838
1.00022
0.99938
1.00039
1.00172
0.999599
0.999868
1.00244
1.00068
1.00162
0.999716
1.00106
1.00007
0.998122
1.00312
1.00083
0.999892
0.998573
1.00159
1
0.998534
1.00011
0.996496
0.992746
1.00285
1.00361
0.997123
0.999862
1.00077
0.994627
0.996286
0.998047
0.999555
1.00148
0.994808
1.00005
0.994205
1.00016
0.999558
0.997828
0.998749
0.996365
1.00024
1.00237
1.00072
0.998201
1.0002
1.00128
1.00078
1.00055
0.997689
1.00323
1.00143
0.999324
0.998276
1.00288
1.00082
0.994371
0.997025
1.00242
0.995918
0.997742
0.997421
1.00289
1.0027
1.00132
0.999403
1.00546
0.99531
1.00133
0.999567
1.00002
1.00064
0.998468
1.00087
0.999891
0.997774
0.999391
0.999818
0.998447
0.99969
0.998474
0.998746
1.0009
0.998552
0.998126
0.99889
1.0039
0.997298
0.996739
1.00115
1.00108
1.00034
1.0036
0.996537
0.997909
0.99884
0.997311
0.997598
1.00298
0.998046
0.992536
0.997295
0.998723
1.00117
1.00054
1.00394
0.999825
1.00098
1.00035
1.00182
1.00345
0.99438
0.999554
1.00365
0.999019
0.998695
1.00094
0.999027
0.999483
0.998219
1.00024
0.997336
1.00051
1.0005
0.999865
1.00028
0.998701
1.00028
1.00152
0.997154
0.997868
0.999222
1.0039
1.00074
1.00017
1.0023
0.992443
1.00064
1.00024
0.997999
1.00323
0.996474
0.998315
0.997911
1.00362
1.00098
0.996232
0.997326
0.999164
0.999193
0.996097
0.997064
1.00515
0.998857
1.00118
1.00063
0.997341
1.00077
0.998535
0.9937
1.00074
1.00417
1.00101
1.00239
1.00518
0.998605
1.00202
1.00338
1.00033
1.00016
1.00123
0.998891
0.997559
0.997734
1.00043
0.998107
1.0017
0.997934
1.00346
1.00136
0.996369
0.998855
1.00248
0.996722
0.996616
1.00233
1.00154
1.00035
1.00102
0.99933
0.999395
1.0051
1.00173
0.996755
1.00028
1.00029
1.00581
1.00461
0.998751
1.00268
0.999658
0.999856
0.999414
1.00134
1.00109
0.999041
0.996783
1.00083
1.00052
1.00091
0.999521
0.999453
0.999752
1.00454
1.00207
0.9982
0.997663
0.999073
1.00152
0.998593
1.00196
1.00137
1.00015
1.00113
1.00141
1.00198
1.00095
0.996096
1.00442
0.997817
0.999604
1.0025
0.999722
0.998824
0.99775
1.00317
0.999672
0.995335
1.00168
0.998742
1.00306
1.00161
1.00086
0.998327
0.999647
1.00029
0.996312
0.995751
1.00101
0.996075
0.997763
1.00291
1.00149
0.995335
1.00189
1.00564
0.99884
1.0016
0.995681
1.00196
0.995732
0.996475
0.996889
0.9998
0.99632
0.998289
1.00073
1.00283
0.997365
1.00084
1.0012
0.998184
1.00033
1.00116
1.00081
1.00151
1.00493
1.00018
1.00388
0.998567
1.00378
1.00006
0.998364
0.999579
0.995101
1.00212
0.997988
0.997445
0.996212
0.997902
0.997563
1.00092
0.998815
0.998872
1.00408
1.00052
1.00278
1.00083
0.995318
1.00176
1.00242
1.00262
1.00045
0.996315
0.999195
1.00171
0.997505
1.00577
0.999859
0.996661
1.00206
0.996897
0.99431
1.00237
0.994753
0.996903
1.00184
1.00025
0.998407
1.00594
1.00244
0.999209
1.00038
1.00365
1.00173
0.99813
0.99668
1.00058
0.995562
1.00009
0.997965
1.00324
1.00038
0.999473
0.999604
1.0008
0.998509
0.993993
0.996127
1.00025
0.996692
0.997811
1.00038
0.997329
1.00011
0.998064
1.00123
1.00251
0.999164
1.00155
0.998761
1.00179
1.00054
1.00133
0.999056
0.999165
1.00428
1.00255
0.99828
0.999606
0.998872
0.99966
0.997949
0.99844
0.996586
1.00253
1.00027
0.998914
1.00246
1.00017
0.995676
0.997935
0.996625
0.999407
1.00018
1.00124
0.999052
0.997609
1.00136
1.00561
0.998554
1.0026
1.00194
1.00466
0.999388
1.00132
1.00678
0.99634
1.00249
0.99582
1.00122
0.997284
1.00105
1.00234
1.00051
0.998554
0.998101
0.998448
0.999413
1.00164
1.001
1.00027
0.997158
0.999156
0.998755
0.998006
1.00177
0.995248
0.998674
1.00531
0.99794
0.998879
1.00407
1.00134
1.00441
1.00259
0.997911
1.00402
0.997034
1.00496
1.00045
1.00103
1.00471
0.996406
0.996955
1.00196
1.00068
0.998614
1.0024
0.998743
1.00228
0.999272
0.999861
1.00278
1.00119
1.00216
0.99776
0.99894
0.999002
0.99712
1.0025
0.997099
1.00042
1.00176
0.999157
0.996888
0.998287
1.00321
1.00388
0.996173
1.00021
1.00443
0.997341
1.00244
0.999192
0.99949
1.00229
1.00151
1.00138
1.00286
1.0006
0.998783
0.999672
0.998348
1.00339
0.999178
1.00054
1.00091
0.997585
1
1.00175
1.00216
1.00375
0.999296
1.00027
0.999475
1.00082
1.00224
0.999417
1.00233
1.00204
0.998059
1.00245
1.0018
0.998989
0.995187
1.00122
0.997125
0.996411
0.999943
1.00213
0.999256
1.00025
1.00137
0.999904
1.00097
0.998575
0.998629
1.00401
0.996329
1.00074
0.999748
1.00333
1.00207
1.00127
1.00206
1.0015
1.00048
1.00048
0.998126
0.999256
1.00068
1.00134
1.00531
0.998763
0.999428
1.00025
1.00099
0.998519
1.00483
0.998461
0.999276
1.00124
0.996593
1.00423
1.00036
0.997401
1.00139
0.999579
0.995517
0.999126
0.998414
0.99803
1.00377
0.996219
1.00237
0.99974
0.995258
0.999087
1.00223
1.00148
0.99859
1.00161
0.995331
0.996857
0.998082
0.998518
1.00046
1.00197
0.999869
0.998544
1.00108
0.99997
0.997111
1.00408
0.999366
1.00107
1.00233
0.999604
0.999489
0.998355
0.999991
0.997794
0.999458
1.00151
1.00549
1.00338
0.999156
1.00153
0.99946
0.998727
0.997692
1.00035
0.998703
1.00224
0.998548
1.00428
1.00164
1.00032
0.999026
1.00093
1.00236
0.999183
1.00276
1.00578
1.00012
1.00253
0.998136
1.0001
1.00121
1.00065
0.998176
0.997762
1.00324
0.998858
1.00099
1.00097
1.00131
0.998326
0.993364
0.999558
1.00424
0.998169
0.997607
1.00419
0.996549
0.995229
1.0001
0.995062
0.995027
0.996599
0.997853
0.994044
0.998046
1.0005
0.998894
0.998873
0.993591
1.00114
0.997676
1.00009
0.993041
0.993247
1.00132
0.997542
0.996597
0.997369
1.0024
1.00261
1.00123
0.99996
1.0037
0.994257
0.996733
1.00083
0.999787
1.00302
0.99741
1.00018
1.0001
0.998736
1.00638
0.997221
1.00009
1.00279
1.00369
1.00081
1.00161
0.99643
0.998725
1.0015
0.996818
0.999483
0.999748
0.997596
0.995043
0.997223
1.00506
0.996297
1.00168
0.999438
0.998185
0.998264
0.997925
0.998095
0.996981
0.999339
0.99868
0.997524
1.00234
1.00041
0.999606
1.00204
1.00294
1.00095
1.00147
0.999598
0.99525
0.99888
1.00099
0.998222
0.99988
0.996955
0.998342
1.00067
1.00012
1.00089
1.00428
0.998178
0.999179
1.00002
0.999168
0.996543
1.00267
0.997711
1.00037
0.998708
0.99951
1.00007
1.0015
1.00516
1.00148
0.999278
1.00064
1.0022
0.999435
1.00301
0.999795
0.997053
1.00116
1.00395
1.00094
0.996529
0.999096
1.00004
0.997309
1.00031
0.998377
0.995571
1.00028
0.99918
1.00155
0.997015
1.0009
1.00018
1.00118
0.998472
1.00164
0.99692
1.00292
0.99901
0.995206
1.00329
0.994257
0.997656
1.00422
0.997633
0.99939
1.00094
1.00012
0.998558
0.998431
1.00218
1.00671
0.998066
1.00198
0.998885
0.999277
0.999201
1.00234
0.999348
1.00299
0.999136
0.997711
0.998882
1.00191
1.00071
1.00169
1.00097
1.00444
1.00148
0.995744
0.999945
1.00059
0.996967
1.00045
1.0001
1.00051
0.999086
0.993776
1.00012
1.00287
0.999887
1.00286
1.00085
1.00028
1.00209
1.0034
0.998365
1.00148
1.00014
0.998723
1.00245
1.00179
0.999136
1.00314
0.999453
1.0019
1.00411
0.99702
0.999342
1.00152
0.999137
1.00367
1.00018
0.99987
1.00603
1.00195
0.9995
1.00043
1.00355
0.998391
1.00325
1.00239
0.999527
0.998128
0.997229
0.998892
1.00207
0.997556
1.00226
1.00469
0.997442
1.00418
1.00278
1.00097
1.00526
0.997613
1.00426
1.00124
0.997531
1.0006
1.00392
0.998584
1.00193
0.999332
0.997309
1.00201
0.999658
0.998179
1.00154
0.996932
0.998087
0.999243
0.996947
0.999476
0.999253
0.999201
1.00179
0.999872
1.00007
0.997546
0.998848
1.00157
0.998338
1.00221
1.00005
1.00028
0.998
0.995617
1.00454
1.00032
1.00002
0.999132
1.00101
1.00202
0.9976
1.00476
1.00085
0.99375
1.00079
0.996808
1.00021
0.997154
0.997475
0.998843
0.994641
0.994604
0.996516
0.997206
1.0017
0.998471
0.997754
1.00146
1.00068
1.00015
1.00094
0.998536
1.00295
1.0007
1.00089
0.996891
1.00289
1.00297
1.00142
1.00047
0.998876
1.00082
0.99918
0.999401
1.00225
1.0011
1.00328
0.999269
0.997813
1.00077
0.999647
0.998378
0.997823
0.997397
1.00028
0.995776
0.998512
0.993398
0.997659
0.998315
1.00233
0.999197
1.00239
1.00189
1.00184
1.0021
1.00204
1.00055
0.999804
0.996432
1.00136
0.999249
0.998446
1.00092
1.00172
0.999735
0.999317
1.00403
1.00069
0.99823
1.00349
1.00012
0.995524
1.0046
0.9985
0.999732
1.00006
1.00151
1.00006
0.997878
1.00029
1.00608
0.997548
0.999864
1.00157
0.997933
1.00046
1.00038
1.00064
0.998041
0.997969
0.99973
0.998557
0.999503
1.00319
1.00054
0.997819
0.998904
1.00507
0.998947
0.997831
0.999924
1.0022
0.999787
0.997326
0.996138
1.00182
1.00027
0.996756
1.00244
1.00089
0.998097
1.00214
1.00218
1.0015
0.99761
1.00077
1.00394
0.998821
0.999677
0.999514
0.998423
0.998577
1.00158
0.996574
0.999656
1.00228
0.999076
1.00264
0.99849
1.0023
0.99741
0.999272
1.00233
0.997914
1.00135
0.997383
1.00071
0.99882
0.998316
1.00045
1.00201
1.00239
0.998755
0.999017
1.00196
0.99865
0.99863
0.99974
0.997127
0.99943
0.998223
0.998378
1.00034
0.998099
1.00334
1.0012
1.00106
1.00232
0.998315
1.00069
1.00051
1.00112
0.999168
1.0021
1.00177
1.00191
0.998138
0.997531
1.0009
0.994301
1.00069
1.00076
1.00076
0.999917
0.998691
0.996688
1.00155
1.00024
1.00191
1.00393
1.00163
1.00054
0.994705
1.00168
1.00044
0.994711
1.00406
0.998504
0.999368
1.00064
0.994735
1.00048
0.999404
1.00651
0.995625
1.0031
1.00286
0.999502
1.00297
0.999888
1.00566
1.00164
0.998727
1.00395
0.998879
1.00131
1.0005
0.997594
0.998909
0.998483
1.00218
1.00125
1.00261
0.997177
0.998587
0.99988
1.00331
0.999382
1.00294
0.999264
0.99477
1.00079
0.997638
0.997516
1.00363
1.00093
1.00108
0.997438
1.00011
1.00161
0.999509
0.998545
1.00091
1.00561
0.999467
0.998469
0.99954
1.002
1.0027
0.996515
0.998544
1.0018
1.00609
0.99982
0.998044
1.00211
1.0008
0.996603
1.00171
1.00163
1.0018
0.99855
1.00263
1.00087
1.00152
1.00039
0.999045
1.00683
0.997834
1.00046
1.00213
0.999005
0.999066
1.00161
0.998624
1.00453
0.998656
1.00062
1.00433
1.0002
0.996249
0.996462
1.00224
1.00162
1.0024
1.00159
1.00306
1.00039
0.999356
1.00004
1.00079
1.00228
1.00006
0.99805
1.00035
0.999031
1.00095
1.00367
1.00025
0.99829
1.00528
0.993879
0.999425
0.997664
0.997389
0.999647
1.00134
0.997008
1.00178
1.00053
1.00254
0.994126
0.999581
1.00108
1.00247
1.00084
1.00184
0.9964
1.00141
0.998988
1.0007
1.00061
0.998975
0.996433
1.00023
1.00024
1.00138
1.00163
1.00317
1.00204
1.00419
1.00065
1.00112
0.999604
0.997898
0.997802
1.00128
0.997462
1.00035
0.992993
1.00357
0.998667
1.00303
1.00003
1.00172
1.00155
1.00398
1.00176
1.00278
1.00348
0.998013
0.999258
0.996703
1.00238
1.00002
1.00125
0.997648
1.00369
1.00039
1.00191
1.00076
0.999987
1.00051
0.997907
1.00015
1.00194
0.997646
1.00041
0.997994
0.99793
1.00491
0.999684
0.998398
1.00208
0.995812
1.00165
1.00071
0.995144
0.999524
0.993391
1.00399
0.997372
0.999315
1.00157
0.998167
1.00086
1.00295
1.00454
0.996816
0.997368
1.00114
0.997111
1.00191
1.0023
0.996579
1.0016
1.00621
0.994864
1.00244
0.999501
0.998717
0.999451
1.00155
0.999554
0.997726
0.997287
0.998069
1.0002
1.00022
0.998474
1.00071
1.00135
0.998506
0.994145
1.00172
1.00084
0.997448
0.998253
1.00063
0.997575
0.998466
0.996276
1.00033
0.999644
0.998914
1.00324
0.998199
0.99867
0.999365
0.998188
0.998997
1.00072
1.00195
0.996173
0.996739
0.999939
0.997953
1.0015
0.996959
0.998863
0.993851
1.00111
1.00082
0.995295
0.998874
1.00111
0.998349
0.997286
0.998147
1.00062
1.00118
0.999078
0.99456
1.0009
1.00112
0.998487
1.00108
1.0036
0.996004
0.998853
1.00016
1.0015
1.002
1.00287
1.00369
1.0028
1.00073
0.998981
0.999164
1.0033
1.0024
1.00322
1.00047
1.00026
1.00312
1.00041
0.999485
0.998029
1.00131
1.00376
1.00291
0.999795
0.998299
1.00304
0.997346
1.00363
1.00536
0.996544
0.999161
1.00213
0.99995
0.998738
0.997325
0.998454
1.00302
0.998754
0.999016
0.998125
0.996994
0.998667
1.00158
0.996378
0.998455
0.998466
0.998983
1.0014
0.999243
1.00121
0.997367
0.998054
0.995868
0.998483
1.002
0.997744
1.00404
0.995926
0.992962
1.00084
0.994892
0.994311
1.00246
1.00112
0.998119
1.00235
1.00074
0.996117
1.00016
1.00253
0.998004
0.998602
1.00028
1.00141
0.994716
1.00089
1.00068
0.996671
0.998532
0.996931
1.00506
1.0032
0.997493
1.00163
1.00252
1.00221
1.00053
1.00189
1.00186
1.00157
0.997746
1.00142
1.00015
0.999985
1.00452
0.999571
1.0019
0.99889
1.00519
0.999719
0.997751
1.00176
1.00031
0.999301
1.00177
0.995456
0.998286
0.999844
1.00032
0.996879
0.997112
0.998793
1.0033
0.998107
0.997936
1.00175
1.0035
1.00132
1.00055
1.00309
0.998945
1.00151
1.00227
1.00144
1.00001
1.00059
1.00183
1.0056
1.00104
0.998493
0.998274
1.00011
1.0023
0.995864
1.00102
1.00244
1.00067
1.00037
0.998975
0.996711
1.00101
0.998315
0.999804
0.99665
0.997118
0.998824
0.997606
0.993411
0.998935
0.999774
0.997869
1.00241
1.00237
1.0021
1.00165
0.998221
0.997012
1.00223
0.998347
0.999234
1.00239
0.996105
1.00027
0.998682
0.999286
0.997453
1.00208
1.00465
0.999484
1.00187
1.00047
1.00048
0.995938
0.9975
0.998088
0.99799
0.996458
1.00619
1.00092
1.00114
1.00222
1.00092
1.00116
1.00237
1.00037
0.996505
0.997919
0.999941
0.997197
1.00149
1.00384
0.99985
1.00664
1.00074
0.997913
0.996451
1.00497
0.998714
1.00302
0.998998
0.995893
0.998381
1.00627
0.996362
1.00193
1.00069
1.00179
1.00052
0.999785
1.00282
1.00345
0.997118
1.00452
1.00345
1.00004
1.00096
1.00296
0.997192
1.00275
1.00398
0.999286
0.997516
0.998548
0.996255
1.00169
1.0014
1.00073
0.997006
1.00131
0.999101
1.00323
1.00391
1.00144
1.00086
0.997194
0.999473
0.997973
1.00142
0.995366
1.00089
1.00285
0.995674
1.00492
0.998754
0.998413
1.00111
1.00051
1.00077
0.998885
0.998472
0.995978
0.997362
1.00173
0.99959
0.998515
0.999728
1.00144
0.996974
1.00686
1.00066
0.99823
1.00174
0.999055
0.997393
1.00207
1.00131
0.993644
1.0022
0.997974
0.998158
1.00147
0.997267
0.995596
1.00319
1.00142
0.998009
1.00215
1.00396
1.00319
0.997442
0.995433
0.999036
0.998004
1.00021
0.999441
1.00267
1.00022
1.00489
0.997451
1.00316
1.00301
0.999705
0.993134
1.0006
1.00006
0.997891
1.001
1.00078
0.997887
1.00181
1.00476
0.997479
0.998886
1.00064
1.00343
0.999433
0.997541
1.00137
0.998405
0.999573
0.999727
0.998643
0.997524
0.996792
1.00249
0.995625
1.00101
1.00204
1.00243
1.00343
0.996341
1.00356
1.00133
0.995892
1.00033
1.00208
0.996798
1.00185
1.001
1.00026
0.999097
0.999234
0.997429
0.995086
1.00188
0.995621
1.00279
1.00446
0.998846
0.999423
0.999223
1.00146
1.00198
0.999448
1.00255
0.999038
1.00157
0.998877
0.999156
1.0038
0.998342
1.00156
1.00052
1.00022
1.00056
0.998656
1.00153
0.996763
1.00127
0.994919
0.999222
1.00092
1.00296
1.00039
0.99862
1.00193
0.998291
0.996478
1.00429
0.999404
1.00097
1.00541
1.00128
0.996666
1.00177
1.00216
0.99982
1.00209
0.999296
0.997334
1.00375
0.998498
0.999939
0.99501
0.999827
1.00091
0.999865
0.998837
0.998058
0.996503
0.997889
0.999683
0.999205
1.00083
1.00145
0.998802
1.00316
1.00307
0.999484
1.00448
0.997615
1.00055
0.998733
0.999764
1.00368
0.99596
1.00142
1.00063
1.00537
1.0024
0.998269
0.998636
0.997525
1.00391
0.997072
1.00237
0.999426
1.00182
0.99962
0.997014
0.999638
1.00087
0.99911
0.999506
1.00164
1.0019
0.997082
0.998184
0.998838
0.998501
1.00444
0.996284
1.00242
1.00319
1.00152
1.00277
1.00757
0.997824
1.00035
1.00116
1.0025
1.00394
0.99619
1.00457
0.999607
0.994676
0.997589
1.00294
0.998621
1.00196
0.996661
0.999542
1.00381
0.999011
1.00298
0.995776
0.999629
0.99797
0.999826
0.998452
0.998325
0.997508
0.998764
1.00271
0.998887
1.00065
1.00081
1.00157
1.00015
1.00325
1.00215
0.998161
0.996578
1.00698
1.00023
0.99923
1.00343
0.998392
1.00035
0.998814
0.995377
0.997556
1.00243
1.00112
0.99865
1.00304
1.00189
0.998243
0.996485
0.997001
0.99799
0.995145
1.00077
0.994282
0.997619
0.998337
0.995331
0.998829
1.00023
0.999825
0.9971
0.999311
0.996489
0.998346
0.99775
0.996915
1.00276
0.999971
1.00263
0.998687
0.997649
0.9992
1.00389
0.998735
1.0036
0.99661
0.997681
1.00128
1.00188
0.999011
0.99653
1.00414
0.997142
0.997934
0.999289
0.999721
0.997377
1.00136
0.998921
0.999702
1.00183
1.00072
0.998979
1.00086
1.00234
1.00102
1.00043
1.00152
0.995437
1.00195
1.00222
1.00025
0.999637
1.0015
0.998597
0.993288
1.00337
0.99939
0.998783
1.00328
0.999819
1.00323
1.00153
1.00097
0.997545
1.00438
0.999594
0.997842
1.00083
0.998603
0.996117
1.00221
1.0012
0.996309
1.00485
1.00046
0.999406
1.001
1.00523
0.998394
1.00259
0.999847
0.997943
1.0005
0.997105
1.00131
1.00354
1.00146
0.999253
1.00403
0.997784
0.99626
1.00035
1.00103
1.00528
1.00025
0.996598
1.0023
1.00259
1.00072
1.00116
0.999694
1.00278
1.00067
1.00048
0.997997
1.00209
1.00089
0.998023
0.995939
1.00133
0.998449
1.00025
1.00098
1.00165
1.00167
0.998132
0.998283
0.999962
1.00055
1.00447
1.00245
1.00004
1.00224
1.00424
1.00061
0.999129
0.999459
0.997776
0.998723
0.998369
1.001
0.996447
1.00112
1.00038
0.997604
0.996162
1.00204
1.0011
0.995965
0.997867
0.996465
1.00239
1.00063
0.99735
1.0054
1.00245
1.00149
0.99896
1.00401
1.00027
0.999867
1.00011
0.996146
0.998741
0.995376
0.999445
1.00037
0.997702
1.00125
1.00075
0.99654
0.994165
0.999896
0.997031
1.00005
0.996208
1.00112
1.00244
0.996216
0.996686
0.997185
1.00036
0.999211
1.00264
0.999222
1.00015
0.999029
1.00308
1.00055
1.00252
0.995673
1.00428
0.998295
1.00266
1.00011
0.995999
0.997806
0.999356
1.00017
1.00055
0.999889
1.0005
1.00082
0.999126
1.00208
1.00328
1.00059
0.997669
1.00053
1.00147
1.001
1.00047
1.00202
1.00344
0.997265
0.996054
1.0037
0.996582
1.00181
0.999179
0.999758
1.00539
0.997982
1.001
1.00126
1.00159
1.00075
0.996172
0.991139
0.996962
1.00111
0.995192
0.997808
0.99831
0.999347
1.00062
1.00319
1.00152
0.99349
0.997571
0.995085
0.998265
0.999823
1.00001
0.99878
1.00397
1.00069
1.00197
1.00254
1.00179
1.0009
1.00117
0.998423
1.00069
0.998396
0.997392
1.00091
0.998857
1.00171
1.00028
0.997398
0.999716
1.00373
1.00203
0.997312
0.999261
1.00026
0.995252
1.00277
1.00493
0.998833
1.00165
1.00056
0.999054
1.00262
0.999259
1.00314
1.00155
1.00158
1.00199
0.998953
1.00411
1.0013
0.996756
1.00544
0.998713
0.998743
1.00175
0.999981
1.00076
1.00162
0.998331
1.00118
1.00043
1.00294
1.00105
0.996895
0.997997
1.00232
0.997854
1.00308
0.996489
1.0014
1.0014
0.999971
0.998161
0.997043
0.997349
1.00121
1.00054
1.00142
0.997958
1.00147
0.9972
0.99843
1.00313
0.999856
0.999766
1.00263
1.00042
1.00115
0.998866
0.995124
0.998368
0.999198
0.999091
0.996886
0.99727
1.00423
0.996886
0.99725
1.00296
0.997189
0.998417
0.997128
0.999002
1.00118
1.00173
0.997744
0.998636
1.00224
0.998765
1.00161
0.999838
0.999183
0.997034
1.00341
1.00435
1.0009
1.0023
1.00104
1.00019
1.00068
0.99698
0.999357
1.00168
0.997017
1.00405
1.00021
1.00162
0.997411
1.00424
1.00033
0.99437
1.00264
0.996742
1.0004
0.999968
0.997127
0.999836
1.00215
0.998991
1.00718
1.00475
1.00411
1.00156
1.00011
1.00451
1.00149
0.994742
0.999432
1.0029
1.00068
1.00136
1.00371
1.0029
1.00143
1.00231
0.999715
1.00193
0.999055
0.999729
0.998634
1.00161
1.00381
0.999954
1.00419
1.00046
1.0004
0.998342
0.999851
0.997143
0.997671
0.994212
1.00048
0.999641
0.998759
1.0019
0.99909
1.00012
0.997955
0.998448
1.00421
0.998735
0.996417
1.00113
0.999056
1.00099
0.997741
1.00252
0.998524
1.00178
1.00206
1.00122
1.00219
0.997039
1.00043
1.00186
0.998615
0.998463
0.997939
0.996192
0.999251
0.996325
1.00224
0.997319
1.00006
0.999085
1.00043
1.00053
1.0013
0.999447
1.00097
1.00278
0.998143
0.999134
1.00688
0.999087
0.999105
1.00539
0.998485
1.00104
0.997294
1.0035
0.996184
0.997691
1.00137
1.00099
1.00135
0.996613
0.998391
1.00016
1.00159
0.998283
0.99676
1.00215
1.00067
1.00178
0.998474
0.997995
0.994479
0.996773
0.999091
1.00185
0.999197
0.998833
0.998184
1.00085
1.00017
1.00213
0.994752
1.00054
0.997991
1.00326
0.999162
1.00034
1.00161
0.998231
0.999455
0.999501
1.00366
0.997772
1.00316
0.996731
1.00187
0.997952
1.00283
1.00088
0.996803
0.997716
0.99592
0.999093
1.0002
0.994748
0.997545
1.00105
1.00491
0.99822
1.00179
0.999679
1.00191
0.998228
1.00104
1.00252
1.00387
0.999022
1.00044
1.00106
0.997899
0.99797
0.998057
1.00108
1.00015
0.997553
0.996599
0.997415
0.997907
1.00022
1.0006
1.00427
1.00148
0.997773
1.00137
1.00081
0.996215
1.00138
0.999758
1.00144
0.99754
0.998645
0.999365
1.00354
0.997425
1.00009
1.00128
1.00237
1.00177
0.999579
1.00164
1.00141
0.998257
1.00169
1.00278
1.00454
0.998777
1.00095
0.998489
0.998331
0.999698
0.998126
0.999337
1.00194
0.997158
0.998985
1.00127
1.0024
0.995983
0.998321
0.998412
1.00038
1.00013
1.00463
0.999997
1.00267
1.00503
1.00119
0.998221
1.00137
1.00097
1
0.998884
1.00228
1.00015
0.996186
1.00427
0.999327
0.9983
1.00035
1.00259
0.999947
1.0021
1.00121
0.995401
1.0048
1.0018
1.00221
1.0023
0.999318
0.999277
1.00139
0.993769
1.00005
1.00513
1.00007
1.00201
0.99869
0.999498
0.997078
0.996192
1.00733
1.00281
1.00411
0.998234
1.00187
1.00096
0.999377
1.00027
1.00107
1.00004
1.00285
0.998244
1.00463
0.997921
0.999998
1.00177
0.999567
0.996905
0.998986
1.00305
0.998683
1.00155
0.998902
0.998811
0.99784
1.00283
1.00132
0.99763
1.00056
1.00125
1.00096
0.998345
0.999592
1.00215
0.996268
1.00379
1.0029
1.00163
0.999795
1.00205
0.997812
1.00328
1.00039
0.996964
1.00351
1.00408
0.997631
0.997114
0.99991
1.00228
0.998684
0.999926
1.00202
0.998951
1.00255
0.998005
0.998799
0.999052
1.00105
1.0013
0.998537
0.999485
0.998469
0.997372
0.998081
0.999173
0.999958
1.00265
1.00264
1.0019
1.00267
1.00356
0.999864
0.999747
0.998183
0.999135
0.999801
0.996978
0.99739
1.00053
1.00267
0.996922
0.998185
1.00143
0.996098
0.998093
1.0007
0.996354
1.00051
1.00035
0.999579
1.00456
0.999908
0.997231
1.00217
1.00248
0.999352
1.00495
0.997194
0.995459
1.00089
0.991813
0.996585
1.00082
1.00064
0.995303
0.996986
1.00146
0.999772
0.999628
1.00455
0.998251
1.00276
0.997858
1.0068
1.00179
1.00525
1.00152
1.00603
1.0027
0.993137
1.00103
0.999331
0.998932
1.00011
1.00434
1.00126
0.99943
0.999669
0.999757
1.00138
1.00484
0.999864
0.996809
1.00007
0.994275
1.00225
1.00018
0.997607
0.99865
0.999839
1.00305
0.99869
0.998002
1.0006
0.996844
0.992814
0.998802
1.00099
0.995917
0.99962
0.998891
1.00062
1.00151
1.00223
0.999721
1.0037
1.00178
1.00135
1.0021
0.997874
0.998122
1.00367
0.99615
0.9996
0.99737
0.999575
0.997768
1.00084
1.00031
0.99715
0.99808
1.00338
0.996585
0.998641
0.997496
0.998647
0.999845
1.00205
1.00017
0.997176
1.00047
1.00062
0.996378
1.00149
1.00066
1.00076
0.999493
1.00407
1.00101
0.999508
1.00229
1.00428
1.00195
0.999444
1.0017
0.999717
0.99919
1.00011
0.995446
0.99978
0.996825
1.00109
1.00124
1.00375
0.998609
0.998861
0.996792
0.997612
1.00324
1.0011
0.997558
1.00008
1.00096
1.00292
0.996381
1.00192
0.996785
0.997253
1.00236
0.995752
1.00072
1.00212
1.00235
1.00062
0.998193
1.0012
1.00018
0.996893
0.997471
0.99736
0.999274
0.998716
1.00177
1.00193
1.0032
0.997108
0.999062
1.00102
0.997341
1.00088
1.00077
0.999753
0.998803
1.00271
0.999143
1.003
1.0039
1.00214
1.0019
1.00217
1.00004
1.00412
0.996057
0.99673
1.00052
0.999423
0.995067
1.00232
1.0022
0.99982
0.999616
0.993677
1.00055
1.00018
0.993433
1.00131
0.998409
0.997056
0.999269
1.00004
0.996332
1.00293
0.999329
0.997776
0.996368
1.00271
1.00195
1.00251
0.999894
0.997584
0.998531
0.994024
0.99392
0.999213
1.00102
1.00473
1.00116
0.996955
0.998607
1.00173
0.995202
0.999207
0.999825
0.993075
1.0038
0.995826
1.00077
1.00329
0.996797
0.99943
1.00428
0.995962
0.999645
1.00082
0.998693
1.00231
1.00063
1.00062
1.00008
0.998584
0.998292
0.998808
0.999623
1.00097
0.999968
0.997511
0.99894
0.999045
1.00177
1.00294
1.0001
1.00555
0.999004
0.994995
1.00037
0.999694
0.997458
1.00191
0.998765
0.999825
0.998457
0.998235
1.00176
1.00236
0.99694
0.999765
0.998882
0.997442
1.00337
0.999823
1.00164
1.00365
1.00362
0.996476
1.00499
1.00265
0.999259
0.999993
1.00174
0.996163
0.998455
1.00262
1.00019
1.00215
1.00093
0.999181
1.00181
1.00079
0.998091
0.997883
1.00183
0.997906
0.998473
0.99926
1.00404
1.00155
0.99808
0.996382
0.997587
1.00147
1.00549
0.999778
1.0044
1.00085
1.00467
0.999324
1.00102
0.998117
0.998478
1.00453
1.00196
0.995738
1.00171
1.00353
1.00043
0.998389
0.997639
1.00184
0.99731
0.997885
0.998989
1.0047
1.00148
1.0011
1.00123
1.00476
0.999758
0.995726
1.00016
0.99726
0.999434
0.997301
0.999687
0.999518
0.9981
1.00058
0.994355
0.997488
0.998869
0.995934
1.00019
0.998135
1.00043
1.00692
0.996478
1.00215
0.99855
0.998464
1.00308
0.996465
1.00427
0.999753
0.999356
1.0035
0.998417
1.00075
1.00017
1.00255
0.998642
1.00268
1.00136
0.999566
1.00081
1.00112
0.998678
1.00042
1.00007
1.00249
1.00053
0.995074
1.00202
0.997782
0.995955
1.00198
0.995523
1.00399
0.996205
0.997436
0.99885
0.99774
0.998778
1.00133
1.00267
0.998167
1
1.00076
1.00382
0.999517
0.998194
1.00373
1.00033
0.995285
1.00022
0.999607
0.99797
1.00077
1.00054
0.999151
0.999432
1.00031
0.998097
1.002
0.999376
1.0063
1.00291
1.00042
0.998841
0.999879
1.00093
1.00419
1.00007
0.994551
1.00411
1.00168
0.999231
1.00077
0.999537
1.0028
0.998513
0.999469
1.00599
0.99641
1.00158
1.00403
0.998162
0.996947
1.00331
0.997803
0.999307
1.00104
1.00289
1.00207
0.998649
1.00104
1.00129
0.996235
0.995685
1.00073
1.00423
1.00138
0.997178
1.00062
0.995568
0.999363
1.00091
1.00198
0.997642
1.00089
1.00169
1.0035
1.00034
0.999234
1.00493
1.00176
1.0026
1.00425
1.00204
0.997519
0.999282
1.00048
0.996638
1.00244
1.00238
0.997051
1.00056
1.00506
0.997878
0.999573
0.997694
1.00013
1.00394
0.996737
1.00064
0.997004
1.00265
0.99652
0.998121
1.00354
1.00055
1.00289
1.00048
0.997319
1.00251
1.00171
1.00284
0.999592
0.99954
1.00181
0.995637
0.999216
0.999996
0.999356
1.00049
0.99813
1.0007
0.999835
1.00138
1.00136
0.99881
1.00265
1.00149
0.99586
0.997803
1.00009
1.0041
0.996594
0.99745
1.00108
0.998021
1.00156
1.00091
0.995447
1.0001
0.996883
0.99748
1.00257
1.00304
1.00221
1.00007
1.00016
1.00112
1.00372
1.00121
0.995487
1.00527
1.00173
0.99798
0.997301
0.999268
0.996836
0.998958
1.0046
0.998616
1.0003
1.00009
0.996303
1.00276
1.00006
1.00184
0.998942
1.00108
1.00361
0.998315
1.0026
1.00087
1.00342
1.0052
1.00053
1.00133
1.00125
1.00199
1.00242
0.999473
0.99712
0.995964
1.00087
1.00104
0.995623
0.997857
0.998592
0.998931
0.996568
0.998738
0.996679
0.994732
1.00178
0.9983
1.00136
1.00038
1.00101
0.999284
1.00204
0.998063
0.994687
0.99901
0.997864
0.996257
1.00214
0.99902
1.00413
1.00224
1.00058
0.999783
1.00048
1.00192
0.999432
1.00126
1.00574
1.00391
0.999379
0.998225
1.00195
1.00129
0.996953
1.00165
0.998091
1.00413
0.999872
1.0013
1.00585
0.999489
0.996906
0.996789
1.00352
1.00238
0.999432
0.999777
0.998025
1.00041
1.00183
0.997265
0.998086
1.00074
1.00036
1.00043
1.0012
0.996432
0.996539
0.997886
0.996817
0.999505
0.997238
0.998621
0.997969
1.00032
1.00186
0.997082
1.00092
0.999961
0.997978
0.998268
0.998348
0.999808
0.999085
0.997776
0.997426
0.998376
0.999167
1.00153
0.998203
0.998171
0.997954
0.99874
1.00094
1.00002
0.995445
1.00144
1.00066
0.997423
0.99667
1.00134
1.00138
0.999505
1.00277
1.00243
0.996909
0.999177
1.00193
0.999516
0.999084
0.99932
0.996722
0.998411
0.998216
1.00092
1.00224
0.994145
1.00072
1.00303
1.00304
0.998994
0.99847
1.00503
1.00085
0.996691
1.00706
0.997529
0.996764
1.00167
0.997932
1.00598
1.00064
1.00164
1.00446
1.00275
1.00359
1.0037
0.99802
1.00355
1.00236
1.00043
1.00386
0.999843
0.99799
1.00017
1.00012
0.999081
0.997176
0.999535
1.00405
1.00078
0.998622
1.00226
0.997775
0.996602
1.00141
1.0007
1.00241
0.997642
1.00031
1.00012
1.00042
1.00133
0.995157
0.994996
1.00431
0.997056
1.00268
1.00036
0.995944
1.00161
1.00272
0.999625
0.999933
1.00508
0.999336
0.99754
1.0032
0.995976
0.996989
0.999334
1.00004
1.00124
0.996784
1.00265
0.99955
0.999666
0.998369
1.0017
1.00286
1.00355
0.99668
0.99987
1.00196
1.00248
1.00042
0.998395
0.997948
0.998927
1.00002
1.00157
0.999872
0.997926
1.00157
1.00224
0.998984
1.00012
1.00095
1.0009
0.999786
1.00229
0.998525
0.992124
1.00111
0.998059
0.999015
0.996852
1.00043
0.999909
1.00513
0.998256
0.997846
1.00033
1.00004
0.999901
1.002
0.999921
1.00285
0.997877
0.99305
1.00155
0.996209
0.996655
0.999667
0.99735
0.995936
0.99978
0.999198
1.0015
1.00196
0.999993
1.00086
0.998618
0.997922
1.0031
1.00256
0.996979
1.00175
0.997764
1.00183
1.00315
1.00592
1.00225
1.00322
1.00227
1.0013
1.00752
0.999288
1.00078
1.00158
0.997154
1.00045
0.998367
0.996464
0.998128
0.996211
0.997796
0.999516
0.998345
0.998307
0.996877
1.0037
1.00185
0.99508
1.0022
1.0058
1.00315
1.00007
0.999501
1.00197
0.997957
0.998925
1.00212
0.997203
0.99708
1.00112
0.999902
0.998752
0.997352
1.00315
0.998338
0.998221
0.999692
0.992923
0.999335
1.00525
0.997851
0.998286
0.996767
1.00374
0.999114
1.00182
1.00293
0.999753
0.996857
1.00111
0.997839
1.00252
0.997031
1.0016
0.998965
0.994218
0.998859
1.00199
1.00094
0.999272
0.99531
1.00077
1.00022
1.00231
0.997948
0.999708
1.00423
0.999493
0.996812
0.999915
1.0014
0.998861
0.997845
1.00128
1.00493
0.997071
0.998065
1.00397
0.996447
1.00502
0.999154
0.998606
0.998317
1.00247
0.999682
1.00569
0.997761
0.999606
1.00073
1.00353
1.00323
1.00414
1.00067
1.0021
1.00342
1.0041
1.00271
0.999263
0.999659
1.00205
0.99923
0.997852
1.00115
0.9995
1.00157
0.999791
0.999882
1.00227
1.00127
0.998429
0.999088
0.999594
0.994144
0.999316
0.997152
0.99768
1.00068
1.00291
1.00145
0.997535
1.00136
1.00071
0.998443
1.00136
0.996758
1.00202
0.996459
0.999125
1.00163
1.00112
0.998578
0.995846
0.999073
1.00299
0.999742
0.998175
0.999502
1.00158
0.998676
0.998383
0.999667
0.999878
0.998431
0.999441
0.998325
0.998831
0.997705
1.00226
1.00092
1.0031
0.998195
0.996931
0.997443
1.00366
0.995892
1.00376
0.994942
0.99623
1.00255
0.99436
0.998318
1.00178
0.998002
1.00316
0.998764
0.998648
0.99779
1.00491
0.996916
1.00041
1.003
1.00143
1.00064
0.999126
0.998978
0.994317
1.00165
1.00148
1.0005
0.99903
0.999833
0.999808
1.00219
0.999823
0.999797
0.99341
1.00377
0.997833
0.997122
0.995816
1.0003
0.999028
1.00084
1.00376
1.00297
0.998923
1.00454
0.997634
0.999595
1.0028
1.00046
0.997266
1.00288
0.998538
1.00502
0.997006
0.995469
0.999846
1.00051
0.999443
1.0056
1.00038
0.994945
1.0009
1.00162
0.997533
1.00041
1.00128
1.00014
1.00097
0.995837
0.998737
1.00022
1.00279
1.00309
1.00035
1.00419
1.00124
0.997006
0.998252
0.997123
0.999518
0.997408
0.994426
0.996126
0.999747
0.999468
1.00136
1.00151
1.00096
0.999614
1.00037
0.997448
1.00113
1.00053
1.00211
1.0037
1.00047
0.999811
1.00148
1.00343
1.00143
1.00439
0.999238
1.0013
0.997627
0.99942
0.994206
0.999019
0.996228
0.998349
0.999883
0.995258
0.993935
1.00049
0.995346
0.996284
0.99741
0.997333
0.999216
1.00388
1.00234
0.999657
0.999243
0.999685
0.997738
1.00012
1.00167
1.00158
1.00131
0.999551
1.00437
0.999577
1.0008
1.00242
0.999525
0.998778
1.00039
0.994537
0.996305
0.999876
0.997294
1.0012
0.998327
0.998723
0.999233
1.00106
0.997907
0.997517
1.0006
1.00281
0.99923
1.00155
1.00406
0.996943
0.999984
1.0039
1.00337
1.003
1.00123
1.00103
1.00175
1.00002
1.00257
1.00176
0.998282
1.00257
0.999206
0.999816
0.999109
1.00067
0.998214
1.00442
1.00269
0.997937
0.998399
1.00413
0.996449
0.998629
1.00065
1.00142
0.999951
1.00222
0.998883
0.99656
1.00463
1.00149
0.997946
1.00305
1.00044
1.00192
1.00121
0.995099
1.00321
0.998255
1.00076
0.999897
1.00075
0.99666
1.0027
1.00101
0.993985
1.00137
1.00268
1.00447
1.00021
0.999092
0.998465
1.00068
1.00169
1.00074
1.00136
0.998738
1.00316
1.00122
1.00152
1.0012
1.00174
1.00154
0.993031
1.00034
0.99978
1.00154
0.997791
1.00159
0.999825
0.998344
1.00051
0.997431
0.994032
0.998069
0.998468
1.0001
1.0003
1.00214
1.00283
0.998493
1.00198
1.00054
0.997546
1.0029
0.999718
0.996291
1.00575
1.00125
1.00014
1.00221
0.997501
0.996139
1.00355
1.00272
0.994864
1.00223
1.0004
0.999313
0.997945
1.00313
1.00187
1.00219
1.00039
0.999433
0.998331
0.999952
1.00177
1.00236
1.00133
0.996348
0.996699
1.00257
0.999457
0.995546
1.00088
1.00199
1.00056
1.00169
1.00105
1.00137
1.00073
0.998713
1.00299
1.0045
1.00381
0.996786
0.998401
0.998965
1.00065
1.00373
0.998455
1.00453
0.999511
1.00318
1.00123
0.995629
1.00145
1.00419
0.996987
1.00242
0.999559
1.00142
1.00407
0.994775
1.00278
1.00254
0.998706
1.00265
1.00195
1.0039
1.00167
1.00151
0.997574
1.00389
1.0006
0.996294
0.999578
0.998751
0.999136
1.0022
0.998865
0.994485
0.998816
1.00285
1.0048
1.0008
0.999775
0.999013
1.00149
1.00128
1.003
1.0021
0.99532
1.00088
1.00094
1.00258
1.00164
0.99917
0.994922
0.996945
0.994813
0.999155
0.998087
1.00629
1.00252
1.00175
1.00147
1.00131
1.00209
1.00288
0.995704
1.00278
1.00199
0.997203
0.999406
1.00078
0.996561
1.00262
0.998468
1.00068
0.997305
0.99978
0.996667
1.00084
1.00031
0.999742
1.00081
0.999166
0.995479
0.995365
0.996634
1.00189
0.999821
0.99745
0.999295
1.00385
0.999674
1.00288
1.00435
0.999934
1.00173
1.00041
0.998692
0.99946
1.00267
1.00018
1.0047
0.996734
0.999391
1.00094
0.998402
0.99814
1.00133
0.998836
0.996199
1.00191
1.00063
1.0005
1
0.999113
0.998287
0.996414
0.996207
0.997571
1.00172
0.996406
0.998939
0.9966
0.996283
0.997803
0.998409
0.999525
1.00032
1.00439
1.00322
0.999541
1.00231
1.00068
0.997511
1.00231
0.997215
1.00321
1.00524
0.997464
0.998314
1.0002
1.00022
1.00309
0.998577
0.996764
1.00207
1.00062
0.99613
1.00026
1.00193
1.00043
0.997796
0.998849
0.999577
1.00198
0.997944
0.996854
0.996541
1.00228
0.996323
1.00055
1.00159
0.999054
0.996619
1.00023
1.00153
0.99989
1.00126
1.00045
0.998655
0.997959
0.998855
1.00169
0.997336
0.999784
1.00083
1.00228
0.999888
1.00216
1.00102
0.999076
1.00054
0.997442
0.997216
0.999526
0.995216
0.994894
1.0021
1.00059
1.00152
0.997737
0.999204
0.995321
0.994273
0.999144
0.997204
0.998821
0.996552
1.00001
0.999782
0.99968
0.996292
1.00182
1.00235
0.999077
1.00066
0.995786
1.00199
0.997272
1.00017
0.994983
0.996967
1.00019
1.00065
1.00062
1.00128
0.999257
1.001
0.999574
0.998116
1.00328
1.00086
1.00085
0.995915
1.00088
1.00212
1.00172
1.00025
1.00001
1.0003
1.0009
0.998295
0.997442
0.999183
0.999731
0.99821
1.00307
0.999241
0.995999
0.999222
0.999594
0.999253
1.00128
0.998538
1.00238
0.997098
1.00191
0.997615
1.00081
1.00394
1.00072
1.00041
1.0052
1.00017
0.998483
1.00292
0.999725
1.004
0.997838
0.999049
1.00453
1.00308
1.00201
0.999099
0.995298
1.00032
0.997977
1.00285
0.998669
0.997613
0.998031
1.00118
0.99299
0.999353
0.998079
0.998519
0.998852
0.997839
1.00019
0.99653
0.999587
0.99963
1.00005
0.996313
0.999436
0.999961
1.00276
0.995018
0.999155
0.999462
0.99835
1.00264
0.998601
0.994062
1.00193
1.00293
1.00069
0.99814
0.995907
1.00397
1.00163
0.992204
1.00097
0.999178
0.999903
1.0022
1.00052
0.996386
1.00277
0.998881
0.998381
0.996578
0.999499
1.00041
1.00071
1.00354
0.999377
0.999285
1.00277
1.00395
0.999314
0.99921
1.00329
1.00003
0.99841
1.00065
0.998339
0.999597
1.00016
1.00277
1.00163
1.00469
1.00031
1.0007
1.00118
1.00244
1.0047
1.0007
1.00322
1.00047
0.999683
1.00059
0.999916
0.99774
0.999274
1.0027
1.0022
0.998455
0.997916
1.00019
0.995226
0.996024
0.998136
0.997151
1.00029
1.00035
0.999145
0.997554
0.99887
0.999367
0.999535
1.00281
1.00172
0.999922
0.997193
1.00019
0.991583
1.00236
0.997638
0.998691
0.999142
1.0006
1.00059
0.999658
0.996948
1.00315
1.00066
0.997436
1.00009
0.999476
1.00334
0.997573
0.99737
1.00083
0.995365
0.998399
1.00245
0.998566
1.00059
1.00285
1.00167
0.999892
0.99609
1.00474
1.00261
1.0056
1.00273
0.997372
0.997917
1.00014
0.997409
1.00012
1.00215
1.00129
1.00076
0.996751
0.999433
0.999585
1.00058
1.00042
1.0003
1.00129
0.999138
1.00092
0.997676
0.996113
1.00056
1.00051
0.995097
0.999876
1.00064
1.00475
1.00372
1.00236
0.996148
1.0008
1.00205
0.994962
0.997906
0.999478
1.00419
0.99814
1.00289
1.00101
1.0021
0.999705
0.999423
1.00168
0.998928
0.997812
1.00058
1.00329
1.00425
1.00142
1.00021
0.997417
1.00231
0.999133
0.998637
1.00078
0.997414
1.00136
1.00259
1.00274
1.00312
1.00073
0.99884
1.00062
0.999978
0.996878
1.00022
0.998111
0.996668
0.999505
0.999541
1.00128
0.996441
1.00189
0.999441
0.999658
1.00138
0.997638
0.999039
1.00173
1.00126
1.00253
1.00062
1.00007
1.00368
0.998766
1.00248
1.00504
0.996613
0.998044
1.00014
1.00014
1.0035
1.0016
1.00141
1.00242
1.00041
0.997037
1.00052
1.00213
0.999899
1.00224
1.00221
1.00366
0.999323
1.00036
1.00008
1.00006
0.996032
1.00199
1.00143
0.996465
0.999866
1.00014
1.00269
0.998602
0.996922
1.001
1.00094
0.998375
0.99989
0.999566
1.00169
1.00558
1.00201
1.00175
1.00127
1.0006
0.998381
0.997866
1.00265
1.00191
1.00268
1.00023
0.999397
1.00052
0.99973
1.0011
0.997705
0.999079
0.996471
0.997859
1.00093
0.99824
1.00472
1.00035
1.00218
0.998637
1.00005
1.00138
0.997039
1.00362
0.999407
1.00351
0.995808
0.996682
1.00321
0.998042
1.00145
0.999011
0.998043
1.00293
0.998161
0.995209
1.00476
0.999611
0.99657
1.00488
1.00438
0.997477
0.998217
1.00234
0.995313
0.997737
0.998822
1.00235
1.00134
1.0002
1.00011
0.999284
0.994454
1.00203
1.00103
0.996405
1.00373
1.00625
1.00061
1.00072
1.00527
1.00057
1.00012
0.99929
0.996561
1.00369
1.00276
1.00313
1.00259
1.00004
1.00535
1.00142
0.999907
0.995954
0.996297
0.994264
0.998642
0.995232
0.998128
1.0016
0.99658
0.998392
1.00065
0.999088
1.00505
1.00179
1.00058
0.998206
1.00472
0.999004
1.00385
1.00088
0.99767
0.999288
1.00159
0.997471
1.00014
0.998388
0.998988
1.00048
1.00048
0.996004
0.999443
0.999766
1.00113
1.00189
0.998179
0.999608
1.00544
0.998624
0.99931
1.00126
0.999852
0.99903
1.00103
0.996509
0.999042
1.00058
0.999357
1.00331
1.00231
0.999945
1.00046
1.00333
1.00315
0.999859
1.00132
0.99986
0.996274
0.997106
1.0003
0.999699
1.00047
0.995331
1.00495
1.0005
1.00165
1.0045
1.00023
0.993695
1.00294
1.00334
0.999887
1.00283
0.999463
0.997551
1.00314
0.993845
0.997438
1.00226
0.997123
1.00263
1.00166
0.99589
1.00317
1.00374
0.999041
1.00047
1.00414
1.0014
1.00008
0.998408
0.99869
1.00204
1.00257
1.00208
0.999688
1.00206
0.997947
0.999717
0.995684
0.997401
1.00169
1.00059
0.998643
1.00294
1.00208
1.00234
1.00226
1.00266
0.999189
1.00143
0.999619
0.999527
1.00514
1.00021
0.999105
1.00532
1.00344
0.998653
1.00175
1.00152
0.998204
1.0024
0.995327
1.00155
0.99982
1.00047
0.99905
1.00183
1.00548
0.996395
0.999697
0.999324
0.998367
0.99619
1.00539
0.99783
0.995231
1.00009
0.998703
0.996931
0.998636
0.999828
1.00717
1.00326
1.00134
1.00209
1.00374
1.00159
0.99792
1.00162
0.995107
1.00291
1.00221
1.00413
0.999633
1.00275
1.00023
0.998144
1.00389
0.998255
1.00127
1.00099
0.997838
0.996382
1.00183
1.00001
0.998946
1.00146
0.999607
0.995648
1.00066
0.996699
0.998108
0.999666
1.00055
1.00555
1.00018
0.998788
1.0018
0.998659
1.0011
1.00241
0.998658
1.00505
1.0012
1.00262
0.998751
1.00324
1.00284
1.00351
1.00167
1.00169
0.998029
1.00511
0.999676
1.00164
1.00302
1.00245
0.999485
0.998612
0.999522
0.995863
1.00169
0.999718
1.00011
1.00122
1.00041
1.00109
1.00036
0.997198
0.998661
0.997535
0.997592
1.00086
1.00113
1.0027
0.999095
0.999907
1.00478
0.99568
0.998915
1.00013
0.999438
0.998707
0.997736
0.999916
1.00135
0.999681
0.997912
0.999464
1.00023
0.996386
1.00371
1.00561
1.00177
0.99896
1.00156
1.00451
0.998115
1.00004
0.997969
0.997596
0.997502
0.997838
1.00259
0.999926
0.998246
0.996113
0.998465
1.00254
0.996954
0.995164
0.997744
1.00348
0.997043
1.00159
0.999909
1.0001
0.996408
0.998392
0.99449
1.00537
0.997438
1.00139
1.00147
0.998058
1.0001
1.00038
1.00323
0.996437
0.998046
0.998947
1.00229
1.00139
0.999922
1.00369
1.00199
0.996728
1.00492
0.996669
1.00283
0.998808
0.998018
1.00043
1.00175
0.996304
1.00119
1.00044
0.999113
1.00023
0.99971
0.997887
1.00146
1.00057
0.998727
1.00064
0.99413
0.99964
1.00228
1.00079
1.00113
1.0024
1.00172
1
0.997197
1.00142
0.998571
0.997687
1.00322
1.00082
1.00665
1.00438
1.00075
1.00012
1.00078
1.00192
1.00102
1.00279
1.00173
1.00226
1.00026
0.998795
0.99661
0.995389
0.999382
0.999459
1.00174
1.00471
1.00386
1.00373
1.00178
1.0001
1.0055
1.0006
0.999049
1.00123
1.00216
0.997017
1.00644
1.00127
0.997008
1.00199
0.997642
1.00161
0.998104
0.999641
0.998568
0.998651
0.997478
1.00008
0.999105
1.00083
1.00501
1.00064
0.998881
0.996948
1.00355
1.00199
1.0049
1.00355
1.00245
1.00404
1.00099
0.996464
1.00297
0.998826
1.00077
0.999825
1.00427
0.999867
0.999965
0.999191
1.0015
1.0002
0.999057
1.00049
1.00392
0.999221
1.00026
1.00257
0.998924
0.999397
0.998216
0.997524
1.00304
0.996402
1.00063
0.999214
0.999352
1.00216
0.999459
0.99957
1.00317
0.999593
1.0021
1.00412
1.00432
0.999449
1.00396
0.998922
0.995244
1.0002
1.0017
1.00127
0.998734
0.999738
0.999696
1.00157
0.99687
1.00161
1.00284
0.995078
0.997009
0.999415
0.998482
0.99908
1.00222
1.00268
1.00002
1.00024
0.99965
0.995395
1.00314
1.00555
0.995377
1.00308
0.998792
0.997222
1.00157
0.996115
1.00011
1.00272
0.999029
1.00024
1.00407
0.999084
1.00441
0.997775
0.998181
1.00087
0.994848
0.999049
0.997925
0.996105
0.999162
0.997953
0.999658
0.997241
0.992856
1.00468
0.998554
1.0022
1.00175
1.00311
0.998267
1.00027
1.00488
0.997632
1.00103
1.00327
1.00275
1.00106
1.00351
1.00211
1.00013
0.998057
1.00056
1.004
0.998499
1.00205
0.998765
1.00252
0.99982
1.00008
1.00023
1.00183
1.00167
1.00288
1.00217
0.999833
0.998113
0.998043
1.00303
0.997274
0.996382
1.00175
0.99844
1.00248
1.00312
1.00107
1.00118
1.00179
1.00322
1.00028
0.997918
1.00665
1.00002
0.999225
0.995478
1.00001
0.998387
0.997265
1.00366
1.00372
0.998866
0.999578
1.00244
0.999137
1.00293
0.997427
0.99867
0.999047
1.00259
0.996731
0.99999
1.0018
1.00224
1.00197
0.998111
1.00378
1.00355
1.00531
0.996761
0.998004
1.00062
1.00363
0.998496
0.99538
1.00226
1.00487
0.994693
0.996221
0.99893
0.993245
1.00187
0.997125
0.997312
0.997872
0.99995
0.997719
0.998888
0.999153
0.995764
0.999197
0.998318
0.996382
0.999045
0.999716
0.998321
0.995747
1.00066
1.00036
0.998749
1.00232
0.999982
0.996165
1.00178
0.999548
0.997145
1.00097
1.00228
0.995438
1.00146
1.004
0.997683
0.998194
1.00467
1.003
0.996339
0.999781
1.00169
1.00056
0.995546
0.999081
1.00252
0.996432
0.99671
0.999576
0.998092
0.996169
1.00429
1.00448
0.998659
1.00031
1.00117
1.00148
0.999285
1.00074
0.999772
0.999098
0.996097
1.0015
0.997675
0.997122
0.998049
1.00144
0.999929
1.00167
1.00157
0.99985
0.996393
1.00298
1.00065
0.996441
1.0041
1.00027
1.00191
0.998594
1.00026
0.997804
0.997169
1.00134
0.997525
0.996815
0.998264
0.998798
1.00105
1.0033
0.999586
1.00205
1.00354
1.0004
1.00105
1.00328
0.996134
0.998465
1.00052
0.999691
0.995842
0.996942
1.00089
1.00373
1.00339
1.00372
0.996625
1.00154
1.0047
0.995043
1.00092
0.998707
1.00188
1.00599
1.0038
1.00581
1.00092
1.0016
1.00196
0.999244
0.994345
1.00257
0.997379
0.995092
1.00521
0.997368
0.999435
0.996849
0.992557
0.997366
1.00092
1.0008
0.999729
0.999727
0.99666
0.995929
0.997589
1.0005
0.996969
1.00162
0.999364
0.997771
1.00328
0.999472
1.0026
0.999101
0.998847
0.99921
0.999969
0.999745
0.993707
1.00356
1.00124
1.00136
1.00072
0.997095
0.997973
0.996633
0.99999
0.994756
0.999583
1.00584
0.999659
0.999429
1.00372
1.00279
1.00129
1.00574
1.00579
1.00049
1.00188
0.999311
1.00194
0.999114
1.00023
0.999349
1.00064
1.0016
1.0016
0.998399
1.0024
1.00043
0.99584
1.0013
0.999976
0.996789
0.998219
1.00295
1.00189
1.00089
0.99818
1.00155
1.00239
0.999786
0.999156
1.00209
0.997788
1.0008
1.00022
1.0005
1.00015
0.999558
0.997485
0.999596
1.00094
0.998433
1.00013
1.00009
1.00046
0.997324
0.999123
1.00245
0.997168
1.00267
0.998957
0.996884
0.999687
1.00086
1.00169
0.997305
0.997247
0.999374
0.997659
0.999547
0.998492
1.00149
0.998015
1.00046
1.00027
0.997672
0.998656
0.993527
0.997337
0.996473
1.00016
0.998288
0.996587
1.00557
1.00248
0.996126
1.00133
0.998279
0.998352
1.00253
0.999677
1.00089
1.00041
0.997226
1.00216
0.997732
0.999788
1.00301
0.997072
0.999886
1.00315
1.00291
0.997268
1.00158
0.999081
0.997125
1.00082
0.999527
0.997671
0.993998
1.00392
1.00255
1.00165
1.00374
0.998917
0.996769
0.997635
0.999747
0.992568
0.997196
0.999154
0.999116
0.999309
0.998176
0.998102
1.00019
1.00539
1.00098
1.00182
0.998816
0.999561
1.00211
0.999756
0.997438
0.997236
1.00233
0.99689
0.999781
1.00408
0.998323
1.0014
0.998729
1.00049
0.99699
0.996107
0.998901
1.00117
0.995696
1.00174
1.00167
1.00201
0.997997
1.0019
0.999495
1.00091
1.00144
0.998568
0.995328
0.999549
1.00115
1.0003
0.995682
0.998547
1.00281
1.00075
0.999882
0.999966
1.00041
1.00048
0.999924
0.995307
1.00043
1.00268
0.998609
0.997805
1.00139
1.00434
1.00279
0.998068
1.0031
0.999736
1.00059
1.0016
1.00256
1.00122
0.99897
1.00101
1.00432
1.00226
1.00101
1.00285
1.00296
1.00074
0.995928
1.00016
0.998596
1.00094
1.00064
0.997062
0.994821
1.00121
0.99851
0.99649
0.998366
0.998088
0.996013
0.998803
1.00133
0.999737
1.00274
0.998179
0.999703
1.00616
1.00093
0.998966
1.00295
0.999835
1.00208
0.998452
1.00221
1.00029
1.00344
0.999022
0.997406
1.00647
1.00197
1.00185
1.00325
1.00135
0.998191
1.00088
0.9995
1.00584
1.00272
0.998901
1.00065
1.00046
0.99918
0.997523
0.998
1.0044
0.996512
0.999524
1.00336
1.00209
0.995914
0.99769
0.998825
0.998655
1.00096
0.998946
0.996206
1.00028
0.996735
0.993153
1.0008
0.999534
0.997363
1.00348
0.997839
1.00138
0.995156
0.999445
0.998161
0.997553
0.999023
0.995934
0.99852
0.997396
1.0005
0.998034
0.999083
1.00418
0.999513
1.00124
0.997427
0.994897
1.0001
1.00334
0.996222
1.00119
0.997551
0.995001
1.00062
1.00289
1.00019
1.00492
0.999654
0.997031
1.00003
0.99046
1.00171
0.995604
0.99937
1.00492
1.00057
0.999989
1.00016
0.996519
0.999681
1.00074
0.997849
0.996755
0.997886
0.995387
0.997914
1.00633
0.99746
1.0024
1.00303
1.00232
1.00227
1.00029
0.998219
1.00169
0.999401
0.996966
0.998661
1.00073
0.995367
0.998256
0.999862
0.99464
1.00009
0.998499
0.997884
1.00028
1.00504
0.997471
0.999749
1.00338
0.997991
1.00092
1.00129
1.00383
0.998264
0.999876
0.999971
1.00242
1.00198
0.996295
1.00189
1.00242
0.997845
0.997433
1.00181
0.9967
1.00577
0.999419
0.99924
0.999455
1.0014
1.00066
0.996859
1.00027
1.00056
0.999114
0.995498
1.00142
0.999558
1.00259
0.99811
1.0025
0.9984
1.00321
0.999747
0.998028
1.0069
0.998302
1.00135
0.999345
1.00176
0.996468
0.999168
1.00236
0.998929
0.998306
1.00444
0.998331
1.006
0.994511
1.00101
0.999389
1.00194
1.00155
0.996479
0.998988
1.00043
0.998569
0.995677
1.00167
1.00237
0.998731
1.00116
1.0046
1.00006
1.0022
1.00183
0.997961
0.993286
0.999161
0.995789
0.998616
0.998204
0.998722
1.00138
1.00209
1.00364
0.995712
1.00335
1.00169
0.996762
0.998769
0.997474
0.997939
1.00229
0.999817
1.0009
0.994636
1.00161
0.998873
1.00038
1.00593
1.00303
1.00038
1.00277
0.998288
1.00148
1.00235
1.00042
1.00175
1.00302
0.999864
0.998764
1.00041
0.998011
1.0013
1.00337
1.00724
1.00335
1.00178
1.00113
1.00297
1.00419
1.00113
1.00207
1.00267
0.997268
0.998847
0.997748
1.00211
0.999913
0.998839
0.999056
0.997473
0.997987
0.999761
0.996082
0.999814
0.999012
1.00174
1.00451
1.00057
1.00187
1.00472
0.998173
1.00323
0.996525
1.00057
0.997771
0.998329
0.996318
0.99919
0.998919
0.995957
0.997667
1.00338
0.998901
1.00043
0.995139
1.00003
1.00131
0.998531
0.997738
1.00043
1.00323
1.00361
1.00459
1.00284
1.0013
0.999728
1.00232
1.00356
0.997019
1.00035
0.999391
0.99933
0.999908
1.00324
1.00098
0.993731
1.00012
0.998944
0.999518
1.00244
0.9998
0.997113
0.997996
0.998053
0.996992
0.999572
0.999975
1.00444
0.99925
0.995165
0.999928
1.00298
0.999949
1.00226
1.00073
1.00455
1.00206
0.99939
1.00544
0.996948
1.00069
0.998523
0.999276
1.00389
0.999165
0.998455
0.999229
1.00121
0.99704
0.999884
1.00241
1.00137
0.997466
0.999494
1.00193
0.999431
1.00081
0.995313
1.00063
0.999838
1.0002
1.00058
0.998733
0.998529
0.997917
0.997605
1.00195
0.999851
0.99734
0.994617
0.996883
0.996398
0.995499
0.999218
0.998641
0.995766
0.999446
1.00075
0.998869
1.0013
0.998203
0.99527
0.99861
1.00235
0.999332
0.999523
1.00283
1.00126
0.998661
0.997588
0.998921
1.00155
0.997536
0.998951
1.00353
1.00109
1.00184
1.00349
0.999521
0.997809
0.999336
0.997651
1.00123
0.998532
0.99949
1.00336
1.00324
1.00316
1.00074
0.998647
1.00096
1.0007
0.997249
0.999849
1.00081
0.998225
1.00141
0.998336
1.00083
1.00426
0.997291
1.00426
1.00558
1.00046
0.998471
0.997425
1.00172
0.999968
1.00046
0.99531
0.999173
1.00254
1.00109
0.999959
1.0037
1.00238
0.999769
0.998051
0.999892
0.999265
1.00236
0.998554
0.995573
0.997781
1.00134
0.995385
0.999715
0.999789
0.997068
1.00166
0.998168
1.00279
1.00187
1.00208
0.999807
0.998114
0.998763
0.998339
0.994886
1.00065
0.998991
0.997672
0.997455
0.997827
1.00482
1.00098
0.995194
1.00279
0.997454
0.998768
0.998678
1.00058
0.999846
1.00077
1.00074
1.00187
0.993396
0.999611
1.00224
0.994472
1.00573
1.00166
0.999505
0.999212
1.00038
1.00084
1.00338
1.00063
0.998723
0.997355
0.998215
0.999125
1.00086
0.997588
0.996575
0.997715
1.00316
0.99498
1.00111
0.998857
0.991281
1.00288
1.00153
1.00286
1.00338
1.00112
1.00242
0.998449
0.997568
1.00566
0.996377
0.99799
1.00139
0.997579
0.997422
0.998157
0.999856
0.997192
1.00127
0.999111
0.998281
1.00048
0.999137
0.997334
1.00117
1.00324
0.998818
1.00077
1.00255
1.00182
1.00178
0.998338
0.999803
1.00021
