0.991654
1.0028
0.99298
0.994737
0.998744
1.013
1.00306
1.00711
1.00323
0.999498
1.00573
0.997032
1.00437
0.991428
0.999429
1.00444
1.00911
0.995414
0.99478
0.998023
0.99081
1.0011
1.00067
1.00454
1.01219
1.00378
0.996811
0.998502
0.989531
0.989772
1.00196
1.00796
0.990041
1.00739
1.00218
1.00202
0.990952
1.01197
0.993193
0.993223
0.992911
1.01095
1.00153
0.984501
0.99238
0.989053
1.00104
1.01135
1.00698
1.006
1.00694
1.0229
0.999551
1.00843
0.999121
1.01189
1.00417
1.00362
0.993972
1.01048
0.983623
1.00177
1.00324
0.994849
1.00498
0.985841
1.00393
1.0061
1.00908
1.00443
0.991125
1.01193
0.998838
0.997037
0.993754
0.99212
0.997821
0.991582
1.00123
1.00117
1.01511
0.99758
0.986585
0.998556
0.995007
0.99015
0.991866
1.00426
1.00516
0.995764
1.00867
0.999977
1.00472
1.00343
0.997332
1.00654
1.00681
0.995023
0.983818
0.99692
1.00428
0.999267
1.01099
0.995173
0.99564
0.987315
1.00539
0.996248
0.99871
1.00348
0.994999
0.994031
1.00301
1.00616
0.992503
0.998138
1.00075
0.993238
1.00867
1.0207
0.997312
1.00642
0.995569
1
0.992303
0.998535
1.00618
1.00802
0.991331
1.00304
1.01082
1.00183
0.997031
1.00506
0.988525
0.996221
1.00291
0.983732
0.998023
1.00673
0.996541
0.992354
0.99547
0.994942
0.997549
1.00328
1.00874
0.996383
0.984924
1.0014
1.00273
0.993263
1.01202
0.994206
0.983386
0.996508
1.0113
1.00376
1.00292
0.998161
0.987112
0.998678
1.00176
1.00501
1.01462
0.99677
1.01574
0.987793
0.999536
0.996679
0.991196
1.0021
1.00426
1.00206
1.00008
0.996057
1.00589
0.989725
1.01403
1.00836
0.996797
1.00944
0.995917
1.00596
1.01314
0.986385
0.994366
0.991748
1.00422
1.00169
1.0096
0.994693
0.999421
0.993047
0.996941
1.01507
1.01329
0.992306
1.019
1.00018
0.996702
1.003
1.00615
1.01118
0.990272
0.986602
0.977866
1.00869
1.00136
1.00969
0.988041
0.997375
1.00223
0.998616
0.995998
0.999023
0.997386
1.00693
1.00354
0.998285
1.00957
1.00279
0.995414
0.98132
1.00721
1.00394
1.01086
0.982474
1.00597
1.00333
0.995302
0.996506
0.994856
1.00395
1.00962
0.993863
0.983638
1.00064
1.00069
1.00912
1.00494
0.99404
1.00595
1.00244
0.997054
0.994013
1.00946
1.02013
0.999001
1.01139
1.00093
1.00167
0.991234
1.00556
1.00985
1.00184
1.00001
1.00813
0.988829
0.994501
0.983337
1.00326
0.988702
0.99672
1.00423
0.997856
0.995509
0.997713
0.988168
0.999415
0.987392
0.998931
0.989311
0.997879
0.988383
1.00003
1.01388
0.991234
1.00388
1.00799
1.02083
0.989343
0.979914
1.01393
1.00338
1.0037
0.993879
0.993391
0.996674
1.01098
0.996996
1.00124
1.00126
0.998006
0.990298
1.00556
1.00577
1.00316
1.01417
1.00301
0.998769
0.998879
1.00405
1.01365
1.00531
0.992847
0.995022
0.993396
0.994105
1.01569
0.982806
1.00225
1.01056
0.996915
1.002
1.00251
0.992081
1.00224
0.998562
0.996852
0.992254
0.998043
0.985639
1.00166
0.996067
0.996845
0.996283
0.985332
0.995873
0.985143
1.00631
0.988852
0.9937
0.999845
0.995409
0.992008
1.00239
0.991922
1.00096
1.00918
1.00644
0.999137
0.999168
0.999948
0.994799
1.0022
1.00427
1.00355
0.999828
1.0027
1.01735
1.01875
0.992126
0.982796
1.01281
1.00593
0.997264
0.994661
1.00293
0.997503
0.990163
0.996133
0.996184
0.996811
0.992809
1.00698
1.0045
1.00482
0.995731
0.995364
0.995944
1.00324
0.993547
0.991763
1.00586
1.00212
1.00382
1.00725
0.988761
1.00555
1.00969
1.01068
1.0123
0.986198
0.996132
0.996072
1.01538
1.00091
0.987423
1.0023
1.01552
0.996087
0.990595
0.997215
1.00873
1.00846
1.01105
0.982572
0.98931
0.995144
0.999157
0.989702
1.00875
0.993481
1.00449
1.01025
0.998533
0.999429
0.997953
0.993035
1.00357
0.99897
1.00993
1.00265
0.99372
1.01104
1.00898
1.00964
0.996478
0.999614
0.985112
0.998947
0.989601
0.998211
0.984785
0.986318
0.987827
0.98051
0.998139
1.00378
1.001
0.992101
0.988037
0.997109
1.00255
0.985103
0.99757
0.999894
0.993252
1.00463
0.987934
1.00614
1.00193
1.01111
1.00143
1.00262
1.00506
1.00553
1.01097
0.996074
0.995124
0.992536
1.00193
1.01161
1.00603
1.00414
0.997364
1.00774
0.99596
1.00001
1.00765
0.994465
1.00944
0.990761
1.00485
1.00907
0.992513
0.997082
1.00002
0.991704
0.998129
1.01034
0.995018
1.01583
1.00323
1.00182
0.997021
1.01611
0.999641
0.974215
1.0051
1.00678
1.00167
0.995691
1.00699
1.01069
1.00544
0.988909
1.01517
1.0012
0.997277
1.00992
1.009
0.992532
0.993295
1.00213
0.990747
1.01456
0.991666
0.985445
0.989687
0.995996
1.0069
1.00027
1.00087
0.997464
1.00436
1.00364
0.998493
1.01722
1.00901
0.992194
0.999396
1.01418
1.00278
1.00924
1.00203
1.01707
0.986959
0.992976
0.992392
0.991492
1.00971
1.00972
1.00445
1.00563
0.995806
0.994957
1.00616
1.0093
1.00576
0.997211
0.998816
1.00385
0.999997
0.998997
1.00333
0.996752
1.00192
1.00929
1.01015
1.00345
0.984597
1.00579
1.00588
0.993209
0.998848
0.998553
1.00192
0.99811
1.00164
1.00538
0.993433
1.01168
1.00246
1.01122
1.01412
1.01028
1.00845
1.0065
1.00042
1.00177
0.988381
1.00732
0.98978
1.0099
0.998179
0.999676
0.999659
0.998686
1.00821
0.998876
0.994243
0.996236
1.01329
1.00004
1.00831
1.01134
0.996456
0.999659
1.01121
0.988311
1.00515
0.997298
1.00671
0.997394
1.01316
1.01458
0.986316
0.995706
1.01463
0.988125
0.995806
1.00909
0.995178
1.00947
1.00735
0.99547
1.00793
1.01779
1.00016
1.00008
0.990202
1.00049
0.994593
0.998546
0.993583
0.99586
1.00052
1.01243
0.996523
1.00196
1.01267
1.00533
0.999306
1.00611
1.00112
1.00609
1.00394
1.00727
0.985944
0.991868
1.00904
0.991456
1.00679
1.00338
1.00096
0.99644
1.00444
0.99734
0.986684
0.986635
0.992191
1.00066
0.999218
0.983853
0.995862
1.00038
1.0048
0.998336
1.00481
1.00722
0.998811
0.989385
0.999682
1.0026
0.983956
1.00386
0.994728
0.992804
1.00623
0.98374
1.01528
0.999958
0.999071
1.00155
0.993975
1.00119
1.00003
1.006
1.00468
1.00478
0.99768
1.00088
0.998485
0.997099
0.987235
1.00154
1.00865
0.985721
1.01435
0.995406
1.0003
1.00816
0.990855
0.99139
1.00022
0.990653
1.00662
1.01016
0.994598
0.996044
1.00658
1.01237
0.99943
0.996926
1.00842
1.00458
1.00667
0.993336
0.998109
1.00095
1.00707
1.00732
0.987537
0.991097
1.00581
0.998724
0.995614
0.996169
1.00139
0.999015
0.996047
0.994289
0.992553
1.01302
0.989044
1.0008
1.01202
0.999847
1.00708
0.99952
0.994381
1.00171
0.992059
1.00287
1.00303
1.00011
0.986329
0.998228
0.998983
1.0118
1.00268
0.997631
0.994917
1.0164
0.993371
1.00692
0.996744
1.00674
0.997948
0.995315
1.0099
0.999266
0.992565
1.00478
1.00137
1.01111
0.995472
1.00029
1.00542
0.992917
1.00033
1.01147
1.00375
1.001
0.99231
0.991186
0.98591
1.00166
0.994732
0.989532
0.997954
0.989255
1.0023
0.99659
1.00248
0.983956
0.990909
1.0038
0.997215
1.00002
1.0141
0.991925
1.011
1.00031
0.982883
0.99059
0.99689
1.00761
1.01019
0.994215
1.01033
0.988977
0.989668
0.994133
0.993815
0.992259
0.99956
0.993962
1.00527
0.989078
1.00233
0.99042
1.00173
0.989807
1.0041
0.998871
0.990167
0.998129
0.994947
0.992623
1.01984
0.996278
0.994307
1.0037
0.999918
1.00733
1.01168
1.00229
0.997928
0.985063
0.999163
1.0011
0.995507
0.999596
0.997657
1.01638
1.00423
0.999595
0.988673
1.00014
0.987586
0.991868
1.0131
0.997019
1.00193
0.999465
1.0012
0.993365
0.991562
1.01504
1.01755
1.00307
0.989991
1.00379
0.994688
0.995569
1.0193
1.00182
0.989535
1.00365
1.00821
1.00359
0.999001
0.998315
0.98811
1.00094
0.992002
0.994893
1.00739
0.999166
0.9863
1.00367
1.00796
1.00005
0.998606
1.01282
0.999488
1.01344
1.00092
0.994394
0.993179
0.999588
1.00986
0.987734
1.00217
1.00839
0.991601
0.989494
0.993033
0.993938
1.01889
0.980616
1.00402
1.00414
0.995226
1.0034
1.01214
1.00375
0.987204
0.980299
1.01404
1.00395
1.00543
0.996137
0.999101
1.00066
0.98701
1.01416
0.9938
1.00246
1.00237
1.00199
0.997582
1.005
1.00995
1.00516
1.00147
0.999485
0.991508
0.999767
0.991791
0.989713
0.997269
0.995428
1.001
0.99703
0.998889
1.00199
0.989864
1.00799
1.02385
1.00517
1.00125
0.986668
1.00158
1.01095
0.990115
1.00663
1.01939
1.00317
1.00169
1.00403
1.00144
1.00207
1.00076
1.00924
0.988652
1.01008
1.00249
0.993096
0.979734
0.999746
1.00673
1.00302
0.998757
1.00476
1.00017
1.00154
0.999406
0.994349
1.00754
0.987216
1.00645
0.992022
1.01502
0.99048
0.995173
1.00654
1.00321
0.989286
0.998508
0.98672
1.00474
0.99441
1.01742
0.996088
1.00208
0.997097
0.999935
1.00775
0.996296
0.984063
0.992849
1.01115
1.01092
0.998943
1.01669
1.0016
0.994456
0.99661
0.993248
0.999505
0.992244
0.999017
1.00423
0.994933
1.01969
0.982159
0.995359
0.998096
0.999406
1.0061
0.989942
1.01544
0.998197
0.998723
1.00542
0.998251
1.00278
1.00616
1.00498
1.00879
1.00419
0.994449
0.991109
1.01135
1.00509
1.00901
0.990115
0.995225
0.978509
1.00664
1.01304
1.00483
1.00029
1.00879
1.00007
0.985969
0.993447
1.00019
0.998786
0.992962
0.993516
1.00098
0.996446
1.00199
1.00327
1.00776
0.989661
1.01093
1.00187
1.00741
0.993038
1.00708
0.995444
0.995618
0.993441
0.997856
1.00734
1.00227
1.00712
1.00288
0.990771
0.993264
1.00281
1.00565
0.996849
1.00293
1.00344
1.01498
0.999648
1.00262
1.00445
0.993647
1.00701
0.997909
1.00632
0.987081
0.998385
1.00062
0.998761
1.00871
1.00681
1.00547
1.00806
1.00923
0.991298
1.00859
1.01359
0.998329
0.997415
0.994342
1.00425
0.973346
1.0028
1.01148
1.01024
1.01848
1.00279
0.998587
0.992962
1.00289
0.99894
0.981214
0.994303
1.00076
0.998936
1.01557
0.990834
1.00413
1.00348
1.0027
1.00358
0.990867
1.01104
1.01534
0.987854
1.00056
0.999841
1.00447
1.00893
0.992496
1.00644
0.998817
1.01136
1.00841
0.989015
1.009
1.00371
0.986658
1.00266
1.009
1.00419
0.988148
0.996565
1.00868
1.00003
0.99391
1.0039
1.00296
0.988467
0.997421
1.00446
1.0152
0.990146
0.988474
0.990115
1.01115
1.00102
1.01439
1.00554
0.999313
1.01345
1.01719
0.990823
1.00335
0.991938
1.01557
1.00451
0.998317
1.0061
0.99897
0.993649
0.999141
1.01112
0.997384
0.995601
0.995849
1.0002
0.981174
0.990164
1.01269
0.994184
1.00737
0.996336
1.00124
1.00473
1.00266
1.01054
0.997226
0.999415
1.0132
0.998293
1.01367
0.985584
0.996039
1.00346
0.997137
1.01554
1.00977
1.00384
0.993125
0.991857
1.01718
0.992126
0.993005
1.00403
0.990143
1.01341
1.00557
1.0046
1.00938
1.00266
1.00405
1.00134
1.00496
1.00998
0.993117
1.0036
1.00361
1.00669
1.01564
1.0003
0.988759
0.998552
0.99487
1.01123
1.00266
1.01363
1.00154
1.0067
1.00544
0.989177
1.00382
0.996034
1.01369
1.00296
1.01087
1.00528
0.995775
1.00946
0.988948
1.0003
1.00201
1.00113
1.00881
1.00554
1.00478
0.996402
0.997389
0.998661
0.994286
1.00683
0.996211
0.996436
1.00128
0.999695
0.998598
1.00148
0.996918
0.988884
0.995543
0.991045
0.998577
1.00217
0.993094
0.982437
0.999308
1.00022
0.986221
0.983904
0.995485
1.00278
1.01149
0.998536
0.997004
1.00714
1.00559
0.991705
0.994986
0.999552
1.00208
1.01586
1.01425
1.00308
1.00469
1.01369
0.987462
1.01241
0.985914
0.998784
0.998083
1.00712
0.995712
1.00721
1.00912
1.00196
0.997078
1.00637
0.999381
1.00229
1.00793
0.999904
1.0024
1.00518
1.01122
0.985132
0.993406
0.989168
0.992002
1.00281
1.00475
1.00139
1.00468
0.992089
0.993745
0.974832
0.990092
0.995314
0.998619
1.01606
0.998815
0.991649
0.996861
1.00995
1.00346
0.998742
0.994984
0.999718
1.00254
1.00296
1.01574
1.00338
0.996424
0.997717
1.00372
1.00395
0.985712
0.996724
1.00004
1.01812
1.00334
0.990007
1.00209
0.994554
0.988803
0.999327
1.00635
1.011
0.990421
0.998103
1.00333
1.00471
1.00862
1.00422
1.00292
0.996649
0.994184
0.999055
1.00506
1.00818
1.00925
1.00344
1.00686
0.989122
0.999968
0.979507
1.00265
0.993541
1.00773
1.00273
0.985946
0.997813
0.994107
1.00123
1.00605
0.993177
1.00046
1.01106
0.991706
0.998054
0.997314
0.996055
0.998117
1.0067
1.0089
0.99357
1.00825
1.01722
0.999229
0.99831
1.00387
0.993444
1.00943
1.00238
0.992827
1.00847
0.995337
1.00836
1.00213
1.00194
1.00978
0.992394
0.981917
1.01371
1.00384
1.01253
0.994983
0.990695
0.988229
1.0136
1.00298
0.989612
0.999154
1.00396
1.00012
1.00416
1.00867
0.992275
1.0116
1.00299
0.997976
1.00368
0.993993
0.992884
1.00491
1.00308
0.995406
1.00858
1.0024
1.00333
1.00616
1.00473
1.0036
1.00178
1.00989
1.00007
0.999127
1.01112
0.999475
0.995255
1.00637
1.0061
0.98404
0.997118
1.00421
1.00187
0.993562
1.00838
1.00466
0.997671
0.992736
0.997772
0.998403
1.00114
1.00165
0.997962
1.00429
0.993625
1.00652
1.0082
1.00782
0.995032
0.998227
0.985942
1.00449
1.00962
0.991793
0.992861
0.995588
0.995549
0.990867
0.993695
0.999673
0.99447
0.998753
1.01247
1.00183
0.991494
1.00001
1.00042
1.00736
1.00488
1.0056
0.997424
0.987727
0.98535
0.991016
0.996512
0.990012
1.00193
1.01522
1.0115
0.998041
1.00843
0.982963
1.00068
0.995937
1.00081
0.998449
1.00107
0.996521
1.00072
1.00415
0.99661
0.994071
1.00837
0.995906
0.999547
0.998537
0.995427
1.00506
1.01351
0.990045
0.996057
1.01271
1.00526
1.01244
1.00759
0.996595
1.00675
1.00325
1.00187
0.990832
1.00082
1.01188
1.00646
1.00014
0.991421
0.993855
0.988682
0.990531
1.01608
0.989541
1.00621
1.00233
1.00762
1.00147
0.994591
1.00132
0.995441
0.999822
1.01205
1.01671
0.995591
0.993856
1.01964
0.99346
1.00325
0.997452
1.00135
1.00139
1.00445
0.99116
1.00711
1.01871
1.01387
0.997114
0.991179
0.99435
1.0003
1.01082
1.00531
0.989723
1.00074
1.00474
1.01914
0.995448
1.00886
1.0072
0.99789
1.00666
0.993424
0.988566
1.00389
0.993421
1.00701
1.00839
1.0002
1.00781
0.985571
0.992065
1.0076
1.00042
0.999801
1.00908
0.991964
1.00536
1.01315
0.988865
0.99598
1.00246
0.995232
0.994655
0.992908
1.00844
1.00443
0.984359
1.00531
0.998543
0.996109
1.00476
1.01085
1.00381
1.00653
0.991101
1.00787
1.00689
1.0017
1.00759
1.00589
1.00191
1.01177
0.997201
0.994171
0.996872
1.00974
1.00881
0.995864
0.995987
1.02055
0.993939
0.99924
0.981691
1.00235
1.00241
0.98313
1.00511
1.00738
1.00168
1.0094
1.00691
0.995466
1.01495
1.00124
1.01588
1.00252
0.996136
0.999021
1.0122
0.999995
1.0033
0.987087
0.990969
1.00685
1.01334
0.992372
0.98864
1.00575
0.99433
0.993119
1.00354
0.998458
1.00584
1.00164
1.00033
0.99477
1.01574
1.00374
1.00862
1.00494
0.991937
1.00128
0.993654
1.00099
1.01476
1.0002
1.00342
1.00811
0.993118
0.989969
0.992416
1.00075
1.00093
1.00335
0.992055
1.00311
0.994634
1.0029
1.00281
1.00251
0.994023
0.999686
0.99688
0.988662
1.0071
1.00703
1.00161
1.00402
1.00722
0.990175
0.999723
0.988158
0.996884
0.989886
1.00542
1.00617
1.01121
1.00555
1.00468
0.999276
0.993779
0.998507
1.0045
1.00573
0.995133
0.990312
1.00238
0.997996
0.982488
0.997777
0.990041
0.996372
0.991012
0.985976
0.99453
0.993374
1.00475
0.997428
1.02391
0.997945
0.991042
0.999271
1.00747
1.00675
1.00038
1.00952
1.01063
0.997352
0.997521
0.997769
1.00676
0.996585
0.990186
0.994407
0.990819
0.994201
0.99236
1.00683
0.997686
0.987096
1.00095
0.997172
1.00116
1.00945
1.0021
1.00009
0.987122
1.00076
0.991256
1.01655
0.991919
0.993721
1.01433
1.00363
1.00069
1.01213
1.00233
1.01378
0.993038
1.00262
0.998484
1.00141
1.011
0.998495
0.984321
0.997792
0.997164
0.990968
1.00241
1.00283
0.988241
0.998438
1.00566
0.997751
1.0011
0.984447
0.999998
0.999671
0.984805
1.0002
0.993337
0.995806
1.00049
1.01159
1.00889
0.988129
1.00954
1.01077
1.00319
0.993385
0.997263
0.988616
0.999006
1.00004
1.00041
1.01044
0.993985
1.00309
0.99312
0.987746
1.00336
1.01207
1.00163
1.00937
0.99239
1.0002
1.01063
0.993792
1.00022
0.994357
0.989829
1.00397
1.00433
1.00229
1.0029
1.00264
1.01028
1.00765
0.991762
0.994782
1.0009
0.987083
1.00279
1.00429
0.996492
1.00357
0.98642
0.993382
1.00993
1.00216
1.00432
1.01127
0.994521
0.994491
0.999057
0.991402
1.00882
0.992789
0.991627
1.00204
1.01097
0.986756
1.01034
0.982362
0.996569
0.994838
1.01284
0.994424
1.01424
0.999703
1.00044
1.00939
1.00008
1.01647
1.00323
1.00461
1.01451
1.00536
0.997395
0.989489
1.01275
1.00303
1.00491
1.00848
0.996148
1.001
0.987925
1.01166
0.996472
1.00851
0.998882
0.992097
0.991302
1.00782
1.00865
1.00644
1.00325
0.998181
0.998803
1.00579
0.990385
1.01516
1.00545
1.0049
0.988584
1.00134
0.994164
1.00563
0.99294
1.00586
0.999713
0.987653
1.00267
1.01525
1.00862
1.0002
0.992898
0.999775
0.998101
0.993708
1.00736
1.00788
1.00237
0.99943
0.987784
1.00966
1.00069
1.01086
0.997555
1.0004
0.997084
1.00764
1.00229
0.992767
0.98229
0.980822
0.994935
1.0017
0.995007
1.00222
1.01035
0.999256
0.999882
1.00507
0.98335
0.988085
0.996261
1.00466
1.00298
0.99581
1.00382
0.995763
1.00696
1.00954
1.00597
0.996899
0.999572
0.992101
1.00116
1.00137
0.990846
0.990687
1.00372
1.01141
0.995828
0.991511
0.990242
1.00119
0.997699
1.00078
1.00228
0.998798
1.00404
0.992905
1.00278
0.994817
1.00685
1.00913
0.993744
0.994771
0.997918
0.989973
1.00356
1.01
1.00949
1.00602
1.00158
1.00211
0.997665
1.00904
1.00069
1.01146
1.01301
1.00122
1.00047
0.990901
0.98779
1.01778
0.997876
0.984359
1.00083
1.00586
1.00678
1.00248
1.00506
1.00817
1.00128
0.999018
0.99309
1.0113
0.998404
0.999387
0.998865
1.00145
1.00602
1.00193
1.00613
0.998757
0.978136
0.998689
0.993271
1.01339
0.987887
0.999667
0.995741
1.00167
1.00346
1.00941
0.99453
1.00429
0.999933
1.00521
1.00266
1.00385
0.999879
0.999309
0.999797
1.00468
0.989759
1.00394
1.0018
1.00782
0.998468
0.995427
0.999536
0.996158
0.994813
0.979998
1.003
1.00158
1.00743
1.01399
1.01478
0.995503
0.995067
0.990202
1.0021
0.996153
0.99862
0.99103
1.00073
1.00606
1.0067
0.992071
0.998526
0.992773
1.00904
0.997089
0.994634
0.995715
1.00363
1.01792
1.00371
0.996754
1.00714
1.00643
1.00337
1.0024
0.993179
1.00798
1.01192
1.00255
0.993482
1.00137
0.995484
1.00646
1.0043
1.00927
1.00555
1.01016
1.0095
1.00174
0.995757
0.996381
0.995741
1.00417
0.997576
1.00577
1.00113
0.990226
1.00996
1.01073
1.00803
1.01164
1.01063
1.00025
0.997667
0.998083
1.00422
1.00704
0.990594
1.00716
0.988038
0.994873
0.996909
1.00719
0.993221
0.998763
1.00417
0.997799
0.999606
0.999968
0.995401
0.996717
0.997565
0.999427
0.991308
1.00867
1.01469
1.02066
1.00707
1.01077
0.998087
1.00876
0.99812
1.00367
1.00823
0.988804
0.991942
0.997731
1.00236
1.00696
1.00369
0.994952
1.00222
1.00533
0.999299
1.01392
1.00463
0.995937
1.00788
0.989296
0.99581
1.00848
1.01347
1.00092
0.99799
1.0156
0.9994
1.00469
1.00404
1.00658
1.00609
0.995677
1.0163
0.986924
0.997164
1.01136
0.992906
1.00159
1.00065
0.996461
0.985487
1.00089
1.00127
0.987374
1.01273
1.01077
0.989858
0.999068
1.00611
0.996112
1.00351
1.00772
1.00017
0.995415
1.00063
1.00949
0.993215
0.986266
0.989697
0.995525
0.987448
0.993895
0.996192
1.00171
1.00462
0.995141
0.998543
0.998206
1.00255
0.998032
0.995178
0.992039
1.01556
1.01142
1.0114
1.01254
0.996902
1.00938
0.992338
0.984704
1.00622
1.00247
1.00512
0.99528
0.991841
0.988679
1.00182
1.0087
0.990713
0.995425
0.989688
0.990589
0.998743
1.00343
0.996698
0.991525
0.999919
0.984215
0.988589
0.990513
0.996097
1.00655
0.999209
0.986318
0.990615
0.996943
1.0023
1.00879
0.99865
1.01244
0.999597
0.996637
1.01444
0.9921
1.00418
0.978645
1.00768
1.00559
1.00528
0.985718
1.01223
0.998453
1.00162
1.00934
0.998375
1.01017
0.989971
1.00123
0.999344
0.997164
0.994316
1.01488
0.999061
0.996272
0.992511
0.995826
0.996138
0.995226
0.991182
0.993823
1.00025
0.985989
0.99813
0.998187
0.996723
1.00029
0.996089
1.00505
0.998252
0.99498
1.00999
1.00265
1.00779
0.997814
0.996308
1.00955
1.00103
1.00073
1.00333
1.00994
1.01711
0.995749
1.00238
1.00889
1.00089
1.00889
0.994672
1.00617
0.997384
0.993876
0.998392
1.01289
0.999746
1.00821
1.00445
0.995184
0.99815
1.00052
0.993878
0.995829
1.00488
0.999233
0.997165
0.989991
0.999777
0.998221
1.00197
1.00557
1.00121
0.999907
1.00326
1.00842
0.999394
0.997415
1.00437
1.00778
1.00099
1.00841
1.00041
1.0039
1.01788
0.988627
0.990762
0.990813
1.01642
1.00828
0.991871
1.01056
1.00008
0.996443
0.982248
0.999124
0.99827
0.993127
0.995606
0.997072
0.997529
1.01078
0.991157
0.99081
1.0079
1.00061
1.0003
0.99276
1.00637
1.01593
0.985989
1.0066
0.997419
0.986807
0.999991
1.00588
0.985439
1.00887
0.998398
0.996635
0.997535
0.995726
1.0114
1.0014
1.00782
1.01467
0.999171
0.998083
0.996833
0.988337
1.0024
0.998335
0.993338
0.99598
1.00318
1.00781
0.998779
1.01271
1.00072
0.995156
0.991501
1.01198
1.00332
0.988003
1.02002
0.992463
1.01031
0.991234
1.00698
0.987826
1.01506
0.99313
0.997948
1.00812
1.01693
0.995888
0.994258
0.997068
0.997721
0.998348
0.999957
0.992794
1.01093
0.999466
1.00312
0.995389
1.0074
1.00813
0.995975
0.986486
0.988733
1.00261
1.0027
1.01013
1.00963
1.00318
0.99664
0.997022
0.998171
1.01103
0.998117
1.01204
1.00726
0.98792
0.995827
0.991423
0.990799
0.995313
0.991404
1.00172
0.993937
0.992352
0.99461
0.996697
1.0089
1.00566
1.0019
0.998517
1.00726
0.993266
1.0135
1.00563
0.997463
1.00321
1.00929
1.00105
1.0046
0.987509
1.00265
1.00098
0.997147
1.01286
1.00458
0.994915
1.00822
1.00776
1.01026
0.997974
1.0165
1.01232
1.00994
0.999712
1.01241
0.999772
0.988933
1.00309
0.999731
0.990764
0.988929
1.00792
1.00818
0.985174
0.992435
1.00575
1.00527
0.992703
0.988333
1.00406
0.993579
0.986406
1.0069
1.00729
0.992792
1.00613
0.987679
1.00828
1.00055
1.00645
0.996463
0.990573
0.996584
1.00607
0.9935
1.00611
0.995843
1.01588
1.01709
0.987851
0.998117
0.996291
1.00546
0.995187
1.00766
1.00058
0.992413
1.00078
1.00032
0.995011
1.01432
1.00828
0.999268
1.00042
1.00705
1.00091
1.01298
0.99824
1.00017
0.998046
0.98906
0.99554
0.990981
0.9901
0.994641
1.0134
1.0006
1.00813
1.00437
0.999737
1.00391
0.990924
0.994076
0.991668
1.00184
1.00581
0.98701
1.0024
0.995216
1.01046
1.00182
0.996766
1.00958
1.01187
1.00292
0.990268
0.995642
0.99554
1.00384
0.99787
0.998015
0.994316
1.0032
1.00908
1.01002
1.00821
1.00308
1.01244
1.00026
1.00896
0.98351
1.00977
1.00141
0.98566
1.00027
0.995602
0.994276
0.998721
1.01448
1.01332
1.00128
1.00714
1.00581
0.996329
0.998168
0.99865
1.01155
1.00715
0.997735
0.997806
0.998288
1.00028
1.00847
1.00226
0.992544
0.99499
0.997256
0.995185
0.992385
0.99176
1.01404
0.992075
0.999875
1.00254
0.993968
1.0046
0.997699
1.00053
0.993945
1.00768
1.00906
0.989628
0.998418
0.99829
1.00293
1.01129
1.00275
1.00356
1.00737
0.99085
0.997695
0.995612
0.98813
0.989494
0.997849
0.994736
0.996258
0.994464
0.990466
1.00178
0.999081
0.994963
1.00181
0.994929
0.986006
1.01538
1.00794
0.982098
0.99863
0.997913
1.00793
1.00267
1.00723
1.00584
1.01094
1.00203
0.993704
0.993893
0.992555
1.01035
1.00234
0.998739
0.989148
0.997153
0.994942
0.994781
1.00262
1.00008
1.01442
0.994704
0.981491
1.00487
0.997323
1.00224
0.998358
0.995828
0.993552
0.997112
0.992558
1.00575
0.992968
0.98547
1.0017
1.00641
1.00466
1.01089
0.998271
0.985996
0.98776
1.0029
0.999319
0.995533
0.991357
0.9996
0.989058
1.00103
1.00284
1.0147
1.00227
1.00291
0.99824
0.994667
1.00559
1.00397
1.00319
0.998882
0.996392
0.995464
1.00873
0.982711
1.0049
1.0018
1.00317
1.01562
1.00609
0.999395
1.00211
0.990255
0.995011
0.98784
1.00229
1.00534
0.989491
1.00941
0.993351
1.015
1.00172
0.995482
1.00523
1.00137
1.01448
0.999979
1.00474
0.990529
1.00789
0.98821
0.994056
1.00815
0.986648
0.991649
1.00942
1.00354
0.998486
0.995996
0.996529
0.99291
0.987072
0.997398
0.983512
1.00323
0.996828
1.00714
0.994767
1.01039
1.00711
1.00472
1.01032
1.00649
1.00678
0.977968
1.01114
1.01233
1.01372
1.00639
0.995069
0.991665
1.00316
1.00157
1.002
1.00617
1.00507
0.99769
0.996692
0.997152
0.980109
0.993692
1.01939
0.993734
1.00396
0.996086
0.996146
0.989464
1.00616
0.994644
0.985916
0.997139
0.993191
0.999694
0.999887
0.996595
0.999043
0.991791
1.0148
1.00009
1.00267
1.0098
1.00045
0.995948
1.00143
1.01357
1.00599
1.00049
0.994475
1.01084
0.99197
1.00883
1.01328
1.0049
1.01152
0.999209
1.00577
0.993413
1.01156
0.998263
0.997473
0.985344
0.999649
1.00953
0.995497
1.00422
0.995411
0.997206
1.0031
0.98551
1.00628
1.01819
1.00901
0.987259
0.998615
1.0036
1.01319
0.99975
1.00693
0.994946
1.01253
0.995874
1.00408
0.992814
1.00112
0.998908
0.992923
1.01846
1.00625
0.996996
1.00189
1.00496
0.994725
0.990935
1.01607
1.01162
0.993371
1.00141
0.997138
0.998044
1.00231
1.00529
0.993883
0.992515
1.00466
1.00182
1.01583
0.993064
0.984574
0.996021
0.995667
1.00234
0.980945
0.992307
0.995555
0.989488
0.997969
1.00023
0.998256
1.00324
0.999668
1.00402
1.01888
1.00515
1.0059
0.997283
0.994877
0.995868
1.00525
1.00848
1.01226
0.994452
1.0131
1.00514
1.0016
1.01138
0.98683
1.01103
1.00652
0.991456
1.00421
1.00648
0.977753
0.996147
0.995358
0.997529
1.01703
0.989928
0.991527
0.98801
1.01042
1.00002
1.00468
0.998542
0.991628
1.00383
0.999726
1.00198
1.01634
0.989624
1.00057
0.989579
0.993813
1.00541
0.99738
1.00182
0.973512
0.991477
1.00737
1.00235
0.993802
0.994459
0.998784
1.0024
1.00288
1.00175
1.00552
0.998068
1.00309
0.998238
1.00073
1.00435
0.994735
0.985136
0.992627
0.991338
0.997708
1.00454
0.989309
0.995544
0.994993
1.00438
1.00165
1.00627
1.00028
0.997174
0.998856
1.00262
0.985977
1.00497
0.999669
0.998743
1.00578
1.00934
1.00437
0.989425
1.00462
1.00849
1.00327
1.0052
0.993854
0.993129
1.0051
0.988715
1.01598
0.994521
1.00267
1.00275
1.00359
1.01239
0.997664
1.00558
0.996349
0.997719
0.993376
0.996735
0.99407
1.02102
1.00866
1.00188
0.995062
1.01044
1.00806
1.0013
0.993331
1.00643
0.995758
1.00128
1.00837
1.00543
0.989829
1.00584
1.00749
0.999864
0.998538
0.998961
1.00606
0.994358
1.012
1.00452
0.996232
0.996146
1.0074
1.00291
0.99469
1.01199
1.00847
1.01144
1.00766
1.00196
0.996092
1.00181
0.998071
1.00049
0.993613
0.994003
1.00437
1.00167
0.994383
0.999481
1.00299
0.99524
0.994187
1.00051
0.995566
1.00737
1.00163
1.00211
0.992674
1.01118
0.996313
1.00498
0.993969
0.999508
0.992248
1.00133
1.00951
0.994022
1.01583
1.0167
1.00171
1.00123
1.00504
0.992942
1.00124
0.994379
0.991356
0.999421
1.00692
0.994807
1.00311
0.998966
0.993716
0.994237
1.00917
1.00916
1.0093
0.991228
1.00871
0.991908
1.00736
0.9938
1.0037
0.995507
1.00024
0.998255
0.9982
0.997033
1.01332
1.00145
1.01594
1.00187
0.98544
0.993336
1.00834
0.993807
0.999206
1.01355
1.00464
1.01046
1.00651
1.00268
1.00431
0.999051
1.01308
1.00154
1.00157
1.01173
0.994219
0.994335
1.00467
0.999237
1.00509
0.984036
1.01857
1.0091
0.9855
0.997626
1.01122
1.00281
0.99441
0.993116
0.987936
1.00759
1.00258
0.986644
0.99508
0.993115
1.0174
0.994513
1.01306
0.98771
1.00683
1.01627
1.00949
1.00362
1.00257
1.00327
0.98487
1.00662
1.01545
0.999683
1.00464
1.00002
1.00076
1.00107
0.998505
0.99957
0.994827
0.988787
0.999657
1.0087
0.994312
0.979503
1.0023
0.980871
0.999599
0.998341
1.00268
1.00458
0.998128
0.990648
1.00351
0.999274
0.992817
0.992004
0.993134
0.99748
0.996477
1.00725
1.00517
0.978328
1.00238
1.00735
0.999227
1.00247
1.00139
0.996442
0.992788
0.991166
1.00051
1.0043
0.989309
1.00197
1.01032
0.997658
1.00175
0.998052
0.988452
1.01561
1.00108
0.99907
1.0067
1.00267
0.990821
1.01405
1.0052
0.997701
0.999816
1.00156
0.997557
0.998834
0.992645
0.993636
0.995326
1.00749
1.00866
1.00489
0.990403
1.00831
1.00617
0.99951
0.989601
0.993098
1.0064
0.995215
1.00346
1.01322
0.990935
0.999301
1.00186
1.00978
1.01302
0.984506
1.00603
1.00155
0.991456
0.993658
1.0041
1.00224
0.981905
0.978605
1.00811
0.988326
1.00616
1.00628
0.993462
1.00566
0.987473
1.0037
1.0027
0.986133
1.00336
1.0112
0.998093
0.991104
1.01462
0.989094
0.997013
1.01192
0.989034
0.997772
0.998043
0.986876
1.00209
0.988975
1.00367
0.994304
1.00405
1.00488
1.00921
1.00681
0.996797
0.996358
0.994238
1.00155
1.00432
1.01604
0.983992
0.996866
0.998026
1.01113
1.00452
0.996247
0.994447
1.00953
0.993314
0.997861
1.00542
0.994397
1.00286
0.991595
0.994655
0.987454
0.996003
0.997332
0.997829
0.996761
1.0091
0.992373
1.00336
1.02781
1.00338
1.00602
0.989305
0.992769
1.02564
0.992952
1.01102
0.988621
1.01105
1.00573
0.990237
1.00365
0.995587
0.992563
1.00309
0.998448
0.996539
1.0066
1.00498
1.00178
0.990734
0.987864
0.990891
0.98477
1.00013
1.00086
0.983799
0.983147
1.01237
0.997936
1.00642
1.00416
0.986061
1.00058
0.989485
1.00232
1.00073
1.00485
1.01244
0.98775
0.995519
0.998922
1.00924
1.00396
0.992473
0.997532
0.999411
0.997207
0.996715
0.999578
0.99925
0.983395
0.998632
1.00111
0.980277
0.987441
0.99461
1.01583
0.995141
0.996894
0.992827
0.996326
0.993896
0.993606
1.0115
0.991086
0.992632
1.00684
0.993736
0.995232
0.997366
0.991744
0.999066
1.01002
1.01414
0.997067
1.0085
1.00018
0.994287
0.987504
0.992349
0.992328
1.00987
0.992204
0.98276
0.993227
1.00954
0.990316
0.998484
0.97992
0.99099
1.00718
0.990766
1.00438
0.992838
0.990304
0.997345
0.999908
0.99906
1.00683
0.985862
1.0058
0.98606
0.998846
1.00487
1.00068
0.992246
1.0051
1.01244
0.995095
1.00452
0.995837
1.00055
0.990574
0.993134
1.00369
1.00083
0.987204
1.00067
1.00606
0.995416
1.00159
0.998844
1.00563
0.986336
0.988865
0.994672
0.995321
1.01951
1.00719
1.00186
0.997189
0.99391
0.997991
1.0053
0.989147
1.00434
0.994158
0.99927
0.999331
1.00944
1.0063
0.995956
1.00414
1.00529
1.00129
0.985313
1.00651
1.00335
0.991707
0.998846
1.00766
1.00501
0.999395
0.99176
0.997812
0.993338
1.0176
1.00321
1.00105
0.991538
0.996506
0.99851
1.0034
1.00125
1.00154
1.00063
1.00452
0.99979
0.994889
1.02021
0.993765
0.981713
1.00057
1.00458
1.01738
0.991878
0.997222
1.00267
1.00121
1.00884
1.00252
1.01007
0.986766
0.998398
0.99203
1.00309
1.00577
0.999615
1.00541
0.992208
0.996034
1.007
0.995031
1.0087
0.999041
0.996928
0.99851
1.00181
0.999556
1.00245
0.991495
0.9985
0.991371
0.998093
0.998493
1.00051
1.00795
0.996168
1.01405
0.997683
0.994958
1.00231
0.989059
1.00019
0.996873
0.996983
0.994122
0.996304
0.98742
0.98961
1.00068
1.01619
1.01843
0.993925
0.98564
0.996877
0.997062
0.997252
1.01191
0.995983
0.995417
1.00598
0.996059
1.00942
0.999389
1.00432
1.00487
1.00369
0.998192
0.997396
1.00979
1.00291
1.01125
1.00242
0.999142
1.00136
0.996083
1.0048
0.99822
1.00193
1.00022
1.01521
1.00814
0.987608
0.989984
1.00566
1.00792
1.00176
0.998877
1.00462
1.00176
1.00797
0.98346
1.01619
1.00638
0.996983
1.02352
0.994997
1.00717
1.01004
0.997823
1.0002
0.997189
1.00216
0.992957
1.00897
0.996626
0.994244
1.00037
0.992804
1.01106
0.992974
0.992739
1.00343
1.00874
1.001
0.988149
1.00056
1.01785
1.00766
1.00258
0.996116
1.01132
1.00586
0.998168
1.00354
1.00148
1.0034
0.986167
1.00076
0.996373
0.985795
0.992918
1.00087
1.01374
0.992951
1.00193
0.992979
1.00198
1.0008
0.99616
1.00867
1.00949
1.00365
1.00065
1.00577
0.995795
1.00888
0.994603
1.00206
1.00433
1.01227
1.00405
0.982248
1.00849
1.03109
1.00373
0.976548
0.994633
1.00437
0.998819
0.989871
1.0134
1.00037
1.01255
1.00514
0.995213
0.991613
0.991764
0.993095
1.00395
1.01021
0.999817
0.989091
0.996328
0.983282
0.999875
0.994836
0.990184
1.0099
0.991903
1.0036
1.00191
0.991438
0.99413
1.00951
1.00742
0.999004
0.992959
0.998285
1.00854
0.995598
0.999369
0.999091
1.00401
1.00179
1.00674
1.00349
1.00083
1.00566
1.00399
0.992958
0.991436
1.00515
1.00963
0.996947
1.00706
1.01578
0.993004
1.00749
1.00547
1.0035
1.00602
0.995197
1.01161
1.00829
1.00141
0.99221
1.001
0.985046
1.00286
1.00798
1.01167
1.00229
1.00022
0.994497
0.99487
1.00019
1.01322
0.997649
0.998285
1.00215
0.985325
0.997086
1.00028
1.00559
1.01425
0.999125
1.00232
1.01029
0.991418
0.995361
1.00883
1.01095
0.990169
0.996573
1.00368
1.0005
1.00639
0.991686
1.00882
1.00585
1.00106
0.989632
1.00632
0.99017
1.00396
1.00779
0.99322
1.00203
1.00264
1.01097
1.00325
0.991866
1.00327
1.00624
1.00499
0.999272
1.00578
0.994984
0.995798
1.0146
1.00042
0.978734
1.00159
0.988201
0.990121
0.99728
1.00563
0.99834
0.989986
0.99597
0.997152
0.996841
0.994468
0.998224
1.00575
1.0068
1.00146
1.00253
1.01647
0.991996
0.990389
0.995951
0.999311
1.00687
0.992448
1.00867
0.993426
0.996233
0.992402
1.00433
0.991532
0.99515
1.01277
1.0062
0.994147
0.998168
0.991978
1.00546
1.00591
1.00514
0.997654
1.00143
0.99765
0.999274
0.995546
0.998147
1.00428
1.00444
0.992257
0.997226
1.00137
1.00629
0.98724
1.01342
0.998737
1.00492
0.984957
1.00436
1.00467
0.994815
1.00533
0.992623
0.991844
0.996961
1.00519
1.00401
1.01584
0.989926
0.993035
1.0031
1.00575
1.01018
1.00073
1.00771
1.00444
1.0034
0.990052
0.996542
1.00758
0.999896
1.01596
0.994844
0.99594
0.984476
1.00401
1.00171
0.991718
1.01246
1.00489
1.00304
1.00217
1.00761
1.00029
1.00971
1.00244
0.994033
1.01043
1.00347
0.994642
1.00978
1.00993
0.999465
0.996165
1.00171
1.00006
0.996026
0.995364
0.997777
0.998625
0.993129
0.994875
0.996223
1.00963
0.994848
1.01292
0.98628
1.00618
0.993143
1.00544
1.01349
0.992948
0.995546
0.99217
1.00044
1.00757
1.00225
1.01986
0.999583
1.02224
0.99672
1.01594
0.98276
0.991729
1.00386
0.990309
0.987765
1.01462
0.988979
1.0056
0.982661
0.999612
0.998623
0.988988
1.00023
0.994136
1.00123
0.997476
0.999155
0.997052
0.98953
0.992622
0.995112
1.0042
1.00553
1.00768
1.01731
1.00499
0.989175
0.991067
0.993583
0.981179
1.00275
0.994335
0.998797
0.997187
0.995272
0.999389
0.99576
1.00609
0.9958
1.01513
0.995128
1.00809
1.01087
1.00219
1.00182
0.993176
0.995909
0.992389
0.996515
0.991446
0.99793
0.993364
0.993169
1.0094
0.986416
0.989247
1.01464
1.00193
1.00071
0.993008
0.987576
1.00643
0.999806
1.01963
0.994826
1.00809
0.997465
1.00391
0.990881
1.00866
0.998246
1.00207
0.999128
0.996717
0.994385
0.997413
0.988793
1.00422
1.00939
0.991543
1.00017
1.00428
0.998922
0.985596
1.00349
0.993315
0.994564
0.998795
0.991727
1.00163
0.99958
0.994969
0.993735
0.994284
1.00264
0.99961
0.992932
0.98655
0.99645
1.00999
1.00679
0.985839
1.00498
1.00297
0.982075
1.00201
0.999883
1.01066
1.00266
1.01207
1.00822
0.996867
0.976499
0.990616
1.00625
0.991999
0.993825
0.991517
1.00065
0.999132
0.993844
0.996191
1.00511
0.996696
1.00518
0.987187
1.0102
1.00273
1.01158
1.00863
1.00372
0.984625
1.00223
1.00663
1.01384
1.00221
0.99745
0.999638
1.00238
1.00434
0.995152
1.00619
0.994919
0.993411
0.996157
1.01153
0.998967
1.00886
0.99695
0.982436
0.999792
0.999926
1.00383
0.998963
1.00292
0.986679
1.00383
0.992929
0.998564
1.00464
0.991719
0.998414
1.00205
0.999592
1.00285
1.00152
1.01383
0.980609
1.00781
0.992857
1.00535
0.990427
0.999608
0.99846
0.990928
1.01691
1.01177
1.00136
0.991171
0.99452
1.00219
1.00561
1.0119
1.00581
1.00601
0.990865
1.00972
0.997635
0.99836
1.00878
1.00146
0.98423
1.00232
1.00581
1.00295
0.991965
1.00306
1.00531
0.98653
0.995339
1.00088
1.00141
1.00712
0.995823
1.00917
1.01842
0.990871
1.00291
1.02359
0.998042
0.995219
1.00614
0.98881
0.998777
0.999619
0.998175
1.00879
0.998538
0.99913
0.996508
0.99172
1.00742
0.999618
0.982039
1.00161
0.993409
1.00195
0.991052
0.994833
0.997118
0.991582
1.00612
1.00689
1.00966
1.00204
0.993677
1.01898
0.994391
1.00221
1.00383
0.9996
0.989918
0.990232
0.991118
0.991976
0.991471
1.00166
0.998425
1.00352
0.996272
1.00438
0.994522
0.995563
0.984591
0.998737
1.00811
0.994236
0.999576
0.994267
0.997916
1.01145
1.00453
1.00805
1.00613
1.01163
1.0023
1.00707
0.99316
0.988528
0.994983
0.995292
0.996553
0.996856
0.997181
0.999357
0.99996
1.0001
1.0019
1.00026
0.989824
0.993983
1.00244
0.99484
0.986977
1.00537
0.986024
1.01546
1.00383
1.0139
1.00618
1.01879
0.992995
1.00731
0.99474
0.987149
1.00619
0.989136
0.999346
0.999318
1.00293
0.99825
1.00022
1.00066
1.00386
0.999468
1.00268
1.00532
0.979387
1.01291
0.997463
1.01223
1.00788
0.999848
1.00643
0.999092
0.999091
0.996431
0.989072
0.997619
0.997352
0.997524
1.01125
0.996665
0.97931
1.00882
1.00444
0.993334
1.00389
1.00293
1.00874
0.993682
1.00075
0.993355
1.00856
0.996307
0.997538
1.00138
0.999944
1.01548
1.01116
1.00464
0.995828
1.01049
0.998189
1.00893
0.990117
0.995854
0.996473
1.00556
0.998958
1.01047
0.998359
1.00765
1.00884
1.01917
1.00086
1.00682
1.0047
0.994889
0.99589
0.998279
1.00466
0.999933
0.999274
1.00339
0.997634
1.00698
1.00614
1.00353
1.01132
1.00121
1.01486
1.00443
0.992289
0.993013
0.983087
1.01086
1.00277
1.00281
1.00468
0.995969
1.00242
1.00178
1.00714
1.01135
1.01313
0.997168
1.00375
0.997578
1.00283
0.987623
0.998702
0.993915
0.998389
1.00308
1.01676
0.998134
0.994002
0.993366
1.00044
1.00441
1.00097
1.00148
1.00076
1.00011
1.01225
1.00092
0.995233
1.00954
0.996064
1.018
0.988542
1.00032
1.00249
1.00825
1.00318
0.996373
1.00222
0.989366
0.995608
0.985892
0.985884
1.00791
1.01079
1.00245
1.00082
1.00801
1.01565
0.996216
1.00731
0.999843
1.00686
0.985312
0.985895
1.00477
0.979776
1.00579
0.989223
0.997744
0.99462
0.988818
0.998263
0.993724
1.00248
0.999895
0.984052
1.00535
0.994999
1.00938
1.01063
0.995626
0.997295
1.01434
1.00533
1.00273
1.00568
0.992547
0.995639
1.01274
1.0048
0.995599
1.00874
1.00769
1.00345
0.984487
1.00478
1.00039
1.00841
1.01104
0.99327
0.997676
0.991014
0.999061
0.989921
1.00989
0.996937
0.993085
0.999117
1.00534
0.997269
0.982741
0.982805
0.99975
0.995919
1.00641
1.00215
1.00218
0.992438
0.995837
1.00551
0.984497
0.988043
1.00784
0.998346
0.998893
1.00506
0.99815
1.01431
1.00963
1.00271
1.0058
0.984851
0.985993
0.996085
0.993582
0.999161
0.995454
1.0119
1.00137
1.00189
0.991068
1.00226
1.00657
0.990448
1.00479
1.0081
1.00658
1.00301
0.997436
0.992637
0.995202
1.00247
0.998281
1.00414
0.994704
1.00371
0.987354
1.001
1.01012
1.00484
0.994917
1.00433
0.994639
0.992887
0.994042
0.996709
0.994481
1.01115
0.999312
0.984856
0.99715
1.01371
1.00688
0.998129
0.993175
1.00217
0.995212
0.999792
1.00222
1.00508
1.01201
0.985016
0.994536
0.994535
1.00036
0.994979
0.999275
1.00456
1.00233
1.0055
1.01594
1.00259
0.998063
0.991049
1.0032
0.996278
1.0017
1.007
0.999056
1.00326
1.00586
0.99642
0.99494
1.00525
1.00053
1.00422
0.981179
0.998344
0.994964
0.993799
0.993384
0.995973
0.991941
1.00083
0.995886
0.999532
0.994445
0.992991
1.00502
1.00207
0.998532
0.98871
1.0004
1.00743
1.01635
0.989104
1.00143
0.992858
1.00088
0.994057
0.997248
1.002
0.99482
0.997491
1.00439
1.00974
0.994469
1.01111
0.999575
0.990021
0.997103
1.00026
1.00455
1.00778
0.999876
1.00631
0.994674
1.0011
1.00863
1.00445
1.00489
0.999678
0.988728
1.00391
0.998023
1.00278
1.00653
0.994326
0.990494
0.993341
0.99433
1.01479
0.997331
0.988593
1.00559
1.00533
1.00546
0.98137
1.00473
0.994799
1.00221
0.986336
0.994565
1.01367
1.01047
1.0071
0.986241
1.00967
0.999564
0.987722
1.00613
0.9884
0.999274
0.985204
1.01009
1.00239
0.99833
1.00564
1.00341
1.00046
1.00536
0.992741
1.00257
0.993134
1.01489
0.997385
0.993365
1.00957
1.01025
0.995596
1.01061
1.01161
1.00935
1.003
1.00091
1.00248
1.00387
0.990427
0.99576
1.00397
0.996056
1.00414
0.997353
1.01242
1.00609
1.00538
0.993595
0.990938
0.989819
0.99976
1.002
0.979109
1.00023
0.989129
0.999585
1.00346
0.996496
1.0084
0.990355
1.00125
1.00223
1.00133
0.998216
1.00341
1.00153
0.98649
0.989468
1.00137
0.993462
1.00083
1.00273
0.986532
0.994766
1.00325
1.00165
0.986596
1.00022
1.0009
1.006
1.01565
1.00786
1.00725
0.990691
0.998977
1.01013
1.00243
1.00741
0.997574
1.00668
1.00305
1.00537
1.00938
0.997628
0.995436
0.998132
1.00596
0.997019
0.990885
1.00482
0.997355
0.981872
1.00925
0.997774
1.00654
1.00045
1.01712
1.00101
1.0095
1.00839
1.01463
1.0005
1.01167
0.996572
1.00025
1.00349
1.01071
1.0099
0.991319
1.00207
0.997281
1.01204
0.990226
1.0059
0.994379
0.990328
0.987116
0.992565
0.98853
1.01164
0.991472
1.00988
0.999303
0.988427
0.996384
1.00516
0.994789
1.00473
0.993771
0.990152
1.00973
0.994288
0.991818
0.99212
1.00862
1.00402
0.99981
1.00194
0.994594
0.993889
1.00812
1.0171
1.01299
1.00021
1.00023
1.00191
0.996079
0.998685
0.995873
1.00087
0.998629
1.00679
0.996257
1.0011
0.987815
0.995289
0.989914
1.00528
1.0087
0.991593
0.985649
0.993383
0.983729
0.992047
0.997436
1.00241
1.00255
1.00496
0.994203
0.999093
1.00122
1.00743
1.00305
0.997459
1.00044
1.00418
0.996435
1.00292
0.987468
1.0013
0.994488
0.993508
0.993054
0.980919
1.00634
0.981217
1.01629
1.0006
1.00269
0.995274
0.994976
0.983655
0.999412
0.989844
0.994044
1.00113
0.996697
0.997489
1.00302
0.996134
1.00717
0.999285
0.997628
1.01251
1.01771
1.00712
0.997423
0.996664
1.01243
1.00107
1.00524
1.00081
0.999852
0.997204
0.996374
1.00277
1.00333
1.00246
1.01761
1.00632
1.00258
0.987333
1.00368
0.99626
1.00174
1.0113
0.990102
0.998017
1.00181
0.98636
0.996641
0.988847
0.99965
1.01365
1.01638
0.985797
1.01277
0.993431
1.00462
0.99966
0.987155
0.99004
1.00666
0.989031
1.00116
1.01146
0.996709
1.00223
0.997265
1.0064
0.98702
0.990025
1.00174
0.999897
1.00181
0.996432
0.994111
0.997433
0.996908
1.00804
1.00433
0.987776
0.997385
1.00609
0.997091
0.995992
0.997559
1.00209
1.00697
1.00633
0.995211
0.997796
1.00425
0.997512
1.00235
0.989576
0.984007
0.993494
0.987982
0.991501
0.983927
1.00124
0.996115
1.01153
0.996828
0.990736
1.00984
1.00813
1.00349
1.00065
0.984207
1.00696
0.998979
0.999184
0.998004
0.998842
0.988307
1.01123
1.006
0.998955
1.0042
0.998472
1.00677
1.00345
0.991931
1.00179
0.994254
1.00608
1.00123
1.00933
0.989876
0.988422
1.00738
0.994205
0.992759
1.00586
0.999822
1.00409
0.991611
1.00466
1.01246
1.00254
0.996529
0.990008
0.999613
1.00246
1.00264
1.00574
1.00541
0.992679
1.01045
1.00171
1.00225
0.994937
0.98802
1.00578
1.00975
0.992143
0.998753
1.00724
1.00966
0.991408
1.00306
1.00827
0.994772
0.990153
0.993593
1.00352
0.995646
1.01015
0.990957
1.00754
0.995972
0.998869
1.00239
1.00749
1.00165
1.01063
0.996878
1.00146
1.01441
1.00552
1.00854
1.00038
1.00701
0.993985
1.00286
0.998393
0.991951
1.00445
1.00864
1.00122
0.99808
0.984418
1.00551
0.990782
0.984147
0.992951
1.01909
0.989629
1.00094
0.990181
1.00171
0.991724
1.00574
1.00497
0.997115
0.990704
0.995104
0.996953
0.998747
0.993298
1.00465
1.00418
1.01035
0.994949
0.996247
0.991748
1.01857
0.99066
0.999642
0.997845
0.996759
1.00085
0.998702
0.993733
1.00982
1.00109
0.997624
0.997988
1.00662
1.00024
1.00385
0.996593
0.998777
1.01097
1.00117
1.00233
0.99749
0.997976
0.995747
0.992326
1.00138
1.00876
0.99861
0.998161
0.995637
0.99968
1.00566
0.995544
1.01183
1.00042
1.00107
0.998399
1.00753
0.996959
1.01037
1.00755
1.00649
0.987518
0.988065
0.993776
1.00138
1.01453
0.98934
0.996527
1.01242
0.995216
1.00842
1.0128
0.996772
1.0024
0.994626
1.00852
1.0154
0.988539
1.0096
0.991795
1.00714
0.992848
0.999411
1.01345
1.0159
0.99061
0.996387
1.01231
0.997737
0.991707
1.00236
1.0009
1.00456
1.01314
0.988802
1.00423
0.994394
1.00749
0.996613
0.998843
0.989732
0.996976
1.00439
0.997753
0.995672
0.994656
1.01261
1.00147
0.996788
0.983298
0.993135
1.0081
1.00119
0.99346
1.00367
1.00213
0.992086
1.00462
0.996021
0.994751
1.0031
1.0039
0.98936
0.987068
0.995786
1.00166
0.98616
1.00491
0.988931
0.987007
1.0015
1.00974
0.999661
0.999856
0.997282
0.992829
0.988175
0.9906
0.998193
0.995603
0.989048
1.02115
0.993695
0.980981
0.987046
0.990661
0.991222
0.991154
0.999276
0.985587
0.998374
1.00371
1.00165
0.993203
0.989416
0.997634
1.00512
0.990383
0.988726
1.00831
1.00796
1.00426
1.00394
0.994482
0.992449
0.988199
0.995706
1.01943
1.00882
0.991695
0.99725
0.985133
0.986115
0.993261
1.00017
0.995847
0.986076
0.996257
1.00954
0.993077
1.00367
1.00185
0.999358
1.01079
1.00097
1.00552
0.99983
0.991816
0.986383
1.01064
0.99512
0.994485
1.00527
1.00479
1.00216
1.00213
1.00386
0.996479
0.995461
1.00205
0.999895
1.0049
0.993947
1.00184
1.00071
1.00911
1.00346
0.996269
1.00252
0.992545
1.00008
0.992682
1.0032
0.988691
1.01042
0.996691
0.990454
0.988296
0.990283
1.00592
1.00286
0.989132
0.992232
1.00087
0.999513
0.989291
1.00117
0.9863
1.00469
0.994314
1.00981
0.999957
1.0055
1.00317
1.0002
1.00283
1.00406
0.997658
0.982933
1.01162
1.00117
0.994215
1.00467
0.996059
0.99408
1.00225
0.988932
1.0027
1.00748
1.00645
0.99066
1.00424
1.00448
0.989143
0.999094
0.990368
0.994697
1.00402
0.999019
0.993481
0.998913
1.00241
1.00058
0.999449
1.0015
1.00995
0.991655
1.00113
0.991425
1.00677
0.993547
0.994938
1.00793
0.988416
1.00349
1.0001
0.992623
1.00462
1.01246
0.996279
0.993444
1.00384
0.991174
0.999295
0.992072
0.995794
0.993564
0.997844
1.00646
1.0045
1.00871
0.998658
1.00155
1.01
0.995178
0.984777
0.995439
0.991332
0.995452
1.00422
0.991399
0.991471
0.990209
1.00007
1.00099
0.999159
1.01617
0.993916
0.997105
1.00662
0.991855
0.991108
1.0101
0.996064
1
0.995401
0.993638
0.994486
0.990994
1.00457
1.00347
1.00675
1.00003
1.00642
1.00345
0.982288
1.00708
1.00594
0.993525
1.0056
0.999973
1.01461
0.997469
1.00272
1.00121
1.00711
0.997285
1.0125
0.989863
1.00061
1.00769
1.01419
0.994782
1.00429
0.980684
1.00147
0.999211
0.989296
0.996591
1.00559
1.00459
0.99346
1.00064
1.01145
1.00429
0.995941
1.0045
0.99179
1.00204
1.0039
0.986142
1.01655
1.00821
0.996943
1.00487
1.00239
1.00928
0.982451
1.00397
1.00631
0.990121
1.00082
1.00642
0.978436
1.00075
1.01316
1.00588
0.994172
1.00194
1.00048
1.00551
1.00885
0.995716
1.00125
1.00462
0.997948
0.997825
1.01694
0.997761
0.997712
0.995627
0.996351
0.996681
0.99033
0.996147
1.015
0.992056
1.00284
0.991568
0.995961
0.998698
1.00141
1.01075
0.986805
1.01187
0.996361
1.00797
0.997646
1.00153
0.997531
0.995172
0.997823
0.991757
0.988787
1.00264
1.00143
1.00784
0.996935
1.00932
1.01215
1.00549
0.996864
0.999029
0.999992
0.999139
1.00029
1.00439
0.995322
1.00132
0.995148
1.00399
0.994664
1.00142
1.00845
1.00087
1.01084
0.993102
0.9921
0.986683
0.987671
1.0086
0.999578
0.98925
1.00257
1.00167
1.0072
1.00229
0.99488
0.997639
1.00415
0.989593
0.989574
0.998911
1.00553
0.997078
0.99553
1.00575
0.992564
0.991952
0.997022
1.01125
1.00442
0.987944
1.01027
1.00071
0.998038
1.00884
0.995245
0.978787
1.00022
1.0134
1.00405
1.00133
0.995699
1.00261
0.995093
0.994089
0.991081
1.01643
0.989097
1.00304
0.984948
1.01287
0.995396
0.992656
1.00437
1.0085
0.996786
0.985639
0.989384
0.998651
1.00969
1.01349
1.00784
0.999751
1.00411
0.999073
1.00164
0.999055
1.00898
0.992863
1.00742
1.00261
1.00218
0.988961
0.993973
1.00755
0.980899
1.01397
1.0003
0.984471
0.998386
0.987973
1.01005
1.00302
0.991312
0.994498
1.01054
0.994001
0.995014
0.988554
1.00369
1.00165
1.01064
0.997658
1.00528
1.00306
1.00003
0.998843
0.997915
0.997388
0.990095
0.99867
1.01232
0.997085
0.99701
1.00291
0.990866
1.0037
1.00388
0.990828
0.997926
0.993592
0.995135
0.99499
1.00138
0.999823
0.994777
1.00929
0.990611
0.988232
1.00572
1.01526
0.990213
1.0042
0.990577
0.99398
0.992428
0.993342
1.00001
0.9974
0.993361
1.01164
0.995687
1.00288
1.00761
0.997146
1.00431
1.00464
1.0001
0.993773
0.997425
1.0064
1.01291
1.00074
1.00132
1.00558
0.987736
1.00916
0.988151
0.995361
0.991028
1.01277
1.00829
1.0145
1.00368
0.996474
0.99853
1.00287
0.996059
1.00346
1.01183
0.998936
0.992455
1.00799
1.01632
1.00197
1.00266
1.01779
1.00103
0.999609
1.01016
1.00972
1.0067
0.995512
0.994985
1.00811
0.997112
0.983198
0.997446
0.995947
0.999664
0.995253
1.00369
0.995785
0.98736
0.99645
1.00146
0.993794
0.994703
0.985083
0.994993
1.00079
0.996325
1.00706
0.993404
0.995021
1.01052
1.00954
0.992666
1.00832
0.99398
0.998578
1.00172
0.994448
0.998394
1.012
1.00078
0.986094
1.00454
0.999003
1.01046
0.998347
0.986613
1.00651
1.00128
1.01137
0.990877
0.993637
0.999081
0.99096
1.00735
0.997549
1.00316
0.998481
0.996492
1.00997
1.00433
1.0014
0.991423
1.0063
0.99501
0.986517
1.00627
1.00776
0.998541
0.989119
0.998617
0.992087
1.0058
1.00659
0.99047
1.01434
1.00238
1.00972
0.987444
1.0004
0.997331
1.00961
0.997791
0.993005
0.995483
0.996138
1.00325
0.991327
0.99609
1.0036
0.99482
1.01363
1.02025
0.998642
0.993548
0.995198
0.996204
0.993738
0.9959
0.991994
0.995791
0.995344
1.00709
0.998981
1.00295
0.999846
0.986591
0.996619
0.988578
1.00184
0.995556
1.01832
0.98584
0.999678
0.984826
0.996593
0.988211
0.98892
0.990499
1.00261
0.988323
1.00666
1.00321
1.00707
1.00792
1.0012
0.997893
0.993918
0.996092
0.992663
1.01573
0.993235
0.991059
0.999679
0.996964
1.0031
1.00465
0.992575
0.997377
1.00082
1.00334
1.00387
0.984677
0.992712
0.995479
0.999874
1.00183
0.994861
0.985341
1.00853
1.00525
1.0061
1.01299
1.00845
0.996397
0.998577
0.999403
1.00184
0.993159
1.00846
1.00166
0.986552
0.987308
1.00919
0.994281
1.00352
0.996791
0.991078
0.995588
0.99508
1.01156
0.998166
0.99853
0.989831
0.99787
0.992167
0.999009
0.993018
0.984312
1.0053
1.00014
0.99353
1.01055
1.00666
0.982623
0.998869
1.00205
1.00116
1.00131
1.00474
0.999228
0.999712
1.01183
1.00497
0.991277
1.00865
1.00192
1.00419
0.999044
0.998619
0.991969
0.998779
1.00444
1.00041
0.995163
1.01033
1.01274
0.999783
0.984969
1.00679
1.01122
1.01076
1.01452
1.00726
1.00986
0.997989
1.00414
0.99651
0.995591
0.991241
0.991097
1.0022
0.995534
0.997101
0.999325
1.00725
0.990222
0.991277
0.995552
1.00046
0.995713
0.980788
1.00843
0.992785
0.986211
0.997291
1.0095
0.997698
0.993331
1.00369
0.993362
1.00329
1.00047
0.984226
0.998599
1.01261
1.01101
1.00018
1.01822
0.995282
1.00166
0.997121
1.00526
1.00482
1.00485
1.00079
0.990361
0.995888
0.988673
1.00094
1.00089
1.00027
0.995943
1.00793
0.990045
1.00383
1.00056
1.00444
0.998556
1.00449
0.979936
0.992939
1.01039
0.988741
1.00357
1.00406
1.00316
1.00541
1.01682
0.995173
0.987665
1.00316
0.996432
0.991386
1.00474
0.985364
0.997582
1.00594
0.992673
1.00458
0.99567
0.996383
0.995273
1.00352
1.00172
0.990303
0.996774
0.989166
0.998308
0.992705
0.997945
0.994572
0.997396
0.996844
0.984524
1.00549
1.00016
1.01151
1.00459
1.01721
1.00124
0.9896
0.999113
1.02401
1.00295
1.00601
1.00003
0.997551
1.00002
1.01559
0.993833
0.991188
1.00158
0.997873
1.00959
1.00862
0.993834
1.00514
1.00159
1.00573
1.00705
0.99883
1.00212
0.993014
0.994297
0.985268
1.00325
0.998101
0.996843
1.00358
0.999152
1.00248
1.00342
0.997248
0.984975
0.981836
1.01459
1.00433
0.996972
1.00065
1.00224
0.989178
0.997043
1.00827
0.999636
1.00471
0.999018
1.01155
0.995634
0.992935
0.992182
1.01181
1.00017
1.00714
1.00487
0.990089
1.00371
0.996162
0.995718
0.994916
1.01864
1.00576
1.00488
0.998225
1.01361
1.00486
0.993946
0.997386
1.00716
0.996626
0.99081
1.00248
1.01474
0.997352
1.00462
0.993514
1.00235
0.991393
1.00512
0.99766
0.997549
0.997237
0.988313
1.01352
1.00054
1.00046
1.00579
1.00438
1.0056
0.989221
1.02096
0.996155
0.994879
0.994368
0.991708
0.992797
0.988138
1.0028
0.993711
0.997023
0.995156
1.00522
0.997466
0.996064
1.00667
0.999038
0.994693
0.999933
0.998001
1.014
0.980038
0.995596
1.00656
0.998463
0.997905
1.00641
1.00193
1.00597
1.00113
0.998669
0.996182
1.00583
1.00848
1.00271
0.993065
0.993029
1.00748
1.00553
1.00043
1.00094
0.998875
0.996448
1.00832
1.00501
1.00726
0.995578
0.998077
1.01413
1.00265
1.00244
0.997411
0.997026
1.00183
1.00464
0.98546
0.996313
1.00401
1.0023
1.01433
0.99272
1.00477
1.01018
1.00392
1.00137
0.995035
0.998701
0.990982
0.995953
0.987127
0.995219
0.996299
1.00056
1.00129
1.00361
1.00948
0.999865
1.00479
0.997681
1.00967
1.00085
1.00441
0.995235
1.01354
0.994302
0.984304
1.00872
0.998571
1.00147
0.9955
0.990349
1.00469
1.01796
0.994226
0.986989
1.00084
0.992348
0.99839
0.995069
0.989258
0.99399
0.997858
1.01125
1.00062
1.00341
0.997979
1.00444
1.00943
1.00319
0.996269
0.997491
1.00189
0.998612
1.00573
0.995365
0.980527
0.994667
1.00847
1.00698
0.992064
1.01245
1.00527
0.995626
0.993504
1.01654
0.999172
1.0091
1.006
0.997184
1.00096
0.994239
0.991264
0.999542
1.00827
0.998735
1.01084
0.973848
1.00336
1.01366
0.994594
0.984617
0.997691
0.989337
1.00531
1.00542
1.00957
1.00051
1.01092
0.994116
0.999346
1.00689
0.989688
1.00064
1.00292
0.998143
1.0163
0.98
0.994481
0.984675
0.979119
0.998437
1.01332
1.00208
0.995966
1.00381
0.991247
0.999857
1.01989
1.00095
1.00553
0.999432
0.99553
1.00568
1.00471
1.00457
0.999171
0.998677
1.00822
1.00439
1.01296
0.985003
0.994325
1.02219
0.980422
1.00576
1.0072
0.987016
1.00973
0.994883
0.994619
1.00731
0.998633
0.999147
0.989483
0.993028
0.988779
1.00155
1.00125
0.98772
1.01326
1.00951
0.989607
0.996633
0.994497
0.984013
0.993215
0.995799
1.0033
0.998279
1.00571
0.997436
0.989898
0.990989
0.983626
1.0063
0.998626
0.995208
0.99283
0.994788
1.00381
0.998429
1.00112
0.995871
1.00466
0.992184
0.999982
1.01098
1.00147
0.999039
1.00953
0.995837
1.02011
0.998918
0.99604
1.00318
0.99754
0.999399
1.01735
0.994581
1.00592
1.01337
0.989864
1.00435
0.989315
1.00092
1.00749
1.01576
0.989535
0.996591
0.993838
0.995878
0.980919
0.982277
1.00432
1.00401
1.00127
1.00493
1.00897
1.00303
1.00857
1.01279
0.997434
0.998215
0.993114
1.00044
1.00895
1.00631
1.01369
0.994671
1.01762
1.01188
1.01176
0.998218
0.994241
1.00662
1.00848
1.02297
0.993991
0.995685
1.0048
0.996513
1.00295
1.00686
1.00948
0.991574
0.994358
1.00087
1.00726
1.00621
1.00158
1.00664
0.994007
1.00304
1.00767
1.00583
1.00504
0.995614
1.00841
1.00389
1.00038
1.00216
1.00024
0.988551
0.995553
1.00842
1.0041
1.00203
0.996314
0.993832
0.999043
1.00448
0.994433
1.00451
1.00788
0.984821
0.993723
1.00119
0.999145
1.0139
1.00246
0.996913
0.993541
0.999751
1.00228
1.0076
1.00248
1.00671
1.00568
0.989303
1.00611
1.00282
1.00447
0.989975
0.991792
0.998587
0.995335
1.00138
0.988359
1.00843
0.998583
1.0011
1.00881
0.998737
0.993608
0.993053
0.993195
0.995934
1.01107
0.999759
1.00083
0.994042
1.00336
0.996762
0.998962
0.993996
0.990499
1.00647
0.989794
1.00511
0.985406
0.999395
0.989144
1.00033
1.01675
0.999999
0.989604
1.00787
0.995546
0.99438
1.00288
0.991899
1.00112
1.00748
1.00798
0.988993
1.00835
0.996393
1.0038
0.987157
1.00439
0.99392
0.994908
0.999313
1.00356
1.00021
0.99606
0.998935
0.999606
0.994919
1.01204
0.985416
1.0045
1.00408
1.01276
1.00033
1.00471
0.998888
0.981958
0.991849
0.994667
1.0029
0.996888
1.00029
0.999836
1.0059
1.00352
1.02114
1.00653
0.993723
1.00439
1.01012
0.993873
1.00453
0.998868
1.00244
0.994157
1.00719
1.0007
1.0043
0.994742
0.998412
1.0002
1.0021
1.00758
0.992427
0.995029
1.00079
0.99531
1.00304
1.00408
0.998444
0.988708
1.00379
1.00178
1.00518
1.00034
1.00787
1.00717
0.998324
1.01122
1.00823
0.984318
1.00987
1.00136
1.00045
1.00773
0.993003
0.99994
0.991487
0.995466
1.00897
0.989571
0.99911
0.994277
0.994068
0.987809
1.00878
0.999077
0.995475
1.00647
0.989707
1.00047
1.01012
1.00037
0.990177
0.992468
1.00383
0.995213
0.99756
1.00215
1.00253
0.997961
1.00331
0.999568
0.987864
1.00899
1.00033
0.990437
0.992014
1.00773
1.00013
1.00028
1.01111
1.00951
0.990914
1.00213
0.996489
1.01193
1.00763
1.0003
0.993269
0.988129
1.00158
1.00572
0.986165
0.997801
1.00809
1.00926
0.992334
0.997852
0.989298
1.00568
0.995202
0.997217
1.00199
1.02262
0.995836
1.01596
1.00346
0.99795
1.01053
1.00843
1.01023
0.99422
0.99822
0.992382
1.00834
0.99905
0.990547
0.997972
1.00723
1.0153
1.01435
0.990725
0.990455
1.01362
1.01246
0.984524
1.01113
1.00606
1.00722
0.991589
1.00369
1.00234
1.01734
0.979124
1.0029
1.0078
1.00006
0.998077
0.998675
0.99704
1.00091
1.00568
0.990667
1.00529
1.00593
0.986747
1.01237
1.00476
1.00069
0.998347
0.998872
1.00434
1.00805
0.99981
1.00547
1.00507
1.00834
1.00207
1.00593
1.0049
1.00814
1.01091
0.990903
1.00005
0.993838
1.00467
0.994095
0.998015
0.988618
0.998
0.994999
0.988181
0.995187
1.01335
1.00178
1.00978
1.00624
1.00557
0.997616
1.00769
1.00051
1.00426
1.00612
1.0004
1.00278
0.995339
1.00618
1.01227
1.01344
0.994048
1.00308
0.995199
1.00191
1.0019
0.988683
1.00723
1.01347
1.01168
1.00136
0.986304
1.00284
0.998593
0.984189
0.991801
1.00489
0.984588
0.998474
0.999803
1.01528
0.996827
0.989668
1.00369
0.997848
0.987152
1.0096
0.982804
0.997447
0.995291
1.00045
1.00614
0.997732
1.0003
0.994219
1.00006
1.00224
1.01016
1.00962
0.98948
1.0084
0.990348
1.00061
0.983323
1.01121
1.00066
0.995263
0.991794
1.00888
0.991061
1.00902
0.993603
1.00803
0.996822
0.999858
0.983919
1.00867
1.00619
0.99485
0.996948
1.01182
1.00467
1.00138
0.990087
1.0095
0.991626
1.01046
1.01679
0.984092
1.00657
0.998331
1.00564
0.990839
0.99957
1.00165
1.00111
1.00388
0.991993
1.00174
0.987857
0.987358
1.00369
0.996043
1.00275
0.994709
1.00907
0.997124
0.991077
0.999841
0.996362
1.00386
1.00171
1.00155
1.00189
0.994468
0.997589
0.996481
0.981901
0.99634
0.999436
1.00962
0.998295
0.980413
0.995963
1.00088
1.01362
0.9886
1.00197
0.996112
0.99953
1.00915
1.0102
0.998683
0.983511
1.00369
0.997897
0.999715
0.989546
1.00352
0.996088
1.01511
1.00109
1.00018
1.00153
1.00943
0.999272
0.997822
1.00373
0.999002
1.00024
0.991315
1.00252
0.990553
1.0095
1.00054
1.01002
1.00025
0.995117
0.990989
1.01389
1.01557
0.994433
0.990181
1.01028
1.00606
0.996068
1.00347
1.00856
0.993411
1.00439
1.01071
1.01287
0.995671
0.985929
1.01344
0.998835
1.00089
1.01635
1.00432
1.00218
0.990803
1.00447
0.988249
1.00129
0.996407
0.998571
0.993571
1.00012
0.999409
1.00178
1.01044
0.995584
1.00218
1.01393
0.985578
1.00921
0.989961
1.00502
1.00391
1.0103
1.01171
0.978688
1.00891
0.998629
1.00912
0.996089
1.00227
0.995192
0.999207
1.00567
1.01356
1.00481
0.995431
1.00879
0.997477
1.00369
0.988784
1.00164
1.02261
1.00548
1.00351
0.994918
0.99636
0.995697
1.00592
1.00592
0.991051
1.0028
0.99949
1.00303
0.998081
1.00427
0.992979
0.999078
0.99602
1.00872
0.994364
0.999412
1.00341
1.00382
1.00116
0.999915
1.0111
0.994701
0.976956
1.00713
0.985452
1.0097
0.994077
1.01617
0.998313
1.02467
1.00741
1.00126
0.99406
0.991731
0.991792
0.998964
1.00037
1.00077
0.991359
0.984461
0.995939
1.00566
0.988318
0.999365
1.00208
1.01003
1.0014
1.00382
0.983898
0.999889
1.00137
1.00907
0.986808
1.01236
0.999634
1.01164
0.99233
0.993071
1.0033
1.00618
1.00293
0.999495
1.01043
0.986811
1.00455
0.997966
1.00542
1.00093
0.99412
0.981215
1.00259
1.00349
1.00781
1.00344
0.996883
1.01
1.0003
1.01321
1.00148
1.0106
0.992921
0.994544
1.00312
1.00324
1.00158
1.00467
0.992243
0.990837
1.00126
0.989994
1.00042
1.00436
0.985796
1.00257
1.00222
0.998768
1.00799
0.998795
1.00179
1.00636
0.995929
1.00703
1.00276
0.980517
1.00876
1.00377
1.00363
0.996538
0.993563
0.989114
0.992253
1.00098
1.00382
0.999336
0.994638
1.00473
1.00191
0.995813
1.00244
0.998618
1.01289
0.997203
0.999601
0.985876
1.00232
0.989967
0.992487
0.990951
0.984456
0.997176
1.00767
0.993631
1.01261
0.992514
0.993833
1.00862
1.00373
1.00954
0.999361
1.00125
0.996177
1.00589
1.00711
0.995799
0.988709
1.00682
0.992599
1.01163
1.01137
0.990643
0.98851
1.00466
1.00113
1.0029
0.990518
0.984586
1.01115
1.0015
1.00568
0.990068
0.986423
0.992362
0.989919
1.00733
1.00935
0.996385
1.01506
1.00186
1.0061
0.996258
1.00788
1.01648
0.993702
0.992228
1.0064
1.00307
1.00467
1.00166
0.999712
0.9913
0.988286
1.001
0.988615
0.995885
0.993044
1.01425
1.00137
0.984836
1.00495
0.997001
0.995928
1.01672
0.995856
0.987766
1.00152
0.996193
1.00475
0.994782
0.992678
0.991747
1.01266
0.994695
0.994016
1.00803
1.00818
1.01197
0.997969
1.00516
0.993765
0.994233
1.00877
1.01194
1.00569
1.00055
1.01173
0.990266
0.997777
0.993868
1.00387
0.989264
1.00481
0.988452
0.989756
0.994818
1.01083
1.00736
0.995209
1.01136
1.01145
0.976955
1.00957
0.993449
0.996356
1.00231
1.00197
1.0015
1.00986
0.987037
0.998332
0.990906
0.983226
0.996657
1.01092
1.01885
1.01604
1.00303
0.996837
0.994458
0.988331
0.99235
1.00137
0.994909
1.00431
0.998863
1.00577
1.00814
0.995976
1.00338
0.997644
0.997831
1.00834
0.999956
0.999859
0.994206
1.00851
0.995251
0.991283
1.00146
0.99784
0.986254
0.995662
1.0087
0.998314
0.999927
1.00101
0.991764
0.992874
0.990795
1.0006
0.996684
0.988191
0.988619
1.0284
1.00198
1.01699
1.00617
0.999282
0.998182
0.979695
0.98398
1.00483
1.00617
1.00477
1.00804
0.998212
1.00002
1.00598
0.996336
1.00395
1.0014
1.00003
1.00101
0.991994
1.00366
0.994415
1.00327
1.00461
1.00109
0.990009
0.984198
1.00147
0.998748
1.01826
0.99214
1.00489
0.993504
0.984418
1.00884
0.999339
0.984655
1.00337
1.0041
0.987995
0.990552
1.02039
0.994773
1.00521
0.996527
0.992284
1.0083
1.00207
1.0041
1.02201
1.0029
1.00099
0.999997
1.0075
0.984866
1.00081
0.992944
1.00552
1.00528
1.01264
0.995296
0.998087
0.992597
1.01375
1.00661
1.01548
1.00401
1.01189
0.988888
1.00417
0.997974
1.00461
0.979339
1.00629
1.00035
0.989416
1.01956
0.999201
0.997781
0.991343
1.01566
1.01264
1.00134
1.00012
0.990109
0.986314
0.996797
1.00747
0.999873
1.00736
1.00242
1.0096
1.00378
0.989942
1.00241
1.00323
1.00058
1.00404
0.987029
0.99372
1.01603
0.994312
0.99265
0.996369
1.00587
1.00367
1.00601
0.99821
0.995907
1.00961
1.00043
1.00536
0.993656
1.01836
0.998082
1.00317
0.998211
1.00756
0.99081
1.00526
0.99845
1.00329
1.00739
1.00677
1.01307
1.01718
0.9992
0.990755
0.996982
1.00501
1.00195
0.980254
0.987435
0.99428
0.973595
1.00331
1.00505
0.992264
1.00647
1.00048
1.00707
1.00081
1.00053
0.993516
0.988146
0.988967
1.01505
0.98598
0.996022
0.98792
1.00011
1.00539
0.995959
0.998407
1.00078
0.998885
0.988836
1.00776
0.978274
0.992557
0.985791
0.993324
0.989644
0.985984
1.01339
1.00963
0.991688
1.00583
0.999959
1.00006
0.998592
0.995828
1.00758
0.99795
1.01265
1.01058
1.00542
0.993178
1.00071
0.996141
1.00471
0.989956
1.01032
0.995125
1.00878
0.994872
1.00447
1.0028
0.985206
1.00337
0.991012
0.994549
0.998272
1.00192
1.01972
0.988609
0.995439
0.982114
0.997144
1.00077
1.00632
1.00939
0.998783
0.987816
1.00121
1.00246
0.993514
0.988177
0.989224
1.00233
1.00894
0.999359
1.01737
0.994181
0.997507
0.991177
1.00757
0.991819
0.993752
0.995835
0.994096
1.00194
0.992635
0.981071
1.01318
1.00239
1.00667
0.998306
0.995825
1.00422
1.00138
1.00202
0.994557
0.998504
1.00304
0.994108
0.985825
1.006
0.992847
1.00695
1.0016
1.00461
0.997642
1.00163
1.00491
1.00961
0.989234
0.995918
0.997311
1.00811
0.991257
1.00401
0.994322
0.99556
1.00773
1.00159
0.996986
0.990425
1.01592
0.988088
1.01219
1.00792
1.00102
1.00146
1.00977
1.0097
1.00869
0.999505
1.00978
0.995172
0.99404
0.996473
0.997523
0.999876
1.00067
0.998883
1.00425
0.993968
1.0091
1.00188
0.988992
1.00047
1.00521
0.99344
1.01178
1.01722
0.997371
1.0004
1.00738
1.00324
1.0138
0.995021
0.999065
0.994726
0.993768
1.00558
0.993575
0.996616
1.00712
1.0061
0.997394
1.00403
1.00015
0.994638
0.998986
1.01037
1.0035
0.996537
0.997639
1.00804
0.986487
1.00526
0.992698
0.997966
0.995448
0.997192
1.00439
0.996899
1.01475
1.00579
0.992625
1.0003
1.00795
0.995085
0.999664
0.997829
0.996863
0.986189
1.00115
0.996988
1.00543
0.994173
1.00326
0.981543
1.0044
0.997902
0.991032
0.991317
1.00328
0.986363
0.987415
0.999973
1.00801
0.997342
0.998302
1.00892
0.992328
1.00263
0.998641
1.00486
0.988011
0.99274
0.996342
0.9905
1.01081
1.00647
0.991821
0.999356
0.994644
1.00852
1.00707
0.988262
1.00008
0.995878
1.00846
1.00338
0.995617
1.00758
0.978445
1.00843
0.995717
1.00296
1.00956
0.985717
1.00639
0.993672
0.99986
0.9916
1.00916
0.998711
0.996183
0.988958
0.991645
1.00465
1.00361
1.01171
1.00395
0.990509
1.00665
1.00726
1.00015
0.996473
0.984088
1.00836
1.00546
0.998104
1.00402
0.998208
1.00009
1.00201
1.00259
1.0029
1.00355
1.00794
1.00823
0.993651
0.994949
1.00585
1.00715
0.99838
0.998455
0.995288
1.00113
0.99264
0.995824
1.01486
1.00157
0.9923
0.99127
1.02052
1.00866
0.979113
1.00934
0.995138
0.993738
1.01619
0.993148
1.00785
1.00407
1.01236
0.987458
1.00273
0.999216
1.00549
0.99113
0.989117
0.994366
0.998907
1.01191
1.01334
1.00594
0.996709
1.0059
0.99366
0.994075
0.995201
0.998782
0.989067
1.00428
0.989945
1.0136
1.00783
1.01861
1.00721
1.00549
1.00012
1.01155
1.00292
0.992177
1.01021
1.00309
0.993171
1.00747
0.991011
0.990036
0.998202
0.999269
0.993626
1.00453
0.99077
1.0103
0.997945
0.997137
0.989846
0.99951
1.01731
0.996659
0.99084
1.00549
1.00489
0.997043
0.998141
1.00128
1.00165
1.00234
1.00268
1.00848
0.999958
0.99871
1.01264
0.994382
0.98538
0.999752
1.00467
0.989366
0.993122
0.992278
0.99915
0.98053
0.995988
0.994063
0.994202
1.01594
0.999495
0.991566
1.00364
1.0115
1.00769
1.00375
1.01088
1.009
0.982949
1.00351
1.01495
1.00825
0.997498
1.02596
0.994808
0.995882
0.997774
0.994697
0.996757
0.996669
0.998995
1.00199
0.993847
0.995125
0.991044
0.995341
0.999965
0.989202
0.999792
1.00124
0.99393
1.01046
0.986692
1.00228
1.00503
0.994133
0.995344
0.992664
0.997387
1.00161
1.00318
1.01812
1.00867
1.0027
0.978609
0.990622
0.995403
0.985905
0.996697
1.00459
1.00048
0.985133
0.984565
1.00662
0.98885
0.998017
0.997694
1.00322
0.995428
1.00927
1.00662
1.00273
0.993429
0.995566
0.992361
1.01578
1.00067
0.99675
0.99929
1.00136
1.00255
1.00155
1.00532
0.997837
0.982619
0.98258
0.98584
1.00696
0.994697
0.99011
1.00272
0.98817
0.999154
1.00238
0.985148
0.995714
0.999067
1.01189
0.997036
0.986946
0.99854
1.00249
0.99359
1.00092
1.00883
0.986232
1.0098
0.990062
0.998764
1.00145
0.993112
1.01497
1.00146
1.0051
1.00063
1.00057
1.00151
0.992043
0.997313
0.992108
1.00986
0.99435
0.997362
0.999099
0.989949
0.999564
1.00242
0.998606
1.00757
1.00606
0.987499
1.00523
1.00749
0.997084
0.991343
1.00262
0.980578
0.99155
0.979342
0.993948
0.991723
1.00644
0.994454
1.01301
1.00246
0.994055
1.00817
1.00167
1.00136
1.00793
0.986026
0.994792
0.990067
1.0018
1.00247
1.00531
1.01223
0.992506
1.00829
1.00194
1.00627
1.016
0.983752
1.00815
0.994733
0.992789
0.99749
0.992767
1.00292
0.99559
0.99935
0.996363
0.994332
1.00327
0.994918
0.979779
0.998754
1.00501
0.99783
1.00153
0.99587
0.997242
0.994324
0.988337
0.99694
1.00192
0.997701
1.00423
0.994533
0.973679
1.01113
1.00728
1.02174
0.994109
1.00279
0.998219
1.00846
1.00233
1.00398
0.994027
0.98766
0.997445
0.998029
0.99963
1.00067
1.01575
0.998249
1.00136
0.992878
0.98869
1.00849
0.98683
0.994251
0.995326
1.00373
0.998487
0.994524
0.998357
0.99249
1.00281
0.998035
1.01194
1.00119
0.990357
0.986321
1.01628
1.0106
1.00511
0.985639
0.997609
0.991369
0.996202
0.994196
1.00197
1.00893
1.00481
1.00501
1.00161
0.997724
1.0028
1.01609
0.992604
0.996958
1.00764
0.996032
0.996643
0.989905
0.995219
1.00743
1.00774
0.992551
1.00216
0.993001
0.996411
1.00437
1.00863
1.00778
0.988825
1.00336
1.00285
1.00336
0.99524
1.01497
1.0087
1.01041
1.01396
1.00817
1.00422
0.988422
0.983158
0.994863
1.0014
1.00462
1.00264
0.985023
1.01101
1.00201
0.994941
1.00642
1.00062
0.990335
1.00957
1.00182
0.992689
0.998739
0.998004
1.00183
0.988745
1.00359
0.991928
1.013
0.995795
1.0071
1.01278
0.98828
0.992409
0.999248
1.00434
0.998764
1.00276
1.00614
0.994655
1.0035
0.994875
0.994706
1.00221
1.00031
1.00339
1.00715
0.985542
0.997541
1.00229
0.988262
0.999096
1.00436
0.991243
0.996672
0.997689
1.01126
1.00111
0.989383
1.00533
0.999693
1.01087
0.983446
1.00182
1.00633
0.987669
0.988528
1.00368
0.99943
1.0024
1.01056
1.0148
0.989489
1.00312
1.00579
0.990402
0.991877
1.00016
0.991855
0.994149
1.00608
1.00432
1.0119
0.992594
0.992074
1.00121
1.00344
1.00203
1.00158
1.00357
1.00855
0.998988
1.00564
1.00904
0.999422
0.982089
1.00031
0.992808
0.996857
1.0121
0.97367
0.99436
0.99687
1.0085
0.999528
0.992451
1.00169
0.987414
1.00909
0.992736
1.00279
1.00252
0.990418
0.994744
0.995154
0.999143
1.00553
0.996648
0.999512
0.988454
0.999014
1.0034
1.00432
0.994229
0.985144
0.994652
0.99678
1.00117
0.996209
0.994314
0.998127
1.00212
1.02126
0.995158
1.00537
1.01778
0.983918
0.998957
1.00555
0.997673
0.99644
1.00692
0.995091
0.991146
1.00212
1.00664
0.984536
0.990189
0.995034
0.991497
1.01503
0.999342
0.995005
0.984432
0.989457
1.0002
0.993192
0.988047
1.00779
0.999569
0.99413
1.00111
1.0007
1.01012
1.01325
1.00172
0.990875
0.99638
0.98544
1.00922
1.00387
0.994264
0.991151
0.990659
1.00258
0.97935
0.990077
1.01281
0.998473
1.00214
0.988393
0.991889
0.993243
1.00848
1.00428
0.993798
1.01125
1.01729
0.984035
0.99368
1.00191
1.00562
1.00876
0.993232
1.00525
0.993046
0.993619
0.99439
0.998218
1.01508
0.993495
0.991674
0.990476
0.999332
0.999582
0.993163
0.994481
0.989301
0.999089
1.00948
0.995675
1.0053
0.990115
1.01787
1.00529
0.991808
0.99372
0.991374
0.986505
1.00401
1.00901
0.979842
0.985534
1.00019
1.00614
0.992048
1.00316
1.01471
0.981777
0.993122
0.988906
0.995701
1.00773
0.998554
0.986858
1.00353
0.999974
1.00306
1.01668
1.00489
0.995556
0.984871
0.999331
0.999585
1.00328
1.00522
0.995582
1.00247
1.01164
1.00427
0.982659
0.99661
1.00006
0.998652
0.984548
1.00935
1.0085
0.985668
0.999134
0.982875
1.00386
1.00151
1.00623
1.0038
0.988661
0.992811
1.0013
1.00786
1.01981
1.00418
0.997782
1.00456
1.00646
0.995598
0.994436
0.999351
0.996326
1.00586
1.00544
0.998552
1.00612
0.999099
0.991887
1.00185
0.996646
1.00141
0.998439
1.01473
0.991543
1.00161
1.00929
1.00343
1.00266
0.985635
0.990505
1.00411
0.985034
1.00441
0.995088
0.997202
0.995794
1.00395
0.997971
0.998508
0.983053
1.00546
1.00514
0.993837
0.992005
1.00206
1.00482
0.992868
1.00334
0.994692
1.00536
0.995359
1.00817
0.986098
0.995962
1.00323
1.01107
0.980354
1.003
1.01626
1.00603
1.00442
1.01067
1.01041
0.992827
0.996921
1.00082
1.00027
0.998152
1.01028
0.980856
1.00701
1.00038
1.00399
0.995575
1.01156
1.00527
1.02255
0.994278
0.999295
0.995559
1.01712
0.995523
1.00515
1.00489
1.00832
0.999314
1.00726
1.00919
1.0027
0.985802
1.00564
0.997869
0.997185
1.00053
0.993183
0.996614
0.990688
1.00705
1.00305
0.997608
1.00645
0.9926
1.01414
1.00809
0.998754
0.999089
0.999286
0.996679
0.979251
0.996094
1.01461
1.00057
0.993128
1.01083
1.00031
0.988184
1.00438
1.00412
0.998511
1.00828
0.99833
0.999152
1.00981
1.00054
1.015
0.994565
0.984708
1.00333
1.0061
1.00229
1.0052
1.00227
0.990875
1.00057
0.982771
1.00131
0.989954
0.99193
0.993887
0.99644
1.00748
0.993566
1.01186
1.00453
1.00591
0.999373
1.001
1.00394
0.997003
1.00202
1.0027
1.00106
0.994491
0.994216
0.999748
0.99784
0.999467
0.996493
1.00424
1.00051
1.00855
0.998143
0.998703
0.988314
1.00393
0.991799
1.00332
1.0158
0.987674
0.997709
1.01616
1.01163
0.997533
1.00644
1.00487
1.00584
0.991308
0.989449
0.996949
0.998929
1.0017
0.997431
0.997754
1.00599
0.992677
0.992984
0.998024
0.988086
1.01033
0.991608
0.993125
0.996137
0.997138
0.99847
0.994383
0.997586
1.00528
0.998969
1.00174
0.995825
1.00438
1.00845
1.00057
0.990349
1.00868
0.998717
0.989448
0.999128
0.99948
1.00943
1.00579
0.997588
1.00744
0.997637
1.00327
0.994905
0.99689
0.989518
0.994624
0.989226
0.995095
1.00244
0.983708
0.999778
1.00351
0.992856
1.00631
0.993899
1.00393
1.00107
1.00226
1.01478
1.00521
0.996781
1.00659
0.989226
1.00763
1.00483
1.00129
1.00063
1.00698
0.995313
1.01141
1.00335
0.999275
1.00823
0.993369
1.00726
0.991564
0.998072
0.993434
0.999599
0.987225
1.00919
0.998518
1.00387
1.00647
0.996309
1.00876
0.995715
0.999766
0.994981
1.01252
1.00359
0.995174
1.00012
0.993519
0.991002
0.988598
1.01587
1.00804
0.995068
1.01567
0.991601
1.00075
0.996425
1.00014
0.996495
0.996126
0.990261
1.0056
0.997723
1.00102
1.00028
1.00343
1.0026
1.00078
0.977397
1.00401
1.00119
0.982174
1.00961
0.996411
0.987734
0.994989
0.990627
1.0058
0.999007
1.01288
0.996677
1.00494
1.00197
0.995104
0.981488
0.999359
0.998335
1.00901
0.988306
1.01072
0.996167
1.01428
0.991902
0.996854
1.00744
0.999561
0.990473
0.991413
0.989751
0.998668
0.992218
1.00007
0.99784
0.997276
0.998841
0.981549
0.99626
1.0079
1.00334
1.0001
0.981213
0.990578
0.996605
0.998019
0.999442
1.01023
1.00713
0.994796
1.00505
0.992941
0.993479
1.01015
0.985305
0.99932
0.992287
1.00108
0.994156
0.986335
0.989229
1.00257
0.991025
1.00353
1.00476
1.00205
0.994698
1.00748
0.989548
1.01743
0.985592
1.00389
0.983533
1.01771
1.01261
0.983804
1.00115
1.00345
0.990969
1.00155
1.00823
1.00467
1.00083
0.992682
1.00385
1.00064
1.00594
0.99894
0.999626
0.992661
1.00152
0.996899
1.00031
0.99335
1.00901
0.994024
0.999137
0.997699
1.00709
1.00759
0.99668
0.996617
1.01509
1.00143
0.98677
1.00124
1.0018
0.997123
1.00574
0.994039
1.00046
1.00357
0.997007
0.993462
1.0082
0.999691
1.0127
1.00044
1.00632
0.997514
0.99922
1.00875
0.993742
1.00409
0.996835
1.00034
0.999093
0.996601
0.990634
1.00517
0.999033
0.998496
1.01679
1.00034
1.00611
0.993506
0.990055
0.996189
1.00761
1.00549
1.02072
1.00511
1.00458
1.00408
0.998948
0.993852
1.00347
0.993167
0.995538
0.97789
0.985852
0.992536
0.999121
1.00201
0.9981
0.988312
0.996472
1.00337
1.00068
1.0034
1.01401
0.994855
0.995449
1.00536
1.00883
0.994448
1.00843
1.00374
0.996105
1.01758
1.00156
1.01418
1.00179
1.00196
0.993934
0.992665
1.00914
1.00625
0.993934
1.00462
0.998432
1.00397
0.99758
1.00032
1.0075
1.00626
0.994549
1.00786
0.99768
1.01374
0.995383
1.00356
0.991967
0.992803
1.00712
1.00706
1.00707
0.998051
0.994366
0.997992
0.99187
1.00354
1.01047
1.00778
0.999533
0.986474
1.00577
1.0097
0.988224
0.986425
1.0188
1.0043
1.00648
0.994227
1.00525
0.991658
0.991951
0.999267
0.998295
1.00157
0.997909
1.00791
0.996947
0.996601
1.00858
0.991062
1.00783
1.00114
0.992119
1.00379
1.00799
0.999677
0.996134
1.00197
0.981691
1.01214
0.999514
1.00871
1.00734
1.00674
1.00056
1.0052
0.988045
0.992171
0.995226
0.998633
1.00995
1.00968
0.997161
0.997394
0.992234
0.987199
1.00114
1.00924
0.997364
1.00425
1.01425
0.995206
1.00379
0.996824
1.01391
1.00392
0.99286
1.00796
0.99257
0.998437
1.00977
1.00451
1.0152
0.996564
0.998891
1.01417
1.00069
1.012
1.01455
0.998333
1.00552
0.992345
0.996855
0.999277
0.989823
0.998953
0.99605
1.00734
0.994649
0.999993
1.00207
0.995865
1.00021
0.989655
0.998764
1.00697
1.00087
1.00387
0.991698
0.999829
0.995036
1.00866
1.00238
1.00609
1.00425
0.99704
0.996998
0.993738
1.00211
0.997589
0.995283
1.00591
1.0022
0.999156
0.996997
0.997875
1.0002
1.00158
0.998645
0.991982
0.993421
1.01546
1.00035
0.998518
0.999936
0.981886
1.00943
1.00736
0.99591
1.00599
0.994425
0.98938
1.01028
1.00637
0.987669
0.985343
0.991347
0.99393
0.99375
0.998262
1.0012
1.00783
0.997454
1.0067
0.996018
0.993369
0.999299
0.997693
1.00708
1.00233
1.00706
1.00759
1.00184
0.99213
1.00493
0.992645
1.00735
1.00267
1.01315
1.00894
0.985625
0.99893
0.999837
0.996298
0.988007
0.98649
1.00608
1.00845
0.985067
0.993196
1.00769
0.996668
1.0017
0.997597
1.00726
1.00256
0.989573
0.992528
0.990852
0.993612
0.997948
0.997261
1.00226
1.00481
1.00813
1.00561
0.989262
0.998229
0.991779
1.00504
0.999936
1.00791
1.00889
0.993216
0.993056
0.987582
1.01568
1.00146
1.00036
0.998935
0.99892
0.998175
1.00007
1.00524
1.0177
0.992101
0.98001
0.98623
1.00359
1.00962
0.9974
0.993154
1.00686
0.994195
0.997744
0.990299
0.997404
1.00636
0.995611
0.99285
1.00829
1.00335
1.00249
0.990592
0.995347
0.998607
1.00288
1.00068
0.993788
0.994696
1.00649
0.97698
0.991319
0.996322
0.994493
0.982569
1.00238
0.991254
1.00034
1.01774
0.998289
0.997096
0.99735
0.990835
1.00395
1.00452
0.993705
0.993917
0.995144
0.991916
0.995377
0.998035
0.999536
0.98613
1.00867
0.994446
1.00899
1.01191
1.00154
0.998102
0.987768
0.989372
0.996841
0.999822
1.00303
0.997911
1.00442
0.995778
1.00924
1.00828
1.00402
1.01492
0.982762
0.995657
1.00722
1.00489
1.00058
0.999775
0.99071
0.986327
1.01508
1.00909
0.992086
1.00034
1.00439
1.00103
0.997165
1.01226
1.00156
0.997601
1.00344
1.00994
1.00993
1.00973
0.987531
0.997694
1.00623
0.995875
1.01388
0.989035
0.999643
0.985497
1.00029
0.980362
1.0006
1.00776
0.998848
1.00272
1.00955
1.01943
0.99312
0.994078
0.997736
0.998605
0.995314
0.99515
1.00656
1.00665
0.990908
1.00525
0.984323
1.00951
0.997438
0.988341
0.998068
0.996179
0.999851
1.00712
0.988302
1.00067
0.977111
0.988218
0.991898
0.991531
0.991967
1.00248
1.00487
1.00371
1.00085
1.007
1.00434
0.997552
0.999274
0.996371
1.01394
1.00504
0.999458
0.998602
0.999438
0.988454
0.996508
1.02201
0.985762
1.00712
0.998211
0.989204
1.00177
1.00674
0.997068
0.986753
0.994358
1.01451
1.00329
1.0094
0.991591
1.00823
0.99644
1.00941
0.993459
1.0032
0.995631
0.993512
0.991967
1.01429
0.994082
1.00413
0.996186
0.992141
1.00044
0.995802
1.00781
0.996575
0.990477
0.984676
1.0052
0.997819
1.00281
1.00382
1.00344
0.990354
1.00483
1.00218
1.00864
0.997806
0.997877
0.99918
1.00315
0.998173
0.998464
1.00194
0.986193
0.999219
0.997957
1.00506
1.00143
1.00376
1.0075
0.998268
1.00922
1.00625
0.991531
0.987014
1.00771
0.99589
0.997763
1.00831
1.00124
0.99297
0.990759
1.0041
0.982716
1.01534
0.99717
0.997488
1.00496
1.00152
0.997247
1.0047
0.989707
0.980971
0.99796
1.00597
0.990173
0.995654
0.99239
1.00582
1.01396
0.996173
1.00037
1.00438
0.987326
0.996231
1.00337
0.980934
1.01607
1.00935
1.00448
1.00479
1.0039
0.99148
1.00164
0.999381
1.00016
0.998046
0.998587
0.996608
1.00425
0.999614
1.00333
0.99785
0.995613
0.986165
0.990215
1.00072
1.00334
0.991306
1.00945
1.00613
1.0009
0.99163
1.01064
0.998023
0.993936
0.996527
1.00717
0.993649
0.994439
0.996238
1.00194
0.998589
1.00861
1.01564
1.01805
1.00939
1.00511
1.00928
0.989652
1.00286
1.00567
0.990817
1.00206
1.00878
1.0075
1.00546
0.99397
0.999792
1.00433
1.01247
1.0043
0.992374
0.996363
1.00738
0.978281
1.01605
1.00036
0.997198
1.01708
0.994364
1.0036
1.00104
0.996828
0.990929
0.996595
0.999486
1.01122
0.992614
0.984207
0.992219
0.999972
0.997981
1.00056
0.9941
1.01938
0.995186
1.00247
0.996746
1.00505
0.996323
1.00301
1.00749
0.990913
0.996128
1.02129
1.00556
1.00252
0.998153
0.993796
0.997282
1.00172
1.01455
1.00068
1.00549
1.00311
1.00152
0.994589
0.992317
1.00638
1.01366
1.00036
0.99746
1.0106
1.00545
0.993334
1.00398
1.0012
1.00866
1.00827
1.01218
0.996867
0.997583
0.988218
1.0038
1.00918
0.998839
1.01054
1.00029
1.00795
1.00252
1.01069
0.994658
0.990143
1.01045
1.00517
1.00621
1.00377
0.997765
0.996048
1.00235
0.994002
0.997973
1.00947
0.999045
1.00707
1.00574
0.984492
1.01681
1.00119
0.995125
1.00145
1.00279
0.97718
0.978716
0.987864
0.99779
1.01323
1.0047
0.997604
1.0073
0.990504
0.993844
1.00475
1.0104
1.00412
0.999257
0.994867
0.995843
1.00631
0.986276
0.99564
0.991203
1.00541
0.993422
0.997574
1.00301
1.00581
1.00406
1.00314
1.00944
1.00478
1.00607
1.01062
1.00711
1.00896
1.0133
1.01469
1.00462
0.998895
0.991696
0.996305
0.997968
0.992297
0.992619
1.00286
0.99394
1.00404
1.01689
0.994601
1.01697
1.00206
0.997401
1.00326
0.998787
0.990261
0.99168
0.985118
0.994271
0.978256
1.0113
0.998123
0.995703
0.993773
0.999566
0.997028
0.995836
1.01006
0.995344
0.995564
1.00141
0.995618
1.00084
0.99996
1.0015
0.991338
1.00463
0.99663
0.987996
0.997282
1.00061
0.996274
0.992039
1.01025
0.9996
1.00537
0.992844
1.00089
0.984153
1.00873
1.0009
0.997845
1.00414
1.00379
0.997873
0.990897
1.00471
1.00444
0.996322
1.00334
1.01098
1.00063
0.991145
1.00141
0.987586
0.989704
0.989737
1.01403
0.997528
1.00176
0.998942
1.00145
1.01003
0.997885
1.01139
0.994052
0.997638
0.996209
0.994662
1.00341
1.01124
0.994149
0.997511
0.993555
0.992249
0.991877
0.994218
0.994232
1.00512
1.01777
1.00706
1.00613
1.00222
0.994051
0.996583
1.00003
0.999754
0.98589
1.01156
1.01054
0.989833
0.990999
1.00524
1.00707
0.995438
0.984634
1.01502
0.987488
0.991929
1.00157
1.003
1.0037
0.999723
1.00149
0.989904
1.00175
0.98865
1.00757
1.00158
0.988437
1.00949
0.992038
1.00901
1.00803
1.00851
0.997468
0.992365
0.99822
1.01588
0.986151
0.998591
0.996127
0.999066
1.0024
1.00289
1.00334
1.00552
0.995586
0.980187
1.00505
1.00991
1.0032
1.00478
1.00783
1.00297
0.979556
1.00138
0.999318
0.995724
1.00887
0.992012
1.00853
1.002
1.0074
0.992991
1.00124
1.01056
0.996797
1.01304
1.00731
0.988665
0.994674
0.993013
1.00596
1.00859
0.991617
1.0073
0.988125
0.996077
1.01068
0.994987
1.00217
1.00769
1.00065
0.995686
1.0078
0.996058
1.0059
0.99717
1.01257
1.01024
1.00752
0.99656
1.00329
1.00617
0.995409
0.994346
1.0074
1.00884
1.00013
0.992068
0.987772
1.00511
0.9983
0.992646
0.99823
1.00821
1.00434
0.997996
0.992128
1.01635
0.996745
1.00345
0.995243
1.00362
0.998714
0.996377
0.986678
1.0027
0.992463
1.00285
1.00579
0.986904
1.01154
0.993055
0.984008
1.00864
0.995053
1.01665
1.00644
0.991958
0.982068
1.00619
0.994937
0.994636
0.994689
1.00593
0.994442
1.00345
1.01226
0.994203
1.00461
0.9971
1.00826
0.998925
1.0023
1.02097
0.990621
1.00417
0.999629
1.00146
1.00251
0.997437
0.987294
0.980965
1.00892
1.00006
1.00019
0.997495
1.001
0.993945
1.00634
1.00722
0.999131
1.00209
0.994856
0.991285
1.00252
0.994382
0.982382
0.990694
1.00088
1.01248
1.00742
0.98843
1.00875
1.00611
1.00103
1.00757
1.00447
1.00469
0.989135
0.995083
0.982193
0.998325
1.00835
0.998124
0.999617
0.994978
1.01408
0.99402
1.00134
0.995579
0.997901
0.993976
0.981302
0.99585
1.0079
0.989439
0.982814
0.992873
1.0016
1.00484
1.01323
0.978058
1.00201
1.00526
1.00266
0.999054
1.0044
0.995547
0.995358
1.00606
0.982864
0.999996
1.00626
0.995448
0.993961
0.996039
1.00613
0.991635
1.00136
1.0163
1.00133
1.00141
1.00294
0.999972
0.99317
0.989797
0.995222
1.00191
1.00795
0.999115
0.990765
0.986373
0.982485
0.994095
1.0069
0.983943
1.00795
1.00847
1.00362
0.992484
1.00088
1.00996
1.00262
0.99491
1.00608
0.999928
0.986407
0.996812
1.01843
0.99232
1.00659
0.992446
0.987015
0.998669
0.996
1.00591
1.00092
1.00259
1.01609
0.99602
0.996388
0.997582
0.988792
1.01462
0.996659
1.00637
0.993928
1.00115
0.990842
1.00879
0.992771
1.0003
0.986412
1.00427
1.00619
0.999349
1.01227
1.01473
0.998568
1.00812
0.997948
1.00611
0.997459
1.00132
1.00454
1.00231
1.00367
0.998345
0.995574
0.992643
1.01452
0.994927
0.997199
0.992807
0.99776
1.00028
0.993826
1.00816
0.99729
0.998524
1.01289
0.992602
0.993707
0.999457
0.991494
1.00661
1.00357
1.01208
0.998446
0.997397
1.00481
0.995135
0.980601
0.992888
1.00275
0.994048
0.982171
1.00816
0.999413
1.00428
1.00236
0.989272
0.999046
1.00254
1.01625
1.00607
1.00083
1.00106
0.991924
0.99883
1.01034
0.999159
0.992979
0.988977
1.00992
1.00979
0.990114
0.986821
0.996669
1.00057
0.987811
1.00008
0.988367
0.994305
0.992516
0.997904
1.00075
0.998728
1.01298
0.993461
1.00356
1.00692
1.00227
0.994429
0.996165
0.989947
0.99424
1.00788
0.993868
0.995886
1.00141
1.00039
1.00913
1.00371
1.00706
1.00857
0.994634
1.01691
0.988626
1.0055
1.00259
1.00149
1.00721
1.00624
1.01168
1.0051
0.99979
1.00782
1.00633
0.997537
0.998572
1.00059
1.00937
0.990158
0.998718
0.999591
0.993547
0.989754
1.01636
0.999014
1.00726
1.01689
1.01251
1.00195
1.00617
0.990168
0.990873
0.989693
0.982341
0.997777
0.996978
0.997887
0.990814
0.999342
0.999773
0.994815
1.0116
1.00486
1.00356
1.00707
1.00491
1.00023
0.993607
0.989233
0.997119
1.00541
1.00828
1.00147
0.996503
0.997346
1.00855
1.01314
0.987904
1.00415
0.983427
0.992435
0.995661
1.006
0.991228
0.993095
1.01396
1.00985
0.99422
0.996445
1.0076
1.00108
0.984106
1.00499
0.999713
1.00272
1.0054
1.00212
1.00346
1.00183
1.00716
1.01351
1.01328
0.993824
0.994912
0.999498
0.993487
1.01046
1.00959
1.00554
0.994865
1.00245
0.993954
1.01268
0.984917
1.00469
1.0001
1.01401
0.999854
1.00617
0.991356
1.0019
1.00681
0.997404
0.99849
1.00782
0.990914
0.995671
1.01968
1.00313
1.00508
1.01129
0.996793
0.997136
1.00324
0.999163
0.997426
1.01061
1.00737
0.986317
0.99913
0.999095
1.00824
1.0165
1.01128
1.00477
1.00886
0.994206
1.01615
0.998612
0.994823
1.00441
1.00713
1.00174
1.01204
0.998962
0.997769
0.98836
1.00291
0.99601
1.00114
0.994567
0.996925
0.987858
1.00791
0.989562
1.01427
0.989788
1.00697
1.00177
1.0205
0.991018
1.00867
1.00294
0.998425
1.00321
0.987904
1.00461
1.00372
0.990879
1.0033
0.994652
0.989871
1.01179
1.00368
0.999465
0.991246
1.00175
0.982293
1.00025
0.999626
0.998249
1.00817
1.00131
1.0003
1.0079
1.01988
0.984477
0.993512
1.0136
0.98055
1.00913
0.996975
1.00371
1.00624
0.985988
1.00179
0.991446
0.99679
1.00074
1.01561
1.00028
0.998698
1.01207
0.996616
0.998505
1.00077
1.0022
0.997897
1.00053
0.997104
0.99739
0.994906
0.995183
1.0017
1.01337
1.00432
0.998923
0.99293
0.995355
0.993455
1.00516
0.993433
1.00671
1.0056
1.00201
0.996701
1.01263
0.998406
0.989756
0.990217
0.996227
1.0008
0.990709
1.00371
1.00234
0.987064
1.00011
0.997294
1.00565
0.988761
1.01282
0.996376
0.995863
1.00951
1.01516
0.994537
1.00937
1.01286
0.998855
0.994337
1.00629
1.00063
0.994568
1.00713
0.993098
0.984232
1.00097
1.00165
1.00173
0.992826
0.99843
1.01674
1.00206
0.982116
0.996985
0.993834
1.00358
1.00182
0.994385
0.995771
0.995263
1.0024
1.00089
0.998948
1.00733
1.00783
0.994608
0.997298
1.00384
1.00296
1.00857
0.989452
0.994129
1.00062
1.00204
1.00784
1.00993
0.997448
0.981093
0.990816
1.00289
1.00749
0.99368
0.999954
0.992097
0.99728
1.00554
1.00041
0.996494
1.00484
0.994623
0.983388
1.01437
0.998519
1.00122
1.00402
1.00909
0.996911
0.99607
1.00215
0.985486
1.00374
0.996254
0.994498
1.01306
1.00268
0.995076
0.991702
1.00027
1.01016
1.01148
1.00671
0.997048
1.0003
0.993285
0.99713
0.99722
0.991788
0.985228
1.00597
0.999997
0.994601
1.00751
1.00005
0.997904
0.996891
1.00822
1.00271
0.986959
0.988612
1.00841
0.992445
0.993922
1.00428
0.993815
1.00305
0.977704
0.986222
0.994104
1.01093
0.996716
1.01133
0.995765
1.00136
0.983413
0.99531
1.00322
0.995063
1.00932
0.998422
0.995868
0.994944
1.00527
0.996682
0.99036
0.996047
1.00618
1.00357
1.00881
1.00949
1.00912
0.991521
1.00016
0.999224
0.996894
0.994574
0.992704
0.999064
1.01003
1.01285
0.999838
1.01344
1.00155
0.991891
0.990962
1.01734
1.00502
0.99499
0.991263
0.993403
0.990046
0.9986
1.00921
1.00645
0.994225
0.993458
0.993178
1.0089
0.999638
0.990291
1.00963
0.992923
0.996171
0.98556
0.994677
0.992709
1.01076
0.992553
0.993259
0.99834
1.00192
1.00958
1.00738
1.00062
0.995023
1.00534
1.01401
1.00422
0.98024
0.994945
1.00976
0.998637
1.00534
0.994446
0.993373
1.01545
1.00639
0.997778
0.976394
1.01019
1.00813
0.986623
1.00882
1.00694
0.998891
0.997836
0.99046
1.00256
0.993689
0.994462
0.990412
0.998764
1.0157
0.992225
1.00161
1.00323
0.998974
0.991835
0.986122
1.01547
1.00153
0.973883
0.992136
1.00123
1.00136
0.992586
0.997083
0.990926
1.00317
0.991076
0.999585
1.0067
1.00249
0.995669
1.00627
1.01477
0.995225
1.00614
1.00291
1.00431
0.993961
1.007
1.01368
0.99846
1.00546
0.999806
0.999775
0.990806
0.996259
1.00868
0.998488
0.992334
1.00638
0.991334
0.994982
0.996084
0.992972
0.991843
1.00247
0.990576
0.98611
1.00863
1.00528
1.00865
1.01723
1.00815
1.00828
0.997467
1.01624
0.99249
1.00983
1.00863
0.999608
0.991379
0.990576
1.00053
0.986181
1.00385
1.0004
0.99956
0.999551
1.00892
1.01358
0.995145
1.006
0.998973
0.994154
0.997273
0.987322
0.996528
1.00753
0.998117
0.991919
0.994422
0.988125
1.00043
0.993169
1.00366
1.00633
0.986696
1.01098
0.999135
0.995324
0.998304
0.993044
1.0023
0.999329
0.995018
0.987714
1.00224
1.00379
1.0018
1.00758
1.004
1.00559
0.980373
0.998485
0.994042
0.991514
0.988755
1.00841
1.00319
1.00242
1.00578
1.00874
